x y d
9.2126 9.0036 0
9.0174 9.0208 0
8.8216 9.0264 0
8.6258 9.0270 0
8.4288 9.0209 0
8.2307 9.0049 0
8.0331 8.9790 0
7.8342 8.9472 0
7.6365 8.9044 0
7.4396 8.8604 0
7.2465 8.8075 0
7.0528 8.7496 0
6.8599 8.6825 0
6.6674 8.6124 0
6.4741 8.5443 0
6.2800 8.4785 0
6.0833 8.4093 0
5.8868 8.3407 0
5.6894 8.2770 0
5.4918 8.2159 0
5.2916 8.1604 0
5.0898 8.1127 0
4.8879 8.0701 0
4.6890 8.0238 0
4.4904 7.9729 0
4.2915 7.9215 0
4.0903 7.8722 0
3.8887 7.8226 0
3.6839 7.7788 0
3.4811 7.7268 0
3.2774 7.6755 0
3.0720 7.6236 0
2.8669 7.5696 0
2.6634 7.5161 0
2.4608 7.4526 0
2.2563 7.3864 0
2.0534 7.3144 0
1.8536 7.2358 0
1.6565 7.1531 0
1.4642 7.0587 0
1.2750 6.9503 1
1.0858 6.8328 1
0.9012 6.7068 1
0.7216 6.5693 0
0.5470 6.4230 0
0.3774 6.2682 0
0.2133 6.1080 0
0.0586 5.9394 0
-0.0875 5.7646 0
-0.2259 5.5859 1
-0.3543 5.4022 1
-0.4741 5.2085 1
-0.5875 5.0067 1
-0.6897 4.7970 1
-0.7825 4.5827 1
-0.8610 4.3655 1
-0.9298 4.1426 1
-0.9846 3.9151 1
-1.0252 3.6862 1
-1.0472 3.4536 1
-1.0662 3.2208 1
-1.0744 2.9879 1
-1.0740 2.7524 1
-1.0586 2.5183 1
-1.0362 2.2822 1
-1.0041 2.0464 1
-0.9597 1.8123 1
-0.9103 1.5801 1
-0.8537 1.3495 1
-0.7898 1.1178 1
-0.7217 0.8856 1
-0.6490 0.6558 1
-0.5665 0.4301 1
-0.4810 0.2065 1
-0.3953 -0.0223 1
-0.3129 -0.2536 1
-0.2361 -0.4866 1
-0.1570 -0.7220 1
-0.0731 -0.9568 1
0.0118 -1.1925 1
0.0963 -1.4273 1
0.1775 -1.6643 1
0.2559 -1.9017 1
0.3426 -2.1380 1
0.4278 -2.3763 1
0.5171 -2.6135 1
0.6139 -2.8492 1
0.7189 -3.0814 1
0.8241 -3.3152 1
0.9350 -3.5464 1
1.0592 -3.7722 1
1.1973 -3.9893 1
1.3553 -4.1899 1
1.5301 -4.3727 1
1.7223 -4.5398 1
1.9370 -4.6775 1
2.1615 -4.7954 1
2.3988 -4.8853 1
2.6439 -4.9397 1
2.8939 -4.9595 1
3.1435 -4.9361 1
3.3840 -4.8631 1
3.6125 -4.7603 1
3.8280 -4.6300 1
4.0248 -4.4755 1
4.1862 -4.2856 1
4.3175 -4.0751 0
4.4176 -3.8487 0
4.4890 -3.6114 0
4.5330 -3.3679 0
4.5441 -3.1207 0
4.5360 -2.8758 0
4.5083 -2.6336 0
4.4672 -2.3914 0
4.4091 -2.1498 1
4.3382 -1.9110 1
4.2575 -1.6742 1
4.1639 -1.4419 1
4.0567 -1.2150 1
3.9502 -0.9865 1
3.8380 -0.7633 1
3.7265 -0.5376 1
3.6205 -0.3060 1
3.5236 -0.0687 1
3.4249 0.1678 1
3.3297 0.4071 1
3.2413 0.6505 1
3.1611 0.8974 1
3.0897 1.1493 1
3.0289 1.4010 1
2.9837 1.6545 1
2.9511 1.9066 1
2.9441 2.1620 1
2.9541 2.4159 1
2.9787 2.6718 1
3.0260 2.9288 1
3.0958 3.1803 1
3.1972 3.4234 1
3.3210 3.6581 1
3.4711 3.8765 1
3.6499 4.0740 1
3.8540 4.2476 1
4.0796 4.3913 1
4.3265 4.4949 1
4.5881 4.5588 1
4.8560 4.5866 0
5.1248 4.5699 0
5.3696 4.5010 0
5.6073 4.4076 0
5.8292 4.2860 0
6.0365 4.1381 0
6.2275 3.9677 0
6.3998 3.7763 0
6.5480 3.5654 0
6.6758 3.3436 0
6.7819 3.1107 0
6.8672 2.8700 0
6.9312 2.6212 0
6.9796 2.3707 0
7.0152 2.1224 1
7.0340 1.8709 1
7.0477 1.6204 1
7.0559 1.3709 1
7.0652 1.1234 1
7.0762 0.8777 1
7.0794 0.6318 1
7.0857 0.3847 1
7.1099 0.1387 1
7.1460 -0.1054 1
7.1858 -0.3482 1
7.2366 -0.5885 1
7.3015 -0.8260 1
7.3777 -1.0590 1
7.4658 -1.2869 1
7.5713 -1.5068 1
7.6956 -1.7199 1
7.8352 -1.9292 1
7.9920 -2.1279 1
8.1678 -2.3125 1
8.3603 -2.4846 1
8.5660 -2.6398 1
8.7885 -2.7791 1
9.0259 -2.8968 0
9.2721 -2.9991 0
9.5250 -3.0827 0
9.7828 -3.1524 0
10.0458 -3.2041 0
10.3127 -3.2364 0
10.5778 -3.2467 0
10.8438 -3.2336 0
11.1230 -3.1875 0
11.4029 -3.1456 0
11.6823 -3.0935 0
11.9580 -3.0316 0
12.2339 -2.9656 0
12.5083 -2.8903 0
12.7865 -2.8132 0
13.0680 -2.7427 0
13.3483 -2.6652 0
13.6274 -2.5817 0
13.9091 -2.4953 0
14.1908 -2.4105 0
14.4719 -2.3254 0
14.7541 -2.2432 0
15.0350 -2.1572 0
15.3138 -2.0660 0
15.5863 -1.9628 0
15.8573 -1.8460 0
16.1179 -1.7073 0
16.3531 -1.5316 0
16.5543 -1.3169 0
16.7016 -1.0654 0
16.7912 -0.7905 0
16.7942 -0.5047 0
16.7163 -0.2295 0
16.5604 0.0073 0
16.3462 0.1947 0
16.0998 0.3298 0
15.8307 0.4071 0
15.5488 0.4270 0
15.2664 0.4012 0
14.9918 0.3324 0
14.7319 0.2329 0
14.4830 0.1084 0
14.2411 -0.0293 0
14.0042 -0.1749 0
13.7667 -0.3203 0
13.5280 -0.4638 0
13.2861 -0.6011 0
13.0434 -0.7345 0
12.7973 -0.8596 0
12.5524 -0.9833 0
12.3101 -1.1083 0
12.0611 -1.2268 0
11.8073 -1.3340 0
11.5485 -1.4250 0
11.2836 -1.4925 0
11.0125 -1.5214 0
10.7429 -1.5054 0
10.4812 -1.4434 0
10.2445 -1.3181 0
10.0453 -1.1356 0
9.9083 -0.9054 0
9.8450 -0.6480 0
9.8673 -0.3868 0
9.9561 -0.1399 0
10.1083 0.0768 0
10.2971 0.2659 0
10.5203 0.4154 0
10.7661 0.5303 0
11.0200 0.6213 0
11.2779 0.7022 0
11.5355 0.7786 0
11.7894 0.8569 0
12.0382 0.9473 0
12.2778 1.0544 0
12.5023 1.1886 0
12.7121 1.3444 0
12.8999 1.5255 0
13.0639 1.7289 0
13.1933 1.9596 0
13.2909 2.2095 0
13.3631 2.4720 0
13.4037 2.7403 0
13.4162 3.0100 0
13.3941 3.2784 0
13.3503 3.5432 0
13.2861 3.8047 0
13.2089 4.0646 0
13.1226 4.3225 0
13.0213 4.5779 0
12.9133 4.8325 0
12.7994 5.0874 0
12.6833 5.3416 0
12.5615 5.5939 0
12.4385 5.8477 0
12.3153 6.1024 0
12.1937 6.3585 0
12.0727 6.6145 0
11.9456 6.8671 0
11.8097 7.1172 0
11.6636 7.3636 0
11.5031 7.6001 0
11.3290 7.8311 0
11.1435 8.0552 0
10.9415 8.2666 0
10.7199 8.4617 0
10.4729 8.6277 0
10.2101 8.7669 0
9.9342 8.8818 0
9.6457 8.9642 0
9.3500 9.0250 0
9.0510 9.0636 0
8.7523 9.0651 0
8.4555 9.0473 0
8.1608 9.0057 0
7.8701 8.9434 0
7.5808 8.8691 0
7.2924 8.7874 0
7.0073 8.6966 0
6.7235 8.6087 0
6.4396 8.5228 0
6.1577 8.4322 0
5.8748 8.3473 0
5.5914 8.2661 0
5.3074 8.1877 0
5.0229 8.1120 0
4.7352 8.0359 0
4.4451 7.9668 0
4.1570 7.8961 0
3.8716 7.8192 0
3.5848 7.7435 0
3.2946 7.6758 0
2.9993 7.6101 0
2.7045 7.5393 0
2.4134 7.4554 0
2.1263 7.3601 0
1.8487 7.2456 0
1.5796 7.1177 0
1.3158 6.9765 0
1.0585 6.8196 0
0.8089 6.6467 0
0.5685 6.4582 0
0.3401 6.2569 0
0.1253 6.0424 0
-0.0744 5.8143 0
-0.2547 5.5687 0
-0.4273 5.3135 0
-0.5856 5.0478 0
-0.7242 4.7727 0
-0.8435 4.4902 0
-0.9305 4.1978 0
-0.9924 3.8973 0
-1.0377 3.5908 0
-1.0622 3.2802 0
-1.0744 2.9700 0
-1.0663 2.6579 0
-1.0306 2.3450 0
-0.9744 2.0352 0
-0.9151 1.7276 0
-0.8476 1.4208 0
-0.7694 1.1138 0
-0.6793 0.8061 0
-0.5825 0.5008 0
-0.4785 0.1988 0
-0.3734 -0.1025 0
-0.2691 -0.4031 0
-0.1598 -0.6975 0
-0.0514 -0.9919 0
0.0608 -1.2846 0
0.1649 -1.5789 0
0.2683 -1.8725 0
0.3670 -2.1665 0
0.4724 -2.4605 0
0.5905 -2.7529 0
0.7192 -3.0397 0
0.8561 -3.3205 0
0.9997 -3.5938 0
1.1671 -3.8531 0
1.3492 -4.1005 0
1.5440 -4.3341 0
1.7691 -4.5389 0
2.0213 -4.7089 0
2.2952 -4.8367 0
2.5879 -4.9139 0
2.8886 -4.9488 0
3.1878 -4.9253 0
3.4398 -4.8713 0
3.6808 -4.8594 0
3.9025 -4.7761 0
4.0867 -4.6261 0
4.2248 -4.4313 0
4.3276 -4.2130 0
4.4035 -3.9829 0
4.4559 -3.7468 0
4.4924 -3.5083 0
4.5065 -3.2689 0
4.5019 -3.0308 0
4.4829 -2.7914 0
4.4542 -2.5526 0
4.4176 -2.3164 0
4.3675 -2.0836 0
4.3075 -1.8534 0
4.2347 -1.6270 0
4.1463 -1.4068 0
4.0510 -1.1918 0
3.9490 -0.9782 0
3.8467 -0.7620 0
3.7431 -0.5478 0
3.6404 -0.3304 0
3.5374 -0.1105 0
3.4432 0.1123 0
3.3482 0.3379 0
3.2598 0.5659 0
3.1758 0.7965 0
3.1044 1.0311 0
3.0444 1.2667 0
2.9985 1.5064 0
2.9700 1.7477 0
2.9595 1.9888 0
2.9589 2.2282 0
2.9676 2.4670 0
2.9961 2.7075 0
3.0373 2.9502 0
3.1003 3.1860 0
3.1861 3.4115 0
3.2980 3.6252 0
3.4308 3.8253 0
3.5785 4.0121 0
3.7482 4.1751 0
3.9357 4.3155 0
4.1397 4.4305 0
4.3579 4.5190 0
4.5887 4.5731 0
4.8285 4.5974 0
5.0717 4.5884 0
5.2932 4.5358 0
5.5067 4.4615 0
5.7153 4.3686 0
5.9131 4.2480 0
6.0983 4.1060 0
6.2650 3.9446 0
6.4218 3.7699 0
6.5589 3.5793 0
6.6747 3.3748 0
6.7696 3.1593 0
6.8444 2.9379 0
6.9018 2.7105 0
6.9477 2.4798 0
6.9851 2.2433 0
7.0150 2.0055 0
7.0379 1.7679 0
7.0543 1.5305 0
7.0678 1.2888 0
7.0827 1.0469 0
7.0888 0.8014 0
7.0955 0.5520 0
7.1086 0.3005 0
7.1301 0.0484 0
7.1608 -0.2053 0
7.2114 -0.4582 0
7.2732 -0.7122 0
7.3537 -0.9613 0
7.4464 -1.2047 0
7.5480 -1.4424 0
7.6642 -1.6724 0
7.8010 -1.8911 0
7.9583 -2.0947 0
8.1290 -2.2899 0
8.3167 -2.4706 0
8.5228 -2.6311 0
8.7489 -2.7669 0
8.9845 -2.8857 0
9.2273 -2.9889 0
9.4779 -3.0782 0
9.7359 -3.1433 0
9.9953 -3.1894 0
10.2552 -3.2155 0
10.5153 -3.2307 0
10.7733 -3.2325 0
11.0259 -3.2052 0
11.2781 -3.1625 0
11.5329 -3.1161 0
11.7876 -3.0622 0
12.0431 -3.0098 0
12.2951 -2.9459 0
12.5442 -2.8776 0
12.7914 -2.8130 0
13.0363 -2.7396 0
13.2816 -2.6665 0
13.5290 -2.5951 0
13.7753 -2.5264 0
14.0212 -2.4594 0
14.2654 -2.3896 0
14.5098 -2.3169 0
14.7522 -2.2434 0
14.9918 -2.1673 0
15.2295 -2.0853 0
15.4672 -2.0002 0
15.7010 -1.9078 0
15.9292 -1.8004 0
16.1484 -1.6762 0
16.3541 -1.5324 0
16.5365 -1.3557 0
16.6810 -1.1457 0
16.7769 -0.9090 0
16.8201 -0.6602 0
16.8005 -0.4071 0
16.7141 -0.1636 0
16.5673 0.0503 0
16.3717 0.2230 0
16.1386 0.3390 0
15.8871 0.4074 0
15.6287 0.4290 0
15.3664 0.4102 0
15.1050 0.3622 0
14.8529 0.2847 0
14.6139 0.1795 0
14.3809 0.0615 0
14.1522 -0.0650 0
13.9235 -0.1940 0
13.6967 -0.3307 0
13.4695 -0.4682 0
13.2433 -0.6059 0
13.0122 -0.7388 0
12.7797 -0.8688 0
12.5445 -0.9910 0
12.3064 -1.1059 0
12.0688 -1.2203 0
11.8244 -1.3236 0
11.5742 -1.4078 0
11.3177 -1.4687 0
11.0566 -1.5064 0
10.7955 -1.5072 0
10.5439 -1.4532 0
10.3118 -1.3448 0
10.1144 -1.1827 0
9.9654 -0.9765 0
9.8838 -0.7374 0
9.8758 -0.4846 0
9.9414 -0.2394 0
10.0608 -0.0142 0
10.2305 0.1786 0
10.4327 0.3381 0
10.6577 0.4672 0
10.8991 0.5706 0
11.1474 0.6583 0
11.3981 0.7317 0
11.6457 0.8083 0
11.8904 0.8952 0
12.1321 0.9910 0
12.3654 1.1064 0
12.5817 1.2508 0
12.7764 1.4202 0
12.9501 1.6046 0
13.0988 1.8068 0
13.2175 2.0298 0
13.3091 2.2665 0
13.3708 2.5140 0
13.4010 2.7671 0
13.3977 3.0203 0
13.3736 3.2720 0
13.3354 3.5217 0
13.2874 3.7718 0
13.2210 4.0196 0
13.1399 4.2652 0
13.0460 4.5078 0
12.9463 4.7485 0
12.8415 4.9846 0
12.7297 5.2173 0
12.6226 5.4534 0
12.5172 5.6924 0
12.4050 5.9313 0
12.2912 6.1713 0
12.1803 6.4132 0
12.0650 6.6554 0
11.9410 6.8929 0
11.8104 7.1278 0
11.6690 7.3594 0
11.5206 7.5846 0
11.3575 7.7991 0
11.1799 8.0021 0
10.9923 8.1947 0
10.7958 8.3755 0
10.5844 8.5405 0
10.3567 8.6822 0
10.1177 8.7987 0
9.8715 8.8913 0
9.6199 8.9633 0
9.3654 9.0204 0
9.1075 9.0536 0
8.8477 9.0613 0
8.5919 9.0486 0
8.3371 9.0190 0
8.0838 8.9822 0
7.8339 8.9305 0
7.5888 8.8636 0
7.3469 8.7915 0
7.1029 8.7180 0
6.8567 8.6408 0
6.6107 8.5640 0
6.3666 8.4847 0
6.1224 8.4095 0
5.8801 8.3361 0
5.6389 8.2699 0
5.3967 8.2024 0
5.1493 8.1450 0
4.9006 8.0856 0
4.6539 8.0231 0
4.4110 7.9575 0
4.1678 7.8954 0
3.9185 7.8369 0
3.6668 7.7760 0
3.4118 7.7173 0
3.1586 7.6562 0
2.9079 7.5931 0
2.6585 7.5236 0
2.4125 7.4554 0
2.1714 7.3698 0
1.9342 7.2730 0
1.7007 7.1687 0
1.4716 7.0570 0
1.2479 6.9292 0
1.0301 6.7895 0
0.8164 6.6423 0
0.6115 6.4852 0
0.4153 6.3175 0
0.2287 6.1354 0
0.0490 5.9463 0
-0.1203 5.7446 0
-0.2857 5.5371 0
-0.4344 5.3193 0
-0.5685 5.0919 0
-0.6853 4.8532 0
-0.7851 4.6067 0
-0.8715 4.3516 0
-0.9412 4.0882 0
-0.9962 3.8170 0
-1.0347 3.5416 0
-1.0620 3.2652 0
-1.0735 2.9866 0
-1.0653 2.7069 0
-1.0471 2.4235 0
-1.0185 2.1402 0
-0.9720 1.8589 0
-0.9062 1.5794 0
-0.8292 1.3019 0
-0.7495 1.0238 0
-0.6602 0.7467 0
-0.5731 0.4689 0
-0.4773 0.1930 0
-0.3810 -0.0819 0
-0.2806 -0.3533 0
-0.1798 -0.6240 0
-0.0864 -0.8978 0
0.0059 -1.1723 0
0.0992 -1.4455 0
0.1939 -1.7166 0
0.2935 -1.9851 0
0.3906 -2.2534 0
0.4887 -2.5215 0
0.5924 -2.7863 0
0.7043 -3.0451 0
0.8234 -3.2963 0
0.9603 -3.5412 0
1.1100 -3.7818 0
1.2775 -4.0095 0
1.4625 -4.2238 0
1.6625 -4.4211 0
1.8822 -4.5936 0
2.1205 -4.7367 0
2.3751 -4.8461 0
2.6452 -4.9136 0
2.9253 -4.9396 0
3.2035 -4.9128 0
3.4601 -4.8226 0
3.7009 -4.7012 0
3.9171 -4.5389 0
4.1058 -4.3451 0
4.2606 -4.1229 0
4.3836 -3.8805 0
4.4648 -3.6233 0
4.5135 -3.3578 0
4.5347 -3.0879 0
4.5322 -2.8171 0
4.4946 -2.5513 0
4.4355 -2.2891 0
4.3590 -2.0289 0
4.2712 -1.7739 0
4.1770 -1.5243 0
4.0726 -1.2760 0
3.9578 -1.0282 0
3.8408 -0.7801 0
3.7228 -0.5356 0
3.6073 -0.2866 0
3.5025 -0.0314 0
3.3991 0.2220 0
3.3000 0.4762 0
3.2066 0.7345 0
3.1339 1.0017 0
3.0741 1.2714 0
3.0233 1.5431 0
2.9814 1.8142 0
2.9561 2.0874 0
2.9528 2.3603 0
2.9745 2.6316 0
3.0213 2.8991 0
3.0941 3.1593 0
3.1955 3.4115 0
3.3222 3.6547 0
3.4790 3.8782 0
3.6575 4.0834 0
3.8646 4.2579 0
4.0953 4.4001 0
4.3471 4.5062 0
4.6108 4.5733 0
4.8828 4.5978 0
5.1539 4.5793 0
5.3838 4.4979 0
5.6095 4.4064 0
5.8267 4.2924 0
6.0332 4.1548 0
6.2185 3.9877 0
6.3827 3.7991 0
6.5293 3.5956 0
6.6589 3.3820 0
6.7659 3.1576 0
6.8553 2.9276 0
6.9208 2.6928 0
6.9678 2.4535 0
7.0017 2.2113 0
7.0264 1.9677 0
7.0437 1.7229 0
7.0533 1.4756 0
7.0587 1.2273 0
7.0601 0.9791 0
7.0672 0.7294 0
7.0811 0.4801 0
7.1000 0.2321 0
7.1265 -0.0163 0
7.1687 -0.2639 0
7.2215 -0.5098 0
7.2871 -0.7519 0
7.3685 -0.9889 0
7.4538 -1.2217 0
7.5494 -1.4506 0
7.6593 -1.6703 0
7.7853 -1.8786 0
7.9326 -2.0759 0
8.0983 -2.2597 0
8.2787 -2.4321 0
8.4772 -2.5877 0
8.6892 -2.7268 0
8.9123 -2.8495 0
9.1450 -2.9568 0
9.3849 -3.0458 0
9.6292 -3.1261 0
9.8821 -3.1819 0
10.1393 -3.2193 0
10.3990 -3.2360 0
10.6587 -3.2368 0
10.9180 -3.2125 0
11.1792 -3.1844 0
11.4425 -3.1433 0
11.7051 -3.0929 0
11.9666 -3.0391 0
12.2270 -2.9795 0
12.4855 -2.9128 0
12.7431 -2.8382 0
13.0023 -2.7600 0
13.2619 -2.6780 0
13.5234 -2.5994 0
13.7869 -2.5256 0
14.0512 -2.4495 0
14.3161 -2.3733 0
14.5800 -2.2946 0
14.8420 -2.2097 0
15.1028 -2.1256 0
15.3653 -2.0406 0
15.6233 -1.9507 0
15.8706 -1.8418 0
16.1090 -1.7091 0
16.3320 -1.5500 0
16.5318 -1.3612 0
16.6867 -1.1380 0
16.7858 -0.8876 0
16.8193 -0.6206 0
16.7819 -0.3543 0
16.6714 -0.1114 0
16.4991 0.0919 0
16.2810 0.2482 0
16.0351 0.3588 0
15.7716 0.4103 0
15.5041 0.4132 0
15.2392 0.3775 0
14.9812 0.3116 0
14.7330 0.2206 0
14.4940 0.1110 0
14.2634 -0.0160 0
14.0349 -0.1443 0
13.8100 -0.2751 0
13.5840 -0.4072 0
13.3579 -0.5360 0
13.1302 -0.6645 0
12.8961 -0.7860 0
12.6610 -0.9030 0
12.4292 -1.0200 0
12.1959 -1.1364 0
11.9596 -1.2451 0
11.7202 -1.3426 0
11.4760 -1.4224 0
11.2261 -1.4775 0
10.9699 -1.5034 0
10.7118 -1.4929 0
10.4644 -1.4290 0
10.2448 -1.3070 0
10.0656 -1.1321 0
9.9394 -0.9149 0
9.8737 -0.6723 0
9.8780 -0.4225 0
9.9491 -0.1837 0
10.0815 0.0249 0
10.2459 0.2087 0
10.4388 0.3606 0
10.6504 0.4863 0
10.8764 0.5866 0
11.1122 0.6655 0
11.3531 0.7354 0
11.5955 0.8019 0
11.8368 0.8792 0
12.0750 0.9692 0
12.3023 1.0827 0
12.5166 1.2175 0
12.7177 1.3711 0
12.8983 1.5476 0
13.0568 1.7396 0
13.1874 1.9482 0
13.2903 2.1712 0
13.3579 2.4070 0
13.3981 2.6510 0
13.4083 2.8991 0
13.3974 3.1468 0
13.3710 3.3945 0
13.3256 3.6390 0
13.2618 3.8788 0
13.1865 4.1201 0
13.1012 4.3621 0
13.0096 4.6036 0
12.9123 4.8431 0
12.8121 5.0801 0
12.7030 5.3115 0
12.5882 5.5424 0
12.4733 5.7766 0
12.3611 6.0150 0
12.2476 6.2550 0
12.1334 6.4969 0
12.0111 6.7343 0
11.8879 6.9728 0
11.7546 7.2034 0
11.6133 7.4313 0
11.4628 7.6549 0
11.3046 7.8764 0
11.1328 8.0894 0
10.9379 8.2850 0
10.7279 8.4683 0
10.4994 8.6309 0
10.2578 8.7712 0
10.0055 8.8854 0
9.7422 8.9682 0
9.4703 9.0201 0
9.1912 9.0492 0
8.9097 9.0602 0
8.6287 9.0549 0
8.3476 9.0269 0
8.0701 8.9776 0
7.7930 8.9158 0
7.5172 8.8461 0
7.2425 8.7662 0
6.9673 8.6818 0
6.6877 8.5993 0
6.4089 8.5138 0
6.1326 8.4259 0
5.8548 8.3389 0
5.5731 8.2539 0
5.2894 8.1739 0
5.0049 8.0950 0
4.7224 8.0153 0
4.4376 7.9457 0
4.1500 7.8807 0
3.8623 7.8146 0
3.5718 7.7562 0
3.2785 7.6962 0
2.9851 7.6224 0
2.6924 7.5377 0
2.4033 7.4391 0
2.1148 7.3382 0
1.8298 7.2256 0
1.5505 7.0965 0
1.2760 6.9528 0
1.0119 6.7907 0
0.7592 6.6104 0
0.5222 6.4088 0
0.2951 6.1953 0
0.0762 5.9729 0
-0.1316 5.7366 0
-0.3235 5.4842 0
-0.4953 5.2168 0
-0.6436 4.9357 0
-0.7738 4.6439 0
-0.8731 4.3358 0
-0.9565 4.0205 0
-1.0146 3.6996 0
-1.0507 3.3726 0
-1.0716 3.0445 0
-1.0717 2.7141 0
-1.0359 2.3855 0
-0.9790 2.0630 0
-0.9164 1.7431 0
-0.8409 1.4257 0
-0.7556 1.1112 0
-0.6609 0.8015 0
-0.5640 0.4933 0
-0.4655 0.1851 0
-0.3593 -0.1238 0
-0.2485 -0.4323 0
-0.1390 -0.7462 0
-0.0330 -1.0604 0
0.0730 -1.3713 0
0.1864 -1.6777 0
0.2979 -1.9847 0
0.4021 -2.2945 0
0.5164 -2.6026 0
0.6383 -2.9035 0
0.7711 -3.1965 0
0.9226 -3.4782 0
1.0907 -3.7495 0
1.2752 -4.0100 0
1.4792 -4.2549 0
1.7116 -4.4732 0
1.9682 -4.6598 0
2.2447 -4.8092 0
2.5465 -4.9000 0
2.8604 -4.9343 0
3.1715 -4.9104 0
3.4532 -4.8310 0
3.7191 -4.7120 0
3.9531 -4.5414 0
4.1457 -4.3244 0
4.3065 -4.0819 0
4.4240 -3.8191 0
4.4973 -3.5397 0
4.5322 -3.2548 0
4.5299 -2.9695 0
4.5032 -2.6884 0
4.4559 -2.4103 0
4.3941 -2.1342 0
4.3160 -1.8610 0
4.2188 -1.5922 0
4.1055 -1.3295 0
3.9898 -1.0697 0
3.8766 -0.8085 0
3.7581 -0.5478 0
3.6373 -0.2889 0
3.5151 -0.0305 0
3.3979 0.2307 0
3.2925 0.4997 0
3.1966 0.7734 0
3.1133 1.0517 0
3.0518 1.3368 0
3.0101 1.6263 0
2.9775 1.9176 0
2.9663 2.2119 0
2.9770 2.5068 0
3.0197 2.7994 0
3.0865 3.0844 0
3.1838 3.3601 0
3.3127 3.6213 0
3.4680 3.8644 0
3.6603 4.0789 0
3.8839 4.2635 0
4.1340 4.4122 0
4.4016 4.5259 0
4.6842 4.5859 0
4.9715 4.5929 0
5.2397 4.5466 1
5.4649 4.4456 1
5.6863 4.3341 1
5.8966 4.2060 1
6.0943 4.0617 1
6.2782 3.8979 1
6.4473 3.7165 1
6.5986 3.5175 0
6.7227 3.3012 0
6.8239 3.0737 0
6.9016 2.8380 0
6.9630 2.5975 0
7.0043 2.3514 0
7.0365 2.1071 0
7.0592 1.8643 0
7.0672 1.6186 0
7.0733 1.3714 0
7.0833 1.1244 0
7.0932 0.8762 0
7.1026 0.6274 0
7.1109 0.3765 0
7.1260 0.1240 0
7.1472 -0.1254 0
7.1855 -0.3725 0
7.2386 -0.6183 0
7.3034 -0.8610 0
7.3835 -1.0998 0
7.4798 -1.3346 0
7.5914 -1.5641 0
7.7254 -1.7823 0
7.8747 -1.9933 0
8.0415 -2.1913 0
8.2215 -2.3780 0
8.4215 -2.5438 1
8.6341 -2.6967 1
8.8618 -2.8291 1
9.0956 -2.9507 1
9.3401 -3.0469 1
9.5935 -3.1225 1
9.8507 -3.1836 1
10.1120 -3.2221 1
10.3772 -3.2435 1
10.6444 -3.2495 1
10.9004 -3.2245 1
11.1346 -3.1471 1
11.3771 -3.0911 1
11.6227 -3.0477 1
11.8677 -3.0019 1
12.1130 -2.9564 1
12.3594 -2.9061 1
12.6071 -2.8512 1
12.8552 -2.7927 1
13.1049 -2.7244 1
13.3564 -2.6515 1
13.6075 -2.5736 1
13.8587 -2.4996 0
14.1072 -2.4264 0
14.3541 -2.3484 0
14.6013 -2.2738 0
14.8467 -2.1961 0
15.0881 -2.1151 0
15.3255 -2.0332 0
15.5621 -1.9441 0
15.7977 -1.8511 0
16.0266 -1.7431 0
16.2385 -1.6051 0
16.4316 -1.4416 0
16.5943 -1.2498 0
16.7189 -1.0340 0
16.7933 -0.7969 0
16.8127 -0.5513 0
16.7696 -0.3127 0
16.6752 -0.0898 0
16.5241 0.0977 0
16.3378 0.2498 0
16.1209 0.3559 0
15.8846 0.4206 0
15.6401 0.4408 0
15.3927 0.4303 0
15.1496 0.3839 0
14.9123 0.3105 0
14.6797 0.2171 0
14.4555 0.1018 0
14.2351 -0.0181 0
14.0195 -0.1499 0
13.8048 -0.2821 0
13.5897 -0.4137 0
13.3694 -0.5379 0
13.1477 -0.6594 0
12.9219 -0.7776 0
12.6960 -0.8940 0
12.4719 -1.0135 0
12.2443 -1.1220 0
12.0127 -1.2202 0
11.7761 -1.3106 0
11.5344 -1.3857 0
11.2886 -1.4425 0
11.0376 -1.4772 0
10.7882 -1.4721 0
10.5447 -1.4253 0
10.3195 -1.3272 1
10.1351 -1.1707 1
9.9967 -0.9738 1
9.9220 -0.7504 1
9.9092 -0.5168 1
9.9567 -0.2918 1
10.0580 -0.0869 1
10.2010 0.0875 1
10.3632 0.2404 1
10.5486 0.3618 1
10.7472 0.4565 1
10.9553 0.5280 1
11.1704 0.5840 1
11.3888 0.6400 1
11.6083 0.6947 1
11.8282 0.7588 1
12.0457 0.8306 1
12.2567 0.9205 1
12.4584 1.0299 1
12.6474 1.1571 1
12.8253 1.2992 1
12.9891 1.4584 1
13.1280 1.6413 1
13.2482 1.8383 1
13.3529 2.0440 1
13.4289 2.2588 1
13.4823 2.4796 1
13.5112 2.7068 1
13.5151 2.9353 1
13.4964 3.1638 0
13.4559 3.3894 0
13.3950 3.6119 0
13.3255 3.8323 0
13.2467 4.0500 0
13.1601 4.2665 0
13.0679 4.4820 0
12.9727 4.6964 0
12.8770 4.9098 0
12.7827 5.1229 0
12.6836 5.3340 0
12.5839 5.5438 0
12.4881 5.7565 0
12.3956 5.9690 0
12.2957 6.1789 0
12.1956 6.3898 0
12.0910 6.5989 0
11.9827 6.8055 0
11.8749 7.0175 0
11.7660 7.2313 1
11.6485 7.4409 1
11.5131 7.6389 1
11.3646 7.8285 1
11.2036 8.0083 1
11.0313 8.1794 1
10.8468 8.3423 1
10.6504 8.4922 1
10.4419 8.6253 1
10.2218 8.7419 1
9.9886 8.8414 1
9.7472 8.9200 1
9.4978 8.9829 1
9.2433 9.0313 1
8.9847 9.0540 1
8.7261 9.0533 1
8.4680 9.0370 1
8.2112 9.0101 1
7.9542 8.9766 1
7.6969 8.9293 1
7.4407 8.8655 1
7.1850 8.7875 1
6.9310 8.7014 1
6.6778 8.6116 1
6.4242 8.5188 1
6.1679 8.4254 1
5.9071 8.3342 1
5.6429 8.2525 1
5.3716 8.1748 1
5.0943 8.1084 1
4.8169 8.0336 1
4.5388 7.9642 1
4.2579 7.9021 1
3.9754 7.8391 1
3.6959 7.7747 1
3.4164 7.7135 1
3.1396 7.6468 1
2.8619 7.5778 1
2.5851 7.5007 1
2.3081 7.4128 1
2.0345 7.3132 1
1.7672 7.1932 1
1.5057 7.0620 1
1.2485 6.9163 1
0.9939 6.7607 1
0.7454 6.5906 1
0.5069 6.4004 1
0.2876 6.1853 1
0.0778 5.9561 1
-0.1287 5.7216 1
-0.3204 5.4781 1
-0.4947 5.2251 1
-0.6464 4.9574 1
-0.7699 4.6740 0
-0.8646 4.3800 0
-0.9491 4.0833 0
-1.0168 3.7830 0
-1.0607 3.4781 0
-1.0772 3.1720 0
-1.0706 2.8656 0
-1.0526 2.5594 0
-1.0176 2.2554 0
-0.9682 1.9503 0
-0.9103 1.6447 0
-0.8416 1.3403 0
-0.7598 1.0396 0
-0.6682 0.7437 0
-0.5683 0.4510 0
-0.4662 0.1580 0
-0.3573 -0.1326 0
-0.2552 -0.4250 0
-0.1528 -0.7163 0
-0.0534 -1.0088 0
0.0489 -1.3029 0
0.1469 -1.5982 0
0.2465 -1.8936 0
0.3499 -2.1871 0
0.4567 -2.4781 1
0.5686 -2.7670 1
0.6954 -3.0509 1
0.8366 -3.3282 1
0.9900 -3.5988 1
1.1560 -3.8608 1
1.3431 -4.1073 1
1.5499 -4.3383 1
1.7837 -4.5389 1
2.0384 -4.7046 1
2.3120 -4.8321 1
