x y d
0.3441 -2.1255 1
0.3892 -2.3015 1
0.4186 -2.4528 1
0.4621 -2.6002 1
0.5134 -2.7465 1
0.5696 -2.8920 0
0.6301 -3.0368 0
0.6971 -3.1786 0
0.7675 -3.3190 0
0.8444 -3.4548 0
0.9253 -3.5871 0
1.0096 -3.7145 0
1.0984 -3.8384 0
1.1913 -3.9587 0
1.2898 -4.0746 0
1.3934 -4.1879 0
1.5035 -4.2999 0
1.6236 -4.4069 0
1.7505 -4.5094 0
1.8841 -4.6040 0
2.0207 -4.6900 0
2.1597 -4.7659 0
2.3002 -4.8336 0
2.4454 -4.8897 0
2.5915 -4.9363 0
2.7388 -4.9704 0
2.8898 -4.9896 0
3.0449 -4.9919 0
3.1996 -4.9791 0
3.3190 -4.9413 0
3.4195 -4.8958 0
3.5220 -4.8366 0
3.6208 -4.7664 0
3.7163 -4.6898 0
3.8106 -4.6070 1
3.9063 -4.5193 1
4.0001 -4.4252 1
4.0912 -4.3305 1
4.1769 -4.2311 1
4.2591 -4.1277 1
4.3370 -4.0190 1
4.4066 -3.9051 1
4.4701 -3.7869 1
4.5262 -3.6659 1
4.5747 -3.5415 1
4.6166 -3.4175 1
4.6524 -3.2931 1
4.6763 -3.1688 1
4.6931 -3.0437 1
4.7009 -2.9194 1
4.7002 -2.7958 1
4.6918 -2.6681 1
4.6746 -2.5372 1
4.6510 -2.4063 0
4.6180 -2.2763 0
4.5772 -2.1498 0
4.5317 -2.0285 0
4.4806 -1.9085 0
4.4248 -1.7867 0
4.3636 -1.6643 0
4.2959 -1.5415 0
4.2239 -1.4154 0
4.1491 -1.2869 0
4.0733 -1.1579 0
3.9947 -1.0276 0
3.9178 -0.8949 0
3.8427 -0.7613 0
3.7681 -0.6286 0
3.6980 -0.4964 0
3.6314 -0.3637 0
3.5633 -0.2291 0
3.4973 -0.0926 0
3.4340 0.0473 0
3.3738 0.1878 0
3.3162 0.3282 0
3.2607 0.4699 0
3.2100 0.6147 0
3.1594 0.7640 0
3.1114 0.9164 0
3.0717 1.0687 0
3.0366 1.2218 0
3.0085 1.3758 0
2.9826 1.5313 0
2.9621 1.6872 0
2.9488 1.8439 0
2.9430 2.0014 0
2.9444 2.1609 0
2.9491 2.3194 0
2.9593 2.4768 0
2.9744 2.6341 0
2.9967 2.7897 0
3.0254 2.9465 0
3.0598 3.1006 0
3.1084 3.2535 0
3.1675 3.4058 0
3.2378 3.5560 0
3.3189 3.7050 0
3.4154 3.8461 0
3.5238 3.9791 0
3.6417 4.1029 0
3.7686 4.2144 0
3.9093 4.3168 0
4.0613 4.4094 0
4.2215 4.4870 0
4.3878 4.5469 0
4.5564 4.5900 0
4.7267 4.6194 0
4.8993 4.6352 1
5.0710 4.6288 1
5.2241 4.6009 1
5.3306 4.5639 0
5.4341 4.5178 0
5.5379 4.4639 0
5.6414 4.4038 0
5.7443 4.3384 0
5.8448 4.2692 0
5.9448 4.1986 0
6.0431 4.1273 0
6.1379 4.0541 0
6.2305 3.9759 0
6.3202 3.8967 0
6.4073 3.8154 0
6.4943 3.7291 0
6.5779 3.6332 0
6.6574 3.5294 0
6.7319 3.4198 0
6.8011 3.3043 0
6.8658 3.1852 0
6.9237 3.0604 0
6.9729 2.9317 0
7.0148 2.8007 0
7.0515 2.6670 0
7.0797 2.5276 0
7.1036 2.3854 0
7.1211 2.2421 0
7.1302 2.0963 0
7.1358 1.9471 0
7.1361 1.7957 0
7.1302 1.6467 0
7.1249 1.4994 0
7.1171 1.3507 0
7.1088 1.2000 0
7.1026 1.0493 0
7.0957 0.8974 0
7.0913 0.7447 0
7.0912 0.5901 0
7.0944 0.4324 0
7.1027 0.2744 0
7.1110 0.1152 0
7.1230 -0.0461 0
7.1379 -0.2073 0
7.1579 -0.3686 0
7.1862 -0.5279 0
7.2202 -0.6881 0
7.2604 -0.8479 0
7.3093 -1.0054 0
7.3636 -1.1587 0
7.4234 -1.3077 0
7.4895 -1.4554 0
7.5644 -1.6011 0
7.6473 -1.7424 0
7.7387 -1.8813 0
7.8378 -2.0188 0
7.9453 -2.1525 0
8.0589 -2.2798 0
8.1799 -2.4019 0
8.3083 -2.5193 0
8.4450 -2.6292 0
8.5905 -2.7290 0
8.7409 -2.8196 0
8.8986 -2.9033 0
9.0618 -2.9778 0
9.2308 -3.0427 0
9.4056 -3.0955 0
9.5813 -3.1436 0
9.7602 -3.1822 0
9.9433 -3.2131 0
10.1311 -3.2359 0
10.3206 -3.2481 0
10.5099 -3.2548 0
10.7000 -3.2535 0
10.8920 -3.2435 0
11.0844 -3.2247 0
11.2763 -3.1999 0
11.4663 -3.1643 0
11.6553 -3.1262 0
11.8458 -3.0856 0
12.0380 -3.0447 0
12.2320 -2.9930 0
12.4270 -2.9400 0
12.6211 -2.8873 0
12.8149 -2.8313 0
13.0096 -2.7689 0
13.2057 -2.7080 0
13.4021 -2.6446 0
13.5978 -2.5803 0
13.7943 -2.5162 0
13.9945 -2.4565 0
14.1956 -2.3967 0
14.3979 -2.3362 0
14.6017 -2.2773 0
14.8057 -2.2124 0
15.0117 -2.1450 0
15.2177 -2.0710 0
15.4225 -1.9895 0
15.6242 -1.8994 0
15.8230 -1.8012 0
16.0123 -1.6896 0
16.1883 -1.5605 0
16.3512 -1.4167 0
16.4948 -1.2527 0
16.6131 -1.0717 0
16.7018 -0.8753 0
16.7499 -0.6667 0
16.7598 -0.4547 0
16.7284 -0.2480 0
16.6516 -0.0534 0
16.5356 0.1199 0
16.3860 0.2671 0
16.2087 0.3786 0
16.0114 0.4600 0
15.8014 0.5039 0
15.5862 0.5212 0
15.3723 0.5090 0
15.1618 0.4724 0
14.9577 0.4117 0
14.7590 0.3345 0
14.5653 0.2462 0
14.3769 0.1471 0
14.1930 0.0410 0
14.0107 -0.0696 0
13.8287 -0.1875 0
13.6465 -0.3079 0
13.4618 -0.4240 0
13.2768 -0.5339 0
13.0887 -0.6445 0
12.8977 -0.7529 0
12.7037 -0.8577 0
12.5045 -0.9605 0
12.3014 -1.0609 0
12.0956 -1.1565 0
11.8841 -1.2416 0
11.6649 -1.3147 0
11.4387 -1.3715 0
11.2086 -1.4060 0
10.9750 -1.4185 0
10.7427 -1.4022 0
10.5159 -1.3525 0
10.3057 -1.2586 0
10.1244 -1.1198 0
9.9767 -0.9459 0
9.8765 -0.7410 0
9.8296 -0.5177 0
9.8409 -0.2891 0
9.9054 -0.0695 0
10.0152 0.1317 0
10.1683 0.3038 0
10.3482 0.4507 0
10.5484 0.5687 0
10.7613 0.6656 0
10.9818 0.7466 0
11.2087 0.8206 0
11.4393 0.8902 0
11.6709 0.9578 0
11.8984 1.0340 0
12.1223 1.1266 0
12.3386 1.2352 0
12.5467 1.3609 0
12.7416 1.5045 0
12.9173 1.6680 0
13.0758 1.8493 0
13.2069 2.0505 0
13.3152 2.2634 0
13.3944 2.4876 0
13.4442 2.7193 0
13.4691 2.9521 0
13.4676 3.1856 0
13.4451 3.4172 0
13.4049 3.6484 0
13.3495 3.8780 0
13.2727 4.1012 0
13.1880 4.3231 0
13.0948 4.5441 0
12.9958 4.7634 0
12.8925 4.9787 0
12.7852 5.1910 0
12.6762 5.4021 0
12.5705 5.6151 0
12.4659 5.8272 0
12.3606 6.0370 0
12.2525 6.2453 0
12.1453 6.4542 0
12.0373 6.6599 0
11.9238 6.8627 0
11.8099 7.0642 0
11.6899 7.2627 0
11.5647 7.4550 0
11.4324 7.6414 0
11.2904 7.8231 0
11.1379 7.9955 0
10.9789 8.1577 0
10.8160 8.3128 0
10.6443 8.4623 0
10.4634 8.6014 0
10.2710 8.7245 0
10.0683 8.8286 0
9.8554 8.9147 0
9.6344 8.9838 0
9.4091 9.0346 0
9.1783 9.0678 0
8.9434 9.0873 0
8.7073 9.0958 0
8.4704 9.0825 0
8.2356 9.0541 0
8.0007 9.0151 0
7.7666 8.9654 0
7.5353 8.9041 0
7.3052 8.8375 0
7.0759 8.7630 0
6.8469 8.6826 0
6.6180 8.6003 0
6.3871 8.5214 0
6.1554 8.4400 0
5.9232 8.3636 0
5.6915 8.2923 0
5.4622 8.2230 0
5.2351 8.1570 0
5.0097 8.0901 0
4.7813 8.0245 0
4.5529 7.9588 0
4.3245 7.8974 0
4.0977 7.8375 0
3.8688 7.7835 0
3.6382 7.7306 0
3.4077 7.6764 0
3.1800 7.6243 0
2.9529 7.5666 0
2.7259 7.5065 0
2.5040 7.4374 0
2.2841 7.3615 0
2.0651 7.2798 0
1.8490 7.1913 0
1.6375 7.0932 0
1.4270 6.9895 0
1.2209 6.8744 0
1.0236 6.7451 0
0.8278 6.6089 0
0.6377 6.4611 0
0.4543 6.3052 0
0.2789 6.1413 0
0.1123 5.9674 0
-0.0489 5.7866 0
-0.2028 5.5994 0
-0.3459 5.4051 0
-0.4802 5.2033 0
-0.6068 4.9929 1
-0.7153 4.7732 1
-0.8112 4.5488 1
-0.8932 4.3184 1
-0.9597 4.0799 1
-1.0111 3.8356 1
-1.0511 3.5865 1
-1.0754 3.3355 1
-1.0835 3.0817 1
-1.0828 2.8276 1
-1.0687 2.5754 1
-1.0447 2.3230 1
-1.0081 2.0703 1
-0.9653 1.8169 1
-0.9074 1.5656 1
-0.8407 1.3159 1
-0.7716 1.0653 1
-0.6934 0.8138 1
-0.6127 0.5629 1
-0.5319 0.3113 1
-0.4431 0.0607 1
-0.3525 -0.1900 1
-0.2650 -0.4426 1
-0.1693 -0.6935 1
-0.0755 -0.9464 1
0.0143 -1.2006 1
0.1020 -1.4557 1
0.1901 -1.7110 1
0.2792 -1.9657 1
0.3747 -2.2183 1
0.4763 -2.4711 1
0.5854 -2.7235 0
0.7003 -2.9762 0
0.8292 -3.2232 0
0.9690 -3.4619 0
1.1157 -3.6947 0
1.2763 -3.9184 0
1.4544 -4.1291 1
1.6501 -4.3242 1
1.8643 -4.4995 1
2.0966 -4.6465 1
2.3414 -4.7617 1
2.5973 -4.8452 1
2.8599 -4.8948 1
3.1240 -4.8942 1
3.3836 -4.8549 1
3.6298 -4.7675 1
3.8549 -4.6355 1
4.0532 -4.4666 1
4.2235 -4.2701 1
4.3657 -4.0513 1
4.4791 -3.8131 1
4.5573 -3.5601 1
4.6030 -3.2946 1
4.6214 -3.0204 1
4.6052 -2.7493 1
4.5635 -2.4839 1
4.4988 -2.2223 1
4.4135 -1.9635 1
4.3164 -1.7066 1
4.2028 -1.4538 1
4.0840 -1.2003 0
3.9669 -0.9438 1
3.8461 -0.6869 0
3.7252 -0.4311 0
3.6099 -0.1735 0
3.5014 0.0854 0
3.4001 0.3495 0
3.3102 0.6171 0
3.2297 0.8895 0
3.1538 1.1649 0
3.0922 1.4448 0
3.0459 1.7296 0
3.0222 2.0153 0
3.0190 2.2988 0
3.0389 2.5825 0
3.0877 2.8596 0
3.1609 3.1289 0
3.2587 3.3880 0
3.3863 3.6340 0
3.5425 3.8604 0
3.7224 4.0651 0
3.9257 4.2424 0
4.1544 4.3817 0
4.3994 4.4886 0
4.6572 4.5541 0
4.9213 4.5744 0
5.1834 4.5530 0
5.4188 4.4783 0
5.6510 4.3838 0
5.8704 4.2646 0
6.0751 4.1212 0
6.2643 3.9548 0
6.4317 3.7667 0
6.5808 3.5645 0
6.7065 3.3517 0
6.8120 3.1293 0
6.8996 2.8974 0
6.9658 2.6591 1
7.0205 2.4209 0
7.0590 2.1794 1
7.0860 1.9312 1
7.1003 1.6800 1
7.1059 1.4301 1
7.1150 1.1826 1
7.1232 0.9352 1
7.1375 0.6874 1
7.1526 0.4392 1
7.1780 0.1920 1
7.2065 -0.0545 1
7.2420 -0.3002 1
7.2841 -0.5443 1
7.3411 -0.7833 1
7.4141 -1.0139 1
7.5014 -1.2410 1
7.5986 -1.4613 1
7.7110 -1.6749 1
7.8426 -1.8822 1
7.9896 -2.0818 1
8.1512 -2.2706 1
8.3298 -2.4417 1
8.5223 -2.5927 1
8.7263 -2.7322 1
8.9380 -2.8585 1
9.1580 -2.9634 1
9.3863 -3.0496 1
9.6228 -3.1224 1
9.8620 -3.1840 0
10.1032 -3.2275 0
10.3481 -3.2525 0
10.5979 -3.2599 0
10.8508 -3.2522 0
11.1066 -3.2405 0
11.3605 -3.2054 0
11.6128 -3.1595 0
11.8639 -3.1020 0
12.1167 -3.0399 0
12.3700 -2.9732 0
12.6217 -2.8959 0
12.8755 -2.8131 0
13.1328 -2.7313 0
13.3905 -2.6473 0
13.6495 -2.5630 0
13.9104 -2.4827 0
14.1711 -2.3971 0
14.4315 -2.3126 0
14.6905 -2.2233 0
14.9487 -2.1366 0
15.2063 -2.0463 0
15.4611 -1.9505 0
15.7075 -1.8380 0
15.9428 -1.7075 0
16.1647 -1.5556 0
16.3664 -1.3801 0
16.5400 -1.1758 0
16.6682 -0.9437 0
16.7435 -0.6907 0
16.7497 -0.4314 0
16.6921 -0.1782 0
16.5771 0.0568 0
16.4036 0.2555 0
16.1870 0.4056 0
15.9401 0.4964 0
15.6777 0.5364 0
15.4108 0.5279 0
15.1471 0.4833 0
14.8927 0.4092 0
14.6479 0.3122 0
14.4089 0.2035 0
14.1769 0.0821 0
13.9489 -0.0490 0
13.7307 -0.1925 0
13.5116 -0.3343 0
13.2900 -0.4743 0
13.0657 -0.6119 0
12.8368 -0.7406 0
12.6030 -0.8659 0
12.3668 -0.9881 0
12.1270 -1.1035 0
11.8811 -1.2069 0
11.6302 -1.2949 0
11.3728 -1.3626 0
11.1114 -1.4088 0
10.8478 -1.4128 0
10.5869 -1.3737 0
10.3434 -1.2804 0
10.1290 -1.1342 0
9.9667 -0.9348 0
9.8675 -0.6988 0
9.8332 -0.4459 0
9.8645 -0.1955 0
9.9598 0.0380 0
10.1007 0.2465 0
10.2806 0.4272 0
10.4943 0.5694 0
10.7279 0.6797 0
10.9712 0.7710 0
11.2201 0.8520 0
11.4707 0.9268 0
11.7206 0.9998 0
11.9705 1.0806 0
12.2157 1.1768 0
12.4492 1.2971 0
12.6732 1.4373 0
12.8762 1.6045 0
13.0537 1.7993 0
13.2053 2.0132 0
13.3205 2.2479 0
13.4065 2.4954 0
13.4613 2.7509 0
13.4878 3.0113 0
13.4837 3.2725 0
13.4568 3.5336 0
13.4027 3.7923 0
13.3249 4.0461 0
13.2317 4.2948 0
13.1254 4.5399 0
13.0089 4.7805 0
12.8915 5.0201 0
12.7724 5.2571 0
12.6472 5.4921 0
12.5264 5.7311 0
12.4066 5.9686 0
12.2842 6.2001 0
12.1624 6.4337 0
12.0416 6.6674 0
11.9136 6.8948 0
11.7741 7.1188 0
11.6278 7.3401 0
11.4774 7.5563 0
11.3217 7.7648 0
11.1533 7.9648 0
10.9757 8.1541 0
10.7890 8.3304 0
10.5913 8.4973 0
10.3842 8.6492 0
10.1618 8.7766 0
9.9267 8.8802 0
9.6842 8.9631 0
9.4360 9.0242 0
9.1829 9.0666 0
8.9267 9.0932 0
8.6706 9.1024 0
8.4162 9.0897 0
8.1663 9.0538 0
7.9174 9.0078 0
7.6669 8.9562 0
7.4171 8.8936 0
7.1701 8.8224 0
6.9267 8.7453 0
6.6885 8.6632 0
6.4499 8.5757 0
6.2083 8.4878 0
5.9665 8.3944 0
5.7221 8.3051 0
5.4739 8.2213 0
5.2267 8.1369 0
4.9801 8.0619 0
4.7301 7.9958 0
4.4789 7.9348 0
4.2290 7.8747 0
3.9801 7.8148 0
3.7288 7.7559 0
3.4748 7.6910 0
3.2201 7.6209 0
2.9609 7.5510 0
2.7019 7.4732 0
2.4429 7.3895 0
2.1883 7.2942 0
1.9331 7.1959 0
1.6804 7.0893 0
1.4308 6.9708 0
1.1889 6.8366 0
0.9544 6.6855 0
0.7257 6.5248 0
0.5020 6.3513 0
0.2855 6.1646 0
0.0813 5.9652 0
-0.1149 5.7563 0
-0.2946 5.5327 0
-0.4573 5.2941 0
-0.5976 5.0427 0
-0.7169 4.7809 0
-0.8194 4.5135 0
-0.9040 4.2411 0
-0.9703 3.9633 0
-1.0249 3.6827 0
-1.0657 3.3967 0
-1.0868 3.1055 0
-1.0929 2.8148 0
-1.0833 2.5267 0
-1.0612 2.2400 0
-1.0163 1.9546 0
-0.9615 1.6698 0
-0.8954 1.3858 0
-0.8170 1.1039 0
-0.7279 0.8227 0
-0.6366 0.5418 0
-0.5393 0.2618 0
-0.4388 -0.0187 0
-0.3357 -0.2984 0
-0.2305 -0.5777 0
-0.1263 -0.8570 0
-0.0246 -1.1375 0
0.0769 -1.4173 0
0.1806 -1.6951 0
0.2844 -1.9704 0
0.3905 -2.2458 0
0.5023 -2.5181 0
0.6153 -2.7924 0
0.7371 -3.0653 0
0.8733 -3.3334 0
1.0251 -3.5930 0
1.1921 -3.8416 0
1.3718 -4.0813 0
1.5771 -4.2996 0
1.8037 -4.4946 0
2.0558 -4.6536 0
2.3233 -4.7859 0
2.6120 -4.8711 0
2.9096 -4.8999 0
3.2027 -4.8696 0
3.4562 -4.8043 0
3.6975 -4.7147 0
3.9169 -4.5805 0
4.1067 -4.4086 0
4.2666 -4.2075 0
4.3912 -3.9828 0
4.4835 -3.7405 0
4.5461 -3.4853 0
4.5848 -3.2217 0
4.5965 -2.9537 0
4.5841 -2.6879 0
4.5392 -2.4257 0
4.4777 -2.1658 0
4.3914 -1.9166 0
4.3012 -1.6716 0
4.2036 -1.4264 0
4.0962 -1.1839 0
3.9821 -0.9393 0
3.8584 -0.6970 0
3.7348 -0.4542 0
3.6186 -0.2094 0
3.5128 0.0405 0
3.4103 0.2929 0
3.3172 0.5488 0
3.2375 0.8095 0
3.1676 1.0766 0
3.1078 1.3476 0
3.0671 1.6220 0
3.0429 1.8973 0
3.0310 2.1734 0
3.0366 2.4485 0
3.0696 2.7216 0
3.1267 2.9896 0
3.2114 3.2498 0
3.3253 3.4999 0
3.4676 3.7401 0
3.6427 3.9604 0
3.8472 4.1507 0
4.0733 4.3117 0
4.3176 4.4380 0
4.5797 4.5264 0
4.8542 4.5669 0
5.1331 4.5636 0
5.4071 4.5057 0
5.6700 4.4092 0
5.9181 4.2780 0
6.1431 4.1108 0
6.3459 3.9150 0
6.5258 3.6985 0
6.6812 3.4657 0
6.8086 3.2180 0
6.9035 2.9555 0
6.9772 2.6863 0
7.0309 2.4122 0
7.0661 2.1352 0
7.0819 1.8588 0
7.0907 1.5802 0
7.0986 1.2987 0
7.1038 1.0150 0
7.1196 0.7313 0
7.1424 0.4489 0
7.1658 0.1684 0
7.2023 -0.1107 0
7.2533 -0.3887 0
7.3134 -0.6626 0
7.3868 -0.9328 0
7.4743 -1.1996 0
7.5841 -1.4592 0
7.7168 -1.7090 0
7.8704 -1.9429 0
8.0390 -2.1627 0
8.2243 -2.3665 0
8.4274 -2.5537 0
8.6458 -2.7230 0
8.8784 -2.8748 0
9.1224 -3.0069 0
9.3793 -3.1107 0
9.6445 -3.1897 0
9.9182 -3.2458 0
10.1982 -3.2827 0
10.4806 -3.2898 0
10.7635 -3.2814 0
11.0780 -3.2680 0
11.3966 -3.2291 0
11.7130 -3.1736 0
12.0259 -3.0986 0
12.3379 -3.0172 0
12.6464 -2.9270 0
12.9525 -2.8340 0
13.2557 -2.7339 0
13.5572 -2.6272 0
13.8607 -2.5204 0
14.1656 -2.4149 0
14.4727 -2.3103 0
14.7788 -2.2044 0
15.0856 -2.1018 0
15.3895 -1.9942 0
15.6916 -1.8796 0
15.9808 -1.7399 0
16.2509 -1.5711 0
16.4871 -1.3592 0
16.6728 -1.1040 0
16.7703 -0.8068 0
16.7933 -0.4962 0
16.7297 -0.1926 0
16.5699 0.0710 0
16.3303 0.2630 0
16.0488 0.3869 0
15.7466 0.4418 0
15.4377 0.4496 0
15.1326 0.3985 0
14.8350 0.3075 0
14.5464 0.1911 0
14.2705 0.0501 0
14.0001 -0.1006 0
13.7361 -0.2596 0
13.4667 -0.4149 0
13.2007 -0.5763 0
12.9325 -0.7325 0
12.6646 -0.8823 0
12.3941 -1.0263 0
12.1176 -1.1612 0
11.8389 -1.2883 0
11.5526 -1.3917 0
11.2571 -1.4573 0
10.9579 -1.4868 0
10.6592 -1.4563 0
10.3791 -1.3509 0
10.1403 -1.1805 0
9.9597 -0.9563 0
9.8675 -0.6909 0
9.8653 -0.4101 0
9.9246 -0.1383 0
10.0473 0.1066 0
10.2269 0.3097 0
10.4452 0.4717 0
10.6864 0.5974 0
10.9421 0.7004 0
11.2040 0.7911 0
11.4680 0.8736 0
11.7320 0.9574 0
11.9884 1.0563 0
12.2411 1.1688 0
12.4830 1.3042 0
12.7119 1.4605 0
12.9194 1.6391 0
13.0982 1.8444 0
13.2356 2.0794 0
13.3375 2.3338 0
13.4175 2.5989 0
13.4575 2.8743 0
13.4636 3.1510 0
13.4457 3.4257 0
13.3937 3.6974 0
13.3127 3.9657 0
13.2205 4.2323 0
13.1177 4.4954 0
13.0056 4.7560 0
12.8831 5.0160 0
12.7552 5.2761 0
12.6270 5.5342 0
12.4984 5.7916 0
12.3672 6.0494 0
12.2367 6.3079 0
12.0974 6.5617 0
11.9552 6.8138 0
11.8030 7.0620 0
11.6444 7.3114 0
11.4769 7.5562 0
11.3034 7.7952 0
11.1145 8.0213 0
10.9082 8.2278 0
10.6901 8.4231 0
10.4537 8.6001 0
10.1986 8.7492 0
9.9280 8.8677 0
9.6461 8.9591 0
9.3568 9.0236 0
9.0633 9.0657 0
8.7687 9.0905 0
8.4724 9.0875 0
8.1795 9.0566 0
7.8880 9.0084 0
7.5963 8.9387 0
7.3071 8.8547 0
7.0223 8.7654 0
6.7393 8.6666 0
6.4574 8.5658 0
6.1784 8.4622 0
5.8997 8.3590 0
5.6212 8.2572 0
5.3421 8.1577 0
5.0586 8.0698 0
4.7736 7.9909 0
4.4836 7.9249 0
4.1929 7.8613 0
3.9024 7.7959 0
3.6132 7.7228 0
3.3234 7.6506 0
3.0337 7.5740 0
2.7442 7.4952 0
2.4577 7.4086 0
2.1721 7.3120 0
1.8910 7.2034 0
1.6160 7.0807 0
1.3479 6.9389 0
1.0861 6.7823 0
0.8313 6.6145 0
0.5928 6.4249 0
0.3600 6.2274 0
0.1398 6.0156 0
-0.0649 5.7890 0
-0.2495 5.5496 0
-0.4199 5.3017 0
-0.5760 5.0451 0
-0.7155 4.7769 0
-0.8276 4.4953 0
-0.9215 4.2038 0
-0.9919 3.9072 0
-1.0399 3.6105 0
-1.0752 3.3109 0
-1.0955 3.0101 0
-1.0982 2.7090 0
-1.0805 2.4091 0
-1.0457 2.1121 0
-0.9894 1.8190 0
-0.9254 1.5266 0
-0.8419 1.2392 0
-0.7564 0.9490 0
-0.6666 0.6605 0
-0.5748 0.3700 0
-0.4783 0.0791 0
-0.3791 -0.2131 0
-0.2741 -0.5063 0
-0.1614 -0.7984 0
-0.0465 -1.0877 0
0.0669 -1.3779 0
0.1792 -1.6689 0
0.2865 -1.9621 0
0.3993 -2.2523 0
0.5285 -2.5364 0
0.6569 -2.8196 0
0.7972 -3.0945 0
0.9431 -3.3666 0
1.1001 -3.6319 0
1.2764 -3.8860 0
1.4715 -4.1222 0
1.6879 -4.3402 0
1.9256 -4.5356 0
2.1843 -4.6970 0
2.4610 -4.8204 0
2.7565 -4.8854 0
3.0597 -4.8918 0
3.3445 -4.8324 0
3.6061 -4.7292 0
3.8490 -4.5854 0
4.0673 -4.4034 0
4.2535 -4.1880 0
4.3991 -3.9420 0
4.4962 -3.6710 0
4.5556 -3.3885 0
4.5757 -3.1011 0
4.5673 -2.8133 0
4.5359 -2.5254 0
4.4799 -2.2411 0
4.4070 -1.9593 0
4.3165 -1.6796 0
4.2050 -1.4068 0
4.0822 -1.1353 0
3.9515 -0.8643 0
3.8211 -0.5920 0
3.6954 -0.3194 0
3.5726 -0.0434 0
3.4502 0.2350 0
3.3330 0.5186 0
3.2188 0.8110 0
3.1241 1.1102 0
3.0573 1.4161 0
3.0117 1.7243 0
2.9880 2.0356 0
2.9905 2.3464 0
3.0224 2.6536 0
3.0819 2.9565 0
3.1772 3.2512 0
3.2992 3.5344 0
3.4583 3.7969 0
3.6546 4.0344 0
3.8877 4.2341 0
4.1533 4.3899 0
4.4395 4.4956 0
4.7358 4.5529 0
5.0384 4.5620 0
5.3211 4.5114 0
5.5348 4.3972 0
5.7369 4.2693 0
5.9342 4.1301 0
6.1225 3.9785 0
6.2996 3.8119 0
6.4649 3.6319 0
6.6199 3.4412 0
6.7484 3.2321 0
6.8562 3.0128 0
6.9414 2.7839 0
7.0062 2.5460 0
7.0584 2.3023 0
7.0983 2.0534 0
7.1200 1.7994 0
7.1334 1.5462 0
7.1397 1.2935 0
7.1404 1.0398 0
7.1407 0.7865 0
7.1452 0.5311 0
7.1549 0.2757 0
7.1741 0.0186 0
7.2095 -0.2367 0
7.2554 -0.4896 0
7.3134 -0.7424 0
7.3854 -0.9919 0
7.4736 -1.2389 0
7.5796 -1.4763 0
7.7053 -1.7050 0
7.8472 -1.9260 0
8.0020 -2.1378 0
8.1742 -2.3352 0
8.3664 -2.5141 0
8.5739 -2.6723 0
8.7930 -2.8209 0
9.0222 -2.9540 0
9.2628 -3.0633 0
9.5113 -3.1478 0
9.7667 -3.2030 0
10.0253 -3.2328 0
10.2864 -3.2506 0
10.5472 -3.2528 0
10.8032 -3.2324 0
11.0576 -3.2005 0
11.3159 -3.1682 0
11.5736 -3.1236 0
11.8308 -3.0700 0
12.0881 -3.0121 0
12.3441 -2.9512 0
12.6001 -2.8922 0
12.8571 -2.8285 0
13.1116 -2.7560 0
13.3657 -2.6780 0
13.6220 -2.6049 0
13.8796 -2.5316 0
14.1348 -2.4512 0
14.3909 -2.3719 0
14.6464 -2.2899 0
14.9029 -2.2030 0
15.1560 -2.1065 0
15.4072 -2.0055 0
15.6482 -1.8919 0
15.8812 -1.7618 0
16.1057 -1.6155 0
16.3132 -1.4470 0
16.4931 -1.2500 0
16.6353 -1.0258 0
16.7234 -0.7774 0
16.7502 -0.5169 0
16.7202 -0.2592 0
16.6233 -0.0218 0
16.4686 0.1808 0
16.2662 0.3337 0
16.0322 0.4360 0
15.7805 0.4926 0
15.5237 0.5099 0
15.2683 0.4840 0
15.0198 0.4312 0
14.7789 0.3517 0
14.5461 0.2548 0
14.3195 0.1402 0
14.0977 0.0141 0
13.8777 -0.1187 0
13.6586 -0.2544 0
13.4412 -0.3925 0
13.2228 -0.5288 0
13.0018 -0.6645 0
12.7775 -0.8003 0
12.5465 -0.9281 0
12.3137 -1.0509 0
12.0752 -1.1607 0
11.8297 -1.2534 0
11.5760 -1.3270 0
11.3210 -1.3887 0
11.0619 -1.4197 0
10.7991 -1.4157 0
10.5423 -1.3715 0
10.3045 -1.2726 0
10.1034 -1.1167 0
9.9513 -0.9138 0
9.8494 -0.6832 0
9.8129 -0.4351 0
9.8470 -0.1875 0
9.9505 0.0358 0
10.0938 0.2303 0
10.2676 0.3993 0
10.4652 0.5382 0
10.6802 0.6454 0
10.9044 0.7349 0
11.1376 0.8083 0
11.3741 0.8740 0
11.6103 0.9384 0
11.8466 1.0111 0
12.0811 1.0989 0
12.3091 1.2032 0
12.5291 1.3257 0
12.7326 1.4745 0
12.9181 1.6470 0
13.0809 1.8456 0
13.2178 2.0614 0
13.3210 2.2921 0
13.3938 2.5333 0
13.4358 2.7806 0
13.4528 3.0317 0
13.4480 3.2829 0
13.4136 3.5314 0
13.3567 3.7761 0
13.2911 4.0209 0
13.2088 4.2613 0
13.1143 4.4983 0
13.0112 4.7315 0
12.9076 4.9643 0
12.7956 5.1928 0
12.6782 5.4196 0
12.5639 5.6473 0
12.4467 5.8729 0
12.3296 6.0993 0
12.2111 6.3251 0
12.0871 6.5516 0
11.9628 6.7807 0
11.8382 7.0081 0
11.7121 7.2347 0
11.5713 7.4540 0
11.4180 7.6654 0
11.2564 7.8690 0
11.0831 8.0641 0
10.8990 8.2509 0
10.7044 8.4240 0
10.5005 8.5802 0
10.2838 8.7124 0
10.0604 8.8287 0
9.8283 8.9242 0
9.5900 9.0010 0
9.3467 9.0559 0
9.0991 9.0914 0
8.8476 9.1071 0
8.5947 9.1028 0
8.3425 9.0843 0
8.0909 9.0527 0
7.8395 9.0055 0
7.5895 8.9414 0
7.3425 8.8657 0
7.0971 8.7845 0
6.8550 8.6939 0
6.6123 8.6077 0
6.3710 8.5215 0
6.1292 8.4333 0
5.8892 8.3435 0
5.6445 8.2635 0
5.3990 8.1931 0
5.1516 8.1274 0
4.9005 8.0660 0
4.6493 8.0050 0
4.3969 7.9482 0
4.1443 7.8877 0
3.8913 7.8242 0
3.6371 7.7631 0
3.3827 7.6975 0
3.1292 7.6336 0
2.8753 7.5678 0
2.6202 7.4985 0
2.3665 7.4187 0
2.1180 7.3292 0
1.8757 7.2299 0
1.6414 7.1205 0
1.4128 6.9989 0
1.1891 6.8654 0
0.9710 6.7217 0
0.7569 6.5724 0
0.5489 6.4137 0
0.3458 6.2517 0
0.1524 6.0743 0
-0.0317 5.8842 0
-0.1976 5.6794 0
-0.3455 5.4644 0
-0.4848 5.2447 0
-0.6092 5.0196 0
-0.7182 4.7872 0
-0.8095 4.5471 0
-0.8969 4.3026 0
-0.9708 4.0513 0
-1.0236 3.7937 0
-1.0578 3.5326 0
-1.0738 3.2676 0
-1.0768 3.0013 0
-1.0677 2.7371 0
-1.0522 2.4741 0
-1.0242 2.2119 0
-0.9856 1.9496 0
-0.9334 1.6907 0
-0.8719 1.4348 0
-0.8003 1.1798 0
-0.7205 0.9233 0
-0.6373 0.6693 0
-0.5535 0.4184 0
-0.4777 0.1662 0
-0.3969 -0.0856 0
-0.3099 -0.3377 0
-0.2238 -0.5894 0
-0.1334 -0.8421 0
-0.0352 -1.0952 0
0.0632 -1.3474 0
0.1631 -1.5948 0
0.2636 -1.8434 0
0.3651 -2.0926 0
0.4642 -2.3399 0
0.5651 -2.5847 0
0.6702 -2.8287 0
0.7817 -3.0690 0
0.8994 -3.3052 0
1.0237 -3.5372 0
