x y d
9.2126 9.0037 0
9.0176 9.0225 0
8.8219 9.0296 0
8.6263 9.0317 0
8.4295 9.0276 0
8.2315 9.0137 0
8.0341 8.9893 0
7.8355 8.9585 0
7.6384 8.9156 0
7.4420 8.8716 0
7.2497 8.8181 0
7.0572 8.7589 0
6.8661 8.6892 0
6.6758 8.6155 0
6.4845 8.5446 0
6.2920 8.4771 0
6.0969 8.4067 0
5.9020 8.3369 0
5.7060 8.2729 0
5.5097 8.2124 0
5.3105 8.1584 0
5.1099 8.1130 0
4.9091 8.0735 0
4.7116 8.0294 0
4.5148 7.9795 0
4.3181 7.9284 0
4.1192 7.8796 0
3.9199 7.8303 0
3.7177 7.7872 1
3.5175 7.7359 1
3.3165 7.6851 1
3.1140 7.6341 1
2.9117 7.5814 1
2.7110 7.5297 1
2.5112 7.4683 1
2.3095 7.4044 1
2.1091 7.3356 1
1.9118 7.2606 1
1.7168 7.1821 1
1.5266 7.0920 1
1.3394 6.9880 1
1.1520 6.8752 1
0.9687 6.7544 1
0.7903 6.6224 1
0.6164 6.4819 1
0.4470 6.3334 1
0.2825 6.1801 1
0.1267 6.0187 1
-0.0208 5.8511 1
-0.1612 5.6799 1
-0.2924 5.5040 1
-0.4153 5.3180 1
-0.5325 5.1240 1
-0.6386 4.9219 0
-0.7358 4.7151 0
-0.8189 4.5050 0
-0.8925 4.2891 0
-0.9525 4.0683 0
-0.9987 3.8459 0
-1.0267 3.6194 0
-1.0522 3.3928 0
-1.0679 3.1658 0
-1.0754 2.9360 0
-1.0682 2.7072 0
-1.0541 2.4762 0
-1.0310 2.2454 0
-0.9962 2.0156 0
-0.9560 1.7879 0
-0.9077 1.5619 0
-0.8508 1.3350 0
-0.7888 1.1080 0
-0.7213 0.8836 0
-0.6431 0.6636 0
-0.5615 0.4458 0
-0.4797 0.2231 1
-0.4006 -0.0018 1
-0.3268 -0.2282 1
-0.2502 -0.4567 1
-0.1682 -0.6844 1
-0.0847 -0.9126 1
-0.0016 -1.1399 1
0.0776 -1.3697 1
0.1540 -1.5997 1
0.2372 -1.8291 1
0.3189 -2.0605 1
0.4038 -2.2912 1
0.4940 -2.5211 1
0.5898 -2.7490 1
0.6841 -2.9790 1
0.7850 -3.2064 1
0.9001 -3.4281 1
1.0266 -3.6432 1
1.1659 -3.8481 1
1.3148 -4.0433 1
1.4730 -4.2335 1
1.6500 -4.4071 1
1.8390 -4.5650 1
2.0444 -4.7018 1
2.2619 -4.8128 1
2.4936 -4.8880 1
2.7342 -4.9319 1
2.9790 -4.9420 1
3.2180 -4.9036 0
3.4495 -4.8284 0
3.6673 -4.7213 0
3.8664 -4.5834 0
4.0443 -4.4214 0
4.1965 -4.2361 0
4.3226 -4.0321 0
4.4203 -3.8136 0
4.4822 -3.5826 0
4.5205 -3.3490 0
4.5341 -3.1141 0
4.5310 -2.8769 0
4.5073 -2.6382 0
4.4672 -2.4010 0
4.4144 -2.1654 0
4.3440 -1.9346 0
4.2559 -1.7095 0
4.1645 -1.4845 0
4.0636 -1.2664 0
3.9596 -1.0476 0
3.8574 -0.8249 0
3.7610 -0.5979 1
3.6592 -0.3735 1
3.5568 -0.1479 1
3.4571 0.0804 1
3.3615 0.3112 1
3.2702 0.5461 1
3.1853 0.7804 1
3.1114 1.0168 1
3.0461 1.2524 1
3.0012 1.4941 1
2.9687 1.7364 1
2.9452 1.9826 1
2.9385 2.2343 1
2.9490 2.4856 1
2.9853 2.7370 1
3.0383 2.9875 1
3.1134 3.2320 1
3.2144 3.4687 1
3.3392 3.6955 1
3.4887 3.9065 1
3.6672 4.0940 1
3.8706 4.2569 1
4.0923 4.3937 0
4.3348 4.4964 0
4.5925 4.5612 0
4.8573 4.5832 0
5.1198 4.5634 0
5.3807 4.5217 0
5.6292 4.4302 0
5.8611 4.2997 0
6.0706 4.1352 0
6.2598 3.9502 0
6.4268 3.7453 0
6.5710 3.5247 0
6.6912 3.2885 0
6.7915 3.0453 0
6.8731 2.7999 0
6.9315 2.5469 0
6.9772 2.2930 0
7.0085 2.0383 0
7.0319 1.7848 0
7.0492 1.5329 0
7.0515 1.2806 0
7.0516 1.0269 0
7.0652 0.7737 1
7.0860 0.5214 1
7.1055 0.2699 1
7.1317 0.0194 1
7.1681 -0.2304 1
7.2129 -0.4777 1
7.2673 -0.7222 1
7.3382 -0.9619 1
7.4274 -1.1983 1
7.5312 -1.4340 1
7.6533 -1.6623 1
7.7963 -1.8803 1
7.9578 -2.0889 1
8.1358 -2.2829 1
8.3338 -2.4635 1
8.5511 -2.6242 1
8.7808 -2.7695 1
9.0214 -2.8953 0
9.2702 -3.0053 0
9.5279 -3.0952 0
9.7929 -3.1634 0
10.0590 -3.2078 0
10.3263 -3.2286 0
10.5953 -3.2338 0
10.8635 -3.2276 0
11.1317 -3.2181 0
11.3957 -3.1808 0
11.6585 -3.1303 0
11.9190 -3.0657 0
12.1827 -2.9962 0
12.4493 -2.9318 0
12.7144 -2.8597 0
12.9783 -2.7808 0
13.2444 -2.6979 0
13.5103 -2.6156 0
13.7754 -2.5321 0
14.0421 -2.4526 0
14.3081 -2.3713 0
14.5737 -2.2895 0
14.8364 -2.2042 0
15.1039 -2.1211 0
15.3711 -2.0359 0
15.6330 -1.9370 0
15.8891 -1.8207 0
16.1326 -1.6834 0
16.3601 -1.5244 0
16.5550 -1.3273 0
16.7029 -1.0944 0
16.7758 -0.8314 0
16.7935 -0.5573 0
16.7403 -0.2931 0
16.6140 -0.0581 0
16.4255 0.1348 0
16.1979 0.2802 0
15.9448 0.3719 0
15.6829 0.4038 0
15.4194 0.3919 0
15.1616 0.3388 0
14.9119 0.2564 0
14.6681 0.1569 0
14.4304 0.0433 0
14.1961 -0.0763 0
13.9661 -0.2016 0
13.7362 -0.3257 0
13.5100 -0.4530 0
13.2884 -0.5851 0
13.0622 -0.7158 0
12.8340 -0.8432 0
12.6037 -0.9651 0
12.3720 -1.0826 0
12.1354 -1.1904 0
11.8977 -1.2915 0
11.6583 -1.3873 0
11.4107 -1.4617 0
11.1551 -1.5176 0
10.8953 -1.5314 1
10.6394 -1.4961 1
10.4012 -1.4039 1
10.1925 -1.2579 1
10.0316 -1.0589 0
9.9206 -0.8271 0
9.8876 -0.5731 0
9.9260 -0.3171 0
10.0288 -0.0837 0
10.1762 0.1254 0
10.3611 0.2981 0
10.5737 0.4303 0
10.8011 0.5336 0
11.0350 0.6168 0
11.2709 0.6932 0
11.5079 0.7648 0
11.7449 0.8373 0
11.9802 0.9168 0
12.2115 1.0170 0
12.4358 1.1394 0
12.6499 1.2853 0
12.8421 1.4573 0
13.0090 1.6518 0
13.1423 1.8694 0
13.2470 2.1011 0
13.3228 2.3443 0
13.3739 2.5955 0
13.4016 2.8510 0
13.3974 3.1102 0
13.3726 3.3702 0
13.3252 3.6290 0
13.2613 3.8842 0
13.1795 4.1347 0
13.0860 4.3828 0
12.9847 4.6286 0
12.8803 4.8736 0
12.7754 5.1181 0
12.6667 5.3606 0
12.5555 5.6042 0
12.4421 5.8489 0
12.3240 6.0910 0
12.2047 6.3364 0
12.0881 6.5852 0
11.9684 6.8344 0
11.8411 7.0835 0
11.6982 7.3273 1
11.5455 7.5647 1
11.3811 7.7961 1
11.1987 8.0149 1
11.0022 8.2237 1
10.7914 8.4170 1
10.5592 8.5787 1
10.3155 8.7196 1
10.0581 8.8339 1
9.7906 8.9200 1
9.5160 8.9848 1
9.2365 9.0295 0
8.9551 9.0478 0
8.6751 9.0478 0
8.3963 9.0318 0
8.1204 8.9954 0
7.8476 8.9455 0
7.5786 8.8829 0
7.3134 8.8076 0
7.0514 8.7236 0
6.7890 8.6319 0
6.5251 8.5433 0
6.2636 8.4531 0
6.0047 8.3598 0
5.7428 8.2719 0
5.4755 8.1976 0
5.2006 8.1343 0
4.9237 8.0757 0
4.6473 8.0157 0
4.3710 7.9566 0
4.0979 7.8919 0
3.8269 7.8277 0
3.5546 7.7634 0
3.2808 7.6957 1
3.0056 7.6233 1
2.7301 7.5451 1
2.4572 7.4609 1
2.1882 7.3676 1
1.9235 7.2635 1
1.6648 7.1415 1
1.4055 7.0127 1
1.1496 6.8745 1
0.9030 6.7228 1
0.6650 6.5601 1
0.4440 6.3775 1
0.2372 6.1767 1
0.0398 5.9625 1
-0.1445 5.7349 1
-0.3175 5.5000 1
-0.4725 5.2511 0
-0.6040 4.9861 0
-0.7151 4.7124 0
-0.8176 4.4371 0
-0.9054 4.1562 0
-0.9744 3.8678 0
-1.0255 3.5721 0
-1.0577 3.2744 0
-1.0678 2.9764 0
-1.0629 2.6787 0
-1.0445 2.3827 0
-1.0036 2.0934 0
-0.9484 1.8067 0
-0.8764 1.5240 0
-0.8023 1.2429 0
-0.7220 0.9643 0
-0.6416 0.6866 0
-0.5540 0.4085 0
-0.4556 0.1303 0
-0.3525 -0.1455 0
-0.2512 -0.4201 0
-0.1529 -0.6925 0
-0.0513 -0.9641 0
0.0434 -1.2371 0
0.1259 -1.5113 0
0.2143 -1.7848 0
0.3081 -2.0572 0
0.4066 -2.3268 0
0.5143 -2.5942 0
0.6213 -2.8621 0
0.7386 -3.1278 0
0.8655 -3.3893 0
1.0091 -3.6409 1
1.1653 -3.8844 1
1.3460 -4.1125 1
1.5455 -4.3255 1
1.7644 -4.5197 1
2.0047 -4.6866 1
2.2658 -4.8148 1
2.5423 -4.9015 1
2.8277 -4.9319 0
3.1089 -4.9093 0
3.3615 -4.8290 0
3.6061 -4.7245 0
3.8323 -4.5890 0
4.0306 -4.4180 0
4.2005 -4.2190 0
4.3353 -3.9963 0
4.4319 -3.7553 0
4.4909 -3.5055 0
4.5213 -3.2493 0
4.5301 -2.9893 0
4.5133 -2.7315 0
4.4739 -2.4744 0
4.4126 -2.2194 0
4.3422 -1.9679 0
4.2524 -1.7202 0
4.1526 -1.4765 0
4.0421 -1.2366 0
3.9311 -0.9971 0
3.8191 -0.7604 0
3.7095 -0.5213 0
3.6058 -0.2807 0
3.5094 -0.0387 0
3.4130 0.2012 0
3.3152 0.4401 0
3.2257 0.6861 0
3.1378 0.9368 0
3.0637 1.1900 0
3.0062 1.4447 0
2.9686 1.7033 0
2.9459 1.9626 0
2.9333 2.2206 0
2.9439 2.4761 0
2.9734 2.7291 0
3.0255 2.9784 0
3.0981 3.2240 0
3.1988 3.4611 0
3.3263 3.6893 0
3.4797 3.9037 0
3.6621 4.0973 1
3.8699 4.2641 0
4.0981 4.4051 0
4.3498 4.5060 0
4.6152 4.5682 0
4.8855 4.5857 0
5.1583 4.5698 0
5.4214 4.5030 0
5.6722 4.3983 0
5.9044 4.2572 0
6.1128 4.0862 0
6.2965 3.8883 0
6.4600 3.6727 0
6.6055 3.4399 0
6.7313 3.1961 0
6.8335 2.9432 0
6.9122 2.6829 0
6.9728 2.4142 0
7.0187 2.1426 0
7.0396 1.8651 0
7.0493 1.5831 0
7.0565 1.2989 0
7.0640 1.0136 0
7.0734 0.7258 0
7.0972 0.4366 0
7.1251 0.1444 0
7.1674 -0.1465 0
7.2183 -0.4344 0
7.2764 -0.7188 0
7.3514 -0.9983 0
7.4506 -1.2701 0
7.5765 -1.5298 0
7.7194 -1.7827 0
7.8850 -2.0227 0
8.0769 -2.2426 0
8.2972 -2.4377 0
8.5327 -2.6141 0
8.7808 -2.7718 0
9.0417 -2.9114 0
9.3166 -3.0209 0
9.5972 -3.1049 0
9.8820 -3.1628 0
10.1686 -3.2055 0
10.4544 -3.2309 0
10.7384 -3.2290 0
11.0171 -3.1901 0
11.2974 -3.1427 0
11.5783 -3.0917 0
11.8600 -3.0433 0
12.1378 -2.9810 0
12.4121 -2.9118 0
12.6838 -2.8446 0
12.9524 -2.7662 0
13.2211 -2.6869 0
13.4914 -2.6089 0
13.7604 -2.5333 0
14.0287 -2.4593 0
14.2951 -2.3823 0
14.5615 -2.3025 0
14.8259 -2.2223 0
15.0874 -2.1397 0
15.3468 -2.0509 0
15.6051 -1.9569 0
15.8574 -1.8508 0
16.0992 -1.7218 0
16.3237 -1.5655 0
16.5223 -1.3795 0
16.6790 -1.1542 0
16.7753 -0.8968 0
16.7964 -0.6243 0
16.7553 -0.3556 0
16.6460 -0.1058 0
16.4684 0.1067 0
16.2417 0.2678 0
15.9818 0.3714 0
15.7051 0.4090 0
15.4255 0.4002 0
15.1515 0.3507 0
14.8823 0.2668 0
14.6167 0.1639 0
14.3611 0.0420 0
14.1162 -0.0944 0
13.8732 -0.2340 0
13.6311 -0.3751 0
13.3862 -0.5132 0
13.1416 -0.6561 0
12.8955 -0.7975 0
12.6497 -0.9372 0
12.3981 -1.0692 0
12.1437 -1.1948 0
11.8851 -1.3076 0
11.6209 -1.4037 0
11.3524 -1.4831 0
11.0747 -1.5254 0
10.7959 -1.5197 0
10.5300 -1.4455 0
10.2873 -1.3163 0
10.0908 -1.1279 0
9.9618 -0.8940 0
9.9099 -0.6333 0
9.9294 -0.3679 0
10.0128 -0.1157 0
10.1593 0.1038 0
10.3550 0.2834 0
10.5844 0.4208 0
10.8302 0.5298 0
11.0873 0.6174 0
11.3477 0.6971 0
11.6096 0.7782 0
11.8717 0.8668 0
12.1275 0.9725 0
12.3727 1.0956 0
12.5973 1.2480 0
12.8004 1.4292 0
12.9795 1.6336 0
13.1312 1.8594 0
13.2428 2.1071 0
13.3193 2.3659 0
13.3704 2.6262 0
13.3949 2.8881 0
13.3886 3.1529 0
13.3606 3.4176 0
13.3116 3.6806 0
13.2425 3.9391 0
13.1521 4.1893 0
13.0542 4.4362 0
12.9561 4.6826 0
12.8587 4.9316 0
12.7522 5.1793 0
12.6404 5.4271 0
12.5242 5.6745 0
12.4094 5.9229 0
12.2932 6.1680 0
12.1712 6.4101 0
12.0528 6.6547 0
11.9329 6.9006 0
11.8003 7.1425 0
11.6583 7.3806 0
11.5099 7.6151 0
11.3468 7.8416 0
11.1654 8.0529 0
10.9685 8.2504 0
10.7526 8.4307 0
10.5246 8.5923 0
10.2794 8.7249 0
10.0220 8.8322 0
9.7572 8.9170 0
9.4889 8.9823 0
9.2149 9.0262 0
8.9380 9.0446 0
8.6627 9.0407 0
8.3912 9.0183 0
8.1225 8.9824 0
7.8557 8.9393 0
7.5930 8.8792 0
7.3348 8.8020 0
7.0826 8.7180 0
6.8314 8.6301 0
6.5783 8.5498 0
6.3265 8.4673 0
6.0769 8.3819 0
5.8270 8.3025 0
5.5722 8.2306 0
5.3129 8.1622 0
5.0525 8.0994 0
4.7929 8.0366 0
4.5332 7.9790 0
4.2758 7.9221 0
4.0206 7.8693 0
3.7653 7.8114 0
3.5065 7.7592 0
3.2479 7.6993 0
2.9931 7.6305 0
2.7443 7.5526 0
2.4973 7.4721 0
2.2467 7.3877 0
1.9973 7.2920 0
1.7481 7.1891 0
1.5057 7.0749 0
1.2706 6.9507 0
1.0430 6.8132 0
0.8222 6.6718 0
0.6153 6.5104 0
0.4188 6.3363 0
0.2302 6.1545 0
0.0503 5.9657 0
-0.1165 5.7619 0
-0.2715 5.5479 0
-0.4185 5.3276 0
-0.5508 5.0998 0
-0.6667 4.8637 0
-0.7646 4.6167 0
-0.8516 4.3657 0
-0.9220 4.1072 0
-0.9862 3.8450 0
-1.0319 3.5806 0
-1.0620 3.3137 0
-1.0746 3.0436 0
-1.0715 2.7732 0
-1.0571 2.4997 0
-1.0269 2.2244 0
-0.9827 1.9467 0
-0.9244 1.6701 0
-0.8594 1.3953 0
-0.7822 1.1222 0
-0.6940 0.8513 0
-0.6045 0.5764 0
-0.5155 0.3003 0
-0.4213 0.0255 0
-0.3194 -0.2486 0
-0.2167 -0.5229 0
-0.1195 -0.8004 0
-0.0190 -1.0783 0
0.0744 -1.3584 0
0.1736 -1.6370 0
0.2716 -1.9149 0
0.3741 -2.1887 0
0.4785 -2.4609 0
0.5805 -2.7340 0
0.6893 -3.0045 0
0.8090 -3.2689 0
0.9410 -3.5254 0
1.0914 -3.7699 0
1.2538 -4.0050 0
1.4346 -4.2259 0
1.6353 -4.4265 0
1.8560 -4.6001 0
2.0923 -4.7434 0
2.3493 -4.8495 0
2.6213 -4.9179 0
2.8994 -4.9375 0
3.1762 -4.9077 0
3.4343 -4.8181 0
3.6782 -4.6976 0
3.8979 -4.5402 0
4.0898 -4.3503 0
4.2505 -4.1317 0
4.3806 -3.8902 0
4.4694 -3.6314 0
4.5163 -3.3652 0
4.5326 -3.0978 0
4.5178 -2.8291 0
4.4840 -2.5615 0
4.4282 -2.2971 0
4.3582 -2.0347 0
4.2701 -1.7796 0
4.1706 -1.5282 0
4.0685 -1.2769 0
3.9647 -1.0259 0
3.8484 -0.7826 0
3.7296 -0.5400 0
3.6117 -0.2944 0
3.4998 -0.0476 0
3.3981 0.2004 0
3.3007 0.4528 0
3.2065 0.7101 0
3.1238 0.9724 0
3.0526 1.2347 0
2.9981 1.5037 0
2.9691 1.7774 0
2.9524 2.0497 0
2.9517 2.3212 0
2.9693 2.5935 0
3.0208 2.8633 0
3.0951 3.1268 0
3.1916 3.3828 0
3.3095 3.6271 0
3.4547 3.8556 0
3.6294 4.0600 0
3.8321 4.2349 0
4.0573 4.3782 0
4.3000 4.4855 0
4.5578 4.5526 0
4.8248 4.5822 0
5.0885 4.5651 0
5.3090 4.4810 0
5.5153 4.3509 0
5.7208 4.2149 0
5.9304 4.0809 0
6.1366 3.9430 0
6.3301 3.7863 0
6.5045 3.6064 0
6.6496 3.4044 0
6.7684 3.1865 0
6.8623 2.9547 0
6.9343 2.7120 0
6.9794 2.4609 0
7.0062 2.2065 0
7.0227 1.9504 0
7.0417 1.6951 0
7.0548 1.4404 0
7.0676 1.1873 0
7.0759 0.9367 0
7.0841 0.6859 0
7.0966 0.4346 0
7.1167 0.1838 0
7.1451 -0.0669 0
7.1807 -0.3185 0
7.2268 -0.5690 0
7.2831 -0.8170 0
7.3590 -1.0609 0
7.4536 -1.2978 0
7.5636 -1.5265 0
7.6910 -1.7470 0
7.8409 -1.9541 0
8.0062 -2.1494 0
8.1871 -2.3290 0
8.3839 -2.4904 0
8.5858 -2.6408 0
8.7969 -2.7783 0
9.0153 -2.8986 0
9.2406 -3.0005 0
9.4767 -3.0824 0
9.7200 -3.1444 0
9.9688 -3.1918 0
10.2232 -3.2193 0
10.4802 -3.2304 0
10.7387 -3.2275 0
10.9960 -3.1976 0
11.2524 -3.1584 0
11.5110 -3.1231 0
11.7696 -3.0750 0
12.0282 -3.0210 0
12.2853 -2.9579 0
12.5407 -2.8906 0
12.7960 -2.8174 0
13.0539 -2.7461 0
13.3131 -2.6662 0
13.5722 -2.5842 0
13.8316 -2.5064 0
14.0913 -2.4298 0
14.3502 -2.3525 0
14.6095 -2.2731 0
14.8711 -2.1944 0
15.1331 -2.1128 0
15.3951 -2.0295 0
15.6551 -1.9403 0
15.9080 -1.8307 0
16.1499 -1.6984 0
16.3695 -1.5337 0
16.5538 -1.3321 0
16.6986 -1.1026 0
16.7842 -0.8458 0
16.7952 -0.5791 0
16.7402 -0.3218 0
16.6181 -0.0863 0
16.4433 0.1141 0
16.2250 0.2685 0
15.9795 0.3679 0
15.7203 0.4172 0
15.4558 0.4196 0
15.1931 0.3803 0
14.9381 0.3059 0
14.6933 0.2013 0
14.4546 0.0791 0
14.2179 -0.0507 0
13.9827 -0.1840 0
13.7499 -0.3192 0
13.5197 -0.4579 0
13.2870 -0.5900 0
13.0541 -0.7182 0
12.8216 -0.8434 0
12.5897 -0.9700 0
12.3542 -1.0860 0
12.1189 -1.1973 0
11.8792 -1.3011 0
11.6357 -1.3908 0
11.3858 -1.4628 0
11.1276 -1.5048 0
10.8684 -1.5102 0
10.6154 -1.4730 0
10.3763 -1.3840 0
10.1727 -1.2361 0
10.0197 -1.0392 0
9.9187 -0.8129 0
9.8882 -0.5700 0
9.9222 -0.3258 0
10.0066 -0.0923 0
10.1507 0.1051 0
10.3284 0.2705 0
10.5321 0.4039 0
10.7542 0.5090 0
10.9845 0.6002 0
11.2202 0.6771 0
11.4571 0.7500 0
11.6922 0.8244 0
11.9230 0.9072 0
12.1474 1.0036 0
12.3623 1.1195 0
12.5677 1.2536 0
12.7609 1.4062 0
12.9319 1.5851 0
13.0817 1.7824 0
13.1998 2.0021 0
13.2931 2.2347 0
13.3501 2.4782 0
13.3790 2.7258 0
13.3884 2.9751 0
13.3766 3.2240 0
13.3520 3.4687 0
13.3100 3.7084 0
13.2542 3.9449 0
13.1792 4.1762 0
13.0929 4.4057 0
12.9956 4.6322 0
12.8961 4.8574 0
12.7958 5.0837 0
12.6928 5.3088 0
12.5848 5.5311 0
12.4784 5.7593 0
12.3729 5.9923 0
12.2671 6.2272 0
12.1596 6.4615 0
12.0506 6.6934 0
11.9313 6.9184 0
11.8024 7.1401 0
11.6663 7.3606 0
11.5234 7.5795 0
11.3690 7.7925 0
11.2026 7.9984 0
11.0195 8.1884 0
10.8248 8.3682 0
10.6149 8.5259 0
10.3924 8.6682 0
10.1562 8.7890 0
9.9092 8.8926 0
9.6528 8.9751 0
9.3858 9.0253 0
9.1133 9.0587 0
8.8371 9.0703 0
8.5617 9.0652 0
8.2896 9.0416 0
8.0212 8.9958 0
7.7563 8.9288 0
7.4907 8.8498 0
7.2254 8.7659 0
6.9616 8.6789 0
6.6972 8.5883 0
6.4348 8.4940 0
6.1685 8.4044 0
5.8988 8.3234 0
5.6264 8.2453 0
5.3504 8.1735 0
5.0681 8.1106 0
4.7855 8.0484 0
4.5049 7.9839 0
4.2235 7.9187 0
3.9392 7.8522 0
3.6546 7.7851 0
3.3710 7.7136 0
3.0915 7.6340 0
2.8119 7.5570 0
2.5323 7.4753 0
2.2560 7.3829 0
1.9796 7.2879 0
1.7049 7.1806 0
1.4373 7.0497 0
1.1778 6.8998 0
0.9295 6.7309 0
0.6860 6.5551 0
0.4519 6.3659 0
0.2302 6.1608 0
0.0200 5.9412 0
-0.1729 5.7063 0
-0.3476 5.4573 0
-0.4971 5.1917 0
-0.6311 4.9175 0
-0.7519 4.6368 0
-0.8563 4.3468 0
-0.9417 4.0483 0
-1.0062 3.7436 0
-1.0488 3.4353 0
-1.0768 3.1235 0
-1.0750 2.8061 0
-1.0589 2.4870 0
-1.0200 2.1696 0
-0.9608 1.8524 0
-0.8924 1.5373 0
-0.8110 1.2233 0
-0.7074 0.9155 0
-0.5972 0.6133 0
-0.4935 0.3107 0
-0.3879 0.0084 0
-0.2825 -0.2933 0
-0.1762 -0.5923 0
-0.0738 -0.8916 0
0.0257 -1.1920 0
0.1302 -1.4938 0
0.2366 -1.7958 0
0.3440 -2.1021 0
0.4517 -2.4071 0
0.5635 -2.7070 0
0.6911 -2.9981 0
0.8274 -3.2851 0
0.9698 -3.5689 0
1.1358 -3.8411 0
1.3216 -4.0951 0
1.5311 -4.3251 0
1.7667 -4.5249 0
2.0267 -4.6898 0
2.3053 -4.8193 0
2.5994 -4.9051 0
2.9040 -4.9284 0
3.2046 -4.8912 0
3.4919 -4.8025 0
3.7547 -4.6553 0
3.9860 -4.4609 0
4.1820 -4.2316 0
4.3372 -3.9756 0
4.4564 -3.7019 0
4.5257 -3.4128 0
4.5452 -3.1152 0
4.5396 -2.8162 0
4.5034 -2.5221 0
4.4371 -2.2320 0
4.3490 -1.9496 0
4.2407 -1.6760 0
4.1261 -1.4081 0
4.0074 -1.1423 0
3.8878 -0.8759 0
3.7682 -0.6080 0
3.6466 -0.3389 0
3.5238 -0.0705 0
3.4118 0.2005 0
3.3141 0.4771 0
3.2208 0.7567 0
3.1343 1.0376 0
3.0587 1.3213 0
2.9983 1.6088 0
2.9628 1.9026 0
2.9487 2.1991 0
2.9601 2.4958 0
3.0054 2.7897 0
3.0827 3.0777 0
3.1828 3.3588 0
3.3170 3.6265 0
3.4838 3.8755 0
3.6885 4.0941 0
3.9210 4.2776 0
4.1803 4.4199 0
4.4567 4.5214 0
4.7425 4.5773 0
5.0333 4.5746 0
5.3133 4.5021 0
5.5851 4.3940 0
5.8484 4.2670 0
6.0874 4.1015 0
6.2964 3.9017 0
6.4827 3.6806 0
6.6417 3.4372 0
6.7711 3.1774 0
6.8686 2.9057 0
6.9429 2.6282 0
6.9967 2.3442 0
7.0367 2.0560 0
7.0646 1.7640 0
7.0789 1.4710 0
7.0875 1.1782 0
7.0962 0.8861 0
7.1126 0.5943 0
7.1300 0.3014 0
7.1621 0.0131 0
7.2055 -0.2711 0
7.2545 -0.5561 0
7.3235 -0.8377 0
7.4172 -1.1116 0
7.5306 -1.3788 0
7.6614 -1.6380 0
7.8095 -1.8899 0
7.9815 -2.1275 0
8.1756 -2.3435 0
8.3935 -2.5344 0
8.6302 -2.7032 0
8.8797 -2.8521 0
9.1401 -2.9818 0
9.4139 -3.0841 0
9.6964 -3.1651 0
9.9866 -3.2154 0
10.2819 -3.2446 0
10.5791 -3.2504 0
10.8775 -3.2419 0
11.1803 -3.2231 0
11.4826 -3.1803 0
11.7828 -3.1157 0
12.0821 -3.0460 0
12.3769 -2.9603 0
12.6717 -2.8692 0
12.9678 -2.7823 0
13.2623 -2.6912 0
13.5583 -2.5992 0
13.8559 -2.5094 0
14.1528 -2.4142 0
14.4520 -2.3225 0
14.7522 -2.2328 0
15.0536 -2.1478 0
15.3521 -2.0569 0
15.6441 -1.9489 0
15.9294 -1.8221 0
16.1991 -1.6628 0
16.4422 -1.4662 0
16.6415 -1.2242 0
16.7653 -0.9362 0
16.7889 -0.6261 0
16.7182 -0.3273 0
16.5670 -0.0654 0
16.3437 0.1333 0
16.0869 0.2851 0
15.8047 0.3774 0
15.5147 0.4204 0
15.2254 0.4126 0
14.9423 0.3497 0
14.6677 0.2536 0
14.4035 0.1307 0
14.1524 -0.0180 0
13.9055 -0.1753 0
13.6615 -0.3357 0
13.4149 -0.4901 0
13.1655 -0.6398 0
12.9119 -0.7802 0
12.6599 -0.9187 0
12.4043 -1.0495 0
12.1482 -1.1798 0
11.8873 -1.2972 0
11.6202 -1.4040 0
11.3411 -1.4840 0
11.0541 -1.5274 0
10.7634 -1.5203 0
10.4827 -1.4516 0
10.2359 -1.3082 0
10.0457 -1.0941 0
9.9325 -0.8320 0
9.9041 -0.5533 0
9.9564 -0.2756 0
10.0735 -0.0208 0
10.2463 0.1978 0
10.4702 0.3635 0
10.7155 0.4965 0
10.9776 0.5972 0
11.2437 0.6862 0
11.5092 0.7763 0
11.7727 0.8672 0
12.0346 0.9605 0
12.2885 1.0776 0
12.5292 1.2187 0
12.7497 1.3889 0
12.9425 1.5913 0
13.1053 1.8147 0
13.2307 2.0593 0
13.3275 2.3162 0
13.3884 2.5823 0
13.4198 2.8526 0
13.4238 3.1213 0
13.3951 3.3872 0
13.3471 3.6472 0
13.2804 3.9020 0
13.2007 4.1503 0
13.1087 4.3904 0
13.0097 4.6276 0
12.9121 4.8633 0
12.8134 5.0987 0
12.7118 5.3352 0
12.6038 5.5724 0
12.4908 5.8083 0
12.3743 6.0459 0
12.2609 6.2853 0
12.1374 6.5204 0
12.0115 6.7546 0
11.8813 6.9851 0
11.7517 7.2158 0
11.6135 7.4428 0
11.4617 7.6631 0
11.3002 7.8778 0
11.1251 8.0818 0
10.9402 8.2732 0
10.7427 8.4503 0
10.5277 8.6087 0
10.2965 8.7410 0
10.0526 8.8498 0
9.7990 8.9339 0
9.5377 8.9951 0
9.2727 9.0398 0
9.0050 9.0641 0
8.7347 9.0673 0
8.4636 9.0524 0
8.1942 9.0191 0
7.9273 8.9740 0
7.6638 8.9177 0
7.4053 8.8429 0
7.1508 8.7587 0
6.8953 8.6748 0
6.6404 8.5945 0
6.3878 8.5060 0
6.1332 8.4211 0
5.8776 8.3375 0
5.6214 8.2580 0
5.3565 8.1924 0
5.0886 8.1288 0
4.8198 8.0661 0
4.5519 7.9989 0
4.2828 7.9314 0
4.0131 7.8632 0
3.7411 7.7960 0
3.4653 7.7298 0
3.1887 7.6624 0
2.9140 7.5852 0
2.6392 7.5014 0
2.3617 7.4107 0
2.0874 7.3093 0
1.8129 7.1992 0
1.5407 7.0787 0
1.2768 6.9391 0
1.0252 6.7809 0
0.7820 6.6098 0
0.5465 6.4294 0
0.3190 6.2375 0
0.1014 6.0310 0
-0.1007 5.8064 0
-0.2850 5.5633 0
-0.4492 5.3055 0
-0.5954 5.0368 0
-0.7200 4.7563 0
-0.8233 4.4649 0
-0.9064 4.1638 0
-0.9741 3.8588 0
-1.0239 3.5452 0
-1.0643 3.2278 0
-1.0719 2.9068 0
-1.0610 2.5868 0
-1.0353 2.2670 0
-0.9894 1.9482 0
-0.9231 1.6360 0
-0.8492 1.3265 0
-0.7616 1.0220 0
-0.6706 0.7171 0
-0.5735 0.4130 0
-0.4697 0.1077 0
-0.3621 -0.1968 0
-0.2425 -0.4988 0
-0.1241 -0.8005 0
-0.0063 -1.1054 0
0.1044 -1.4159 0
0.2130 -1.7297 0
0.3277 -2.0456 0
0.4563 -2.3584 0
0.5868 -2.6735 0
0.7138 -2.9916 0
0.8476 -3.3039 0
0.9960 -3.6059 0
1.1698 -3.8942 0
1.3767 -4.1608 0
1.6247 -4.3851 0
1.8844 -4.5945 0
2.1683 -4.7665 0
2.4790 -4.8723 0
2.8035 -4.9105 0
3.1252 -4.8858 0
3.4103 -4.8278 0
3.6800 -4.7396 0
3.9198 -4.5848 0
4.1257 -4.3857 0
4.2924 -4.1521 0
4.4166 -3.8951 0
4.4949 -3.6235 0
4.5380 -3.3451 0
4.5601 -3.0637 0
4.5454 -2.7830 0
4.5075 -2.5054 0
4.4460 -2.2333 0
4.3690 -1.9651 0
4.2742 -1.7005 0
4.1719 -1.4387 0
4.0621 -1.1795 0
3.9470 -0.9231 0
3.8311 -0.6682 0
3.7179 -0.4120 0
3.6013 -0.1559 0
3.4839 0.1004 0
3.3734 0.3599 0
3.2715 0.6222 0
3.1775 0.8870 0
3.1012 1.1584 0
3.0347 1.4313 0
2.9862 1.7039 0
2.9593 1.9776 0
