x y d
0.3440 -2.1255 0
0.4272 -2.3174 0
0.5072 -2.5103 0
0.5882 -2.7019 1
0.6743 -2.8924 1
0.7619 -3.0829 1
0.8524 -3.2728 1
0.9510 -3.4581 1
1.0541 -3.6407 1
1.1678 -3.8154 1
1.2894 -3.9830 1
1.4190 -4.1410 1
1.5593 -4.2884 1
1.7085 -4.4257 1
1.8690 -4.5491 1
2.0398 -4.6599 1
2.2226 -4.7561 1
2.4188 -4.8308 1
2.6238 -4.8845 1
2.8340 -4.9117 0
3.0434 -4.9132 0
3.2466 -4.8839 0
3.4426 -4.8323 0
3.6287 -4.7533 0
3.8026 -4.6553 0
3.9592 -4.5354 0
4.0972 -4.3934 0
4.2154 -4.2310 0
4.3151 -4.0564 0
4.3939 -3.8727 0
4.4568 -3.6796 0
4.5014 -3.4786 0
4.5259 -3.2752 0
4.5341 -3.0718 0
4.5261 -2.8665 0
4.5054 -2.6583 0
4.4678 -2.4497 0
4.4214 -2.2442 0
4.3622 -2.0423 0
4.2964 -1.8416 0
4.2248 -1.6410 0
4.1432 -1.4445 0
4.0596 -1.2479 0
3.9752 -1.0521 0
3.8879 -0.8575 0
3.8033 -0.6643 0
3.7202 -0.4716 0
3.6328 -0.2836 0
3.5475 -0.0950 0
3.4648 0.0930 0
3.3835 0.2807 0
3.3044 0.4742 0
3.2313 0.6743 1
3.1664 0.8783 1
3.1057 1.0847 1
3.0513 1.2917 1
3.0079 1.4976 1
2.9746 1.7062 1
2.9549 1.9196 1
2.9476 2.1367 1
2.9493 2.3570 1
2.9683 2.5812 1
3.0049 2.8062 1
3.0582 3.0286 1
3.1283 3.2484 1
3.2202 3.4604 1
3.3316 3.6618 1
3.4594 3.8513 1
3.6062 4.0217 1
3.7710 4.1721 1
3.9502 4.3073 0
4.1450 4.4185 0
4.3544 4.5019 0
4.5716 4.5561 0
4.7922 4.5826 0
5.0140 4.5816 0
5.2349 4.5548 0
5.4547 4.5040 0
5.6665 4.4235 0
5.8602 4.3119 0
6.0380 4.1773 0
6.1978 4.0236 0
6.3439 3.8556 0
6.4744 3.6763 0
6.5878 3.4862 0
6.6843 3.2872 0
6.7651 3.0796 0
6.8362 2.8695 0
6.8969 2.6573 0
6.9497 2.4430 0
6.9916 2.2273 0
7.0255 2.0081 0
7.0544 1.7896 0
7.0684 1.5671 1
7.0770 1.3412 1
7.0837 1.1126 1
7.0938 0.8803 1
7.1000 0.6461 1
7.1102 0.4113 1
7.1275 0.1775 1
7.1513 -0.0539 1
7.1832 -0.2895 1
7.2297 -0.5267 1
7.2890 -0.7615 1
7.3584 -0.9920 1
7.4418 -1.2151 1
7.5407 -1.4299 1
7.6572 -1.6366 1
7.7806 -1.8381 1
7.9164 -2.0280 1
8.0692 -2.2023 1
8.2304 -2.3660 1
8.4033 -2.5156 1
8.5882 -2.6501 1
8.7821 -2.7728 1
8.9821 -2.8846 1
9.1904 -2.9796 1
9.4057 -3.0536 1
9.6228 -3.1170 1
9.8437 -3.1722 1
10.0666 -3.2078 1
10.2908 -3.2271 0
10.5193 -3.2294 0
10.7527 -3.2258 0
10.9870 -3.2003 0
11.2231 -3.1721 0
11.4607 -3.1399 0
11.6977 -3.0967 0
11.9353 -3.0455 0
12.1729 -2.9903 0
12.4089 -2.9306 0
12.6436 -2.8619 0
12.8820 -2.7921 0
13.1210 -2.7186 0
13.3590 -2.6413 0
13.6003 -2.5695 0
13.8442 -2.4960 0
14.0902 -2.4227 0
14.3349 -2.3540 0
14.5756 -2.2799 0
14.8176 -2.2066 0
15.0602 -2.1306 0
15.3004 -2.0496 0
15.5389 -1.9628 0
15.7731 -1.8651 0
15.9999 -1.7495 0
16.2146 -1.6095 0
16.4087 -1.4432 0
16.5795 -1.2531 0
16.7109 -1.0340 0
16.7945 -0.7941 0
16.8135 -0.5420 0
16.7637 -0.2977 0
16.6542 -0.0725 0
16.4977 0.1231 0
16.2985 0.2734 0
16.0751 0.3766 0
15.8381 0.4334 0
15.5945 0.4534 0
15.3496 0.4322 0
15.1095 0.3802 0
14.8742 0.3026 0
14.6424 0.2072 0
14.4151 0.0969 0
14.1935 -0.0219 0
13.9738 -0.1465 0
13.7536 -0.2741 0
13.5337 -0.4049 0
13.3152 -0.5396 0
13.0961 -0.6711 1
12.8727 -0.8003 1
12.6465 -0.9256 1
12.4168 -1.0469 1
12.1841 -1.1655 1
11.9455 -1.2680 1
11.7021 -1.3597 1
11.4506 -1.4333 1
11.1911 -1.4837 1
10.9276 -1.5043 1
10.6672 -1.4758 1
10.4194 -1.3948 1
10.2010 -1.2526 1
10.0330 -1.0538 1
9.9271 -0.8175 0
9.8822 -0.5637 0
9.9148 -0.3114 0
10.0125 -0.0751 0
10.1629 0.1326 0
10.3490 0.3144 0
10.5670 0.4569 0
10.8019 0.5670 0
11.0457 0.6565 0
11.2948 0.7377 0
11.5460 0.8137 0
11.7957 0.8960 0
12.0396 0.9909 0
12.2765 1.1027 0
12.5061 1.2324 0
12.7182 1.3890 0
12.9084 1.5725 0
13.0737 1.7789 0
13.2034 2.0111 0
13.3035 2.2602 0
13.3700 2.5220 0
13.4018 2.7914 0
13.4033 3.0634 0
13.3846 3.3356 0
13.3410 3.6032 0
13.2722 3.8642 0
13.1929 4.1216 0
13.0996 4.3757 0
12.9988 4.6257 1
12.8958 4.8751 1
12.7847 5.1208 1
12.6733 5.3651 1
12.5651 5.6083 1
12.4506 5.8506 1
12.3383 6.0941 1
12.2239 6.3384 1
12.1012 6.5791 1
11.9760 6.8227 1
11.8405 7.0625 1
11.7013 7.3015 1
11.5543 7.5339 1
11.3991 7.7600 1
11.2256 7.9713 1
11.0356 8.1680 1
10.8359 8.3541 1
10.6214 8.5225 1
10.3937 8.6704 1
10.1518 8.7950 1
9.8942 8.8921 1
9.6268 8.9625 1
9.3556 9.0150 1
9.0848 9.0503 1
8.8098 9.0639 0
8.5331 9.0555 0
8.2570 9.0285 0
7.9797 8.9825 0
7.7037 8.9181 0
7.4310 8.8386 0
7.1590 8.7519 0
6.8846 8.6618 0
6.6067 8.5733 0
6.3278 8.4880 0
6.0473 8.4007 0
5.7667 8.3146 0
5.4869 8.2244 1
5.2051 8.1417 1
4.9216 8.0661 1
4.6365 7.9936 1
4.3496 7.9205 1
4.0602 7.8516 1
3.7683 7.7862 1
3.4752 7.7224 1
3.1811 7.6554 1
2.8865 7.5841 1
2.5940 7.5003 1
2.3039 7.4065 1
2.0182 7.2969 1
1.7374 7.1726 1
1.4616 7.0303 1
1.1914 6.8728 1
0.9260 6.7065 1
0.6737 6.5234 1
0.4342 6.3200 1
0.2092 6.1008 1
-0.0042 5.8687 1
-0.2055 5.6269 1
-0.3878 5.3729 1
-0.5541 5.1071 0
-0.6932 4.8267 0
-0.8145 4.5393 0
-0.9107 4.2435 0
-0.9818 3.9414 0
-1.0345 3.6384 0
-1.0635 3.3329 0
-1.0749 3.0269 0
-1.0719 2.7188 0
-1.0540 2.4098 0
-1.0072 2.1040 0
-0.9496 1.7983 0
-0.8806 1.4927 0
-0.8018 1.1885 0
-0.7132 0.8889 0
-0.6149 0.5935 0
-0.5113 0.3002 0
-0.4100 0.0063 0
-0.3083 -0.2860 0
-0.2044 -0.5753 0
-0.0976 -0.8632 0
0.0051 -1.1524 0
0.1058 -1.4395 0
0.2103 -1.7249 0
0.3105 -2.0107 0
0.4139 -2.2955 1
0.5208 -2.5761 1
0.6354 -2.8524 1
0.7592 -3.1265 1
0.8974 -3.3930 1
1.0494 -3.6477 1
1.2102 -3.8939 1
1.3860 -4.1326 1
1.5842 -4.3529 1
1.8070 -4.5475 1
2.0543 -4.7078 1
2.3232 -4.8304 1
2.6095 -4.9080 1
2.9033 -4.9333 0
3.1944 -4.9008 0
3.4628 -4.8299 0
3.7142 -4.7152 0
3.9343 -4.5483 0
4.1194 -4.3448 0
4.2715 -4.1143 0
4.3883 -3.8635 0
4.4682 -3.5990 0
4.5152 -3.3272 0
4.5295 -3.0505 0
4.5168 -2.7726 0
4.4804 -2.4966 0
4.4252 -2.2232 0
4.3484 -1.9541 0
4.2596 -1.6902 0
4.1594 -1.4330 0
4.0484 -1.1840 0
3.9331 -0.9407 0
3.8124 -0.7021 0
3.6915 -0.4615 0
3.5710 -0.2211 0
3.4591 0.0215 0
3.3548 0.2647 0
3.2630 0.5131 0
3.1818 0.7661 0
3.1098 1.0216 0
3.0505 1.2765 0
3.0005 1.5338 0
2.9686 1.7936 0
2.9465 2.0518 0
2.9424 2.3104 0
2.9603 2.5690 0
3.0005 2.8240 0
3.0602 3.0744 0
3.1486 3.3167 0
3.2597 3.5504 1
3.3891 3.7736 1
3.5499 3.9771 1
3.7357 4.1606 0
3.9447 4.3159 0
4.1725 4.4388 0
4.4157 4.5286 0
4.6704 4.5783 0
4.9290 4.5879 0
5.1853 4.5587 0
5.4349 4.4901 0
5.6741 4.3841 0
5.8991 4.2517 0
6.1031 4.0916 0
6.2865 3.9081 0
6.4531 3.7059 0
6.5973 3.4851 0
6.7189 3.2488 0
6.8192 3.0030 0
6.9029 2.7496 0
6.9614 2.4897 0
7.0055 2.2282 0
7.0365 1.9642 0
7.0581 1.6976 0
7.0672 1.4290 0
7.0790 1.1596 0
7.0899 0.8901 0
7.0979 0.6194 0
7.1148 0.3462 0
7.1363 0.0734 0
7.1659 -0.1987 0
7.2145 -0.4690 0
7.2787 -0.7364 0
7.3557 -1.0004 0
7.4583 -1.2560 0
7.5768 -1.5057 0
7.7102 -1.7469 0
7.8614 -1.9766 0
8.0330 -2.1915 0
8.2237 -2.3885 0
8.4350 -2.5632 0
8.6638 -2.7185 0
8.9067 -2.8554 0
9.1615 -2.9745 0
9.4275 -3.0688 0
9.6987 -3.1392 0
9.9726 -3.1917 0
10.2499 -3.2239 0
10.5297 -3.2367 0
10.8102 -3.2294 0
11.0902 -3.1998 0
11.3676 -3.1587 0
11.6399 -3.1095 0
11.9108 -3.0561 0
12.1803 -3.0022 0
12.4452 -2.9348 0
12.7066 -2.8600 0
12.9671 -2.7816 0
13.2259 -2.6970 0
13.4843 -2.6118 0
13.7437 -2.5303 0
14.0048 -2.4504 0
14.2696 -2.3719 0
14.5352 -2.2913 0
14.8060 -2.2125 0
15.0816 -2.1310 0
15.3517 -2.0433 0
15.6163 -1.9489 0
15.8738 -1.8364 0
16.1245 -1.7040 0
16.3563 -1.5398 0
16.5506 -1.3318 0
16.7017 -1.0886 0
16.7898 -0.8169 0
16.7950 -0.5317 0
16.7154 -0.2619 0
16.5766 -0.0189 0
16.3792 0.1742 0
16.1354 0.3064 0
15.8712 0.3880 0
15.5957 0.4239 0
15.3181 0.4044 0
15.0452 0.3442 0
14.7806 0.2488 0
14.5251 0.1345 0
14.2798 0.0058 0
14.0386 -0.1325 0
13.7995 -0.2691 0
13.5641 -0.4076 0
13.3314 -0.5469 0
13.0961 -0.6831 0
12.8597 -0.8140 0
12.6259 -0.9443 0
12.3921 -1.0697 0
12.1527 -1.1805 0
11.9118 -1.2863 0
11.6657 -1.3774 0
11.4140 -1.4474 0
11.1563 -1.4941 0
10.8927 -1.5102 0
10.6290 -1.4798 0
10.3822 -1.3897 0
10.1695 -1.2382 0
10.0056 -1.0336 0
9.9116 -0.7909 0
9.8880 -0.5337 0
9.9390 -0.2858 0
10.0467 -0.0575 0
10.2012 0.1430 0
10.3922 0.3083 0
10.6017 0.4447 0
10.8267 0.5532 0
11.0650 0.6436 0
11.3101 0.7195 0
11.5553 0.7886 0
11.7940 0.8690 0
12.0288 0.9585 0
12.2549 1.0679 0
12.4733 1.1922 0
12.6732 1.3426 0
12.8566 1.5115 0
13.0204 1.6991 0
13.1586 1.9046 0
13.2621 2.1267 0
13.3318 2.3575 0
13.3764 2.5958 0
13.4007 2.8342 0
13.4001 3.0743 0
13.3776 3.3175 0
13.3383 3.5607 0
13.2841 3.8019 0
13.2133 4.0375 0
13.1286 4.2656 0
13.0382 4.4942 0
12.9458 4.7214 0
12.8489 4.9440 0
12.7471 5.1648 0
12.6456 5.3897 0
12.5477 5.6156 0
12.4466 5.8385 0
12.3401 6.0603 0
12.2295 6.2844 0
12.1171 6.5107 0
12.0015 6.7385 0
11.8797 6.9630 0
11.7556 7.1859 0
11.6235 7.4051 0
11.4839 7.6223 0
11.3335 7.8336 0
11.1643 8.0312 0
10.9784 8.2180 0
10.7796 8.3948 0
10.5643 8.5524 0
10.3343 8.6896 0
10.0937 8.8082 0
9.8404 8.8997 0
9.5809 8.9694 0
9.3159 9.0150 0
9.0500 9.0442 0
8.7819 9.0546 0
8.5142 9.0471 0
8.2489 9.0183 0
7.9884 8.9671 0
7.7301 8.9035 0
7.4736 8.8348 0
7.2165 8.7620 0
6.9624 8.6837 0
6.7086 8.6022 0
6.4581 8.5207 0
6.2038 8.4461 0
5.9450 8.3776 0
5.6820 8.3070 0
5.4197 8.2316 0
5.1575 8.1533 0
4.8913 8.0794 0
4.6220 8.0066 0
4.3506 7.9395 0
4.0799 7.8792 0
3.8102 7.8205 0
3.5397 7.7684 0
3.2700 7.7150 0
3.0006 7.6540 0
2.7382 7.5740 0
2.4767 7.4911 0
2.2170 7.3988 0
1.9589 7.2986 0
1.7045 7.1903 0
1.4532 7.0685 0
1.2085 6.9317 0
0.9726 6.7798 0
0.7449 6.6138 0
0.5251 6.4381 0
0.3152 6.2495 0
0.1208 6.0448 0
-0.0669 5.8342 0
-0.2384 5.6096 0
-0.3967 5.3770 0
-0.5364 5.1322 0
-0.6660 4.8821 0
-0.7852 4.6269 0
-0.8771 4.3599 0
-0.9480 4.0882 0
-1.0048 3.8130 0
-1.0417 3.5346 0
-1.0569 3.2506 0
-1.0666 2.9640 0
-1.0644 2.6758 0
-1.0447 2.3874 0
-1.0046 2.0991 0
-0.9496 1.8132 0
-0.8876 1.5295 0
-0.8173 1.2451 0
-0.7384 0.9614 0
-0.6486 0.6812 0
-0.5572 0.3991 0
-0.4615 0.1188 0
-0.3591 -0.1603 0
-0.2617 -0.4403 0
-0.1609 -0.7189 0
-0.0644 -0.9997 0
0.0302 -1.2806 0
0.1252 -1.5623 0
0.2237 -1.8424 0
0.3230 -2.1235 0
0.4306 -2.4036 0
0.5443 -2.6822 0
0.6634 -2.9585 0
0.7929 -3.2314 0
0.9343 -3.4980 0
1.0850 -3.7584 0
1.2547 -4.0036 0
1.4485 -4.2309 0
1.6615 -4.4414 0
1.8959 -4.6225 0
2.1504 -4.7636 0
2.4220 -4.8703 0
2.7056 -4.9320 0
2.9922 -4.9381 0
3.2740 -4.8824 0
3.5431 -4.7799 0
3.7907 -4.6373 0
4.0060 -4.4561 0
4.1853 -4.2387 0
4.3247 -3.9964 0
4.4249 -3.7385 0
4.4945 -3.4688 0
4.5320 -3.1951 0
4.5307 -2.9195 0
4.4989 -2.6451 0
4.4479 -2.3743 0
4.3790 -2.1083 0
4.2972 -1.8451 0
4.2050 -1.5844 0
4.1021 -1.3290 0
3.9868 -1.0807 0
3.8654 -0.8377 0
3.7490 -0.5917 0
3.6392 -0.3398 0
3.5305 -0.0857 0
3.4251 0.1692 0
3.3266 0.4249 0
3.2344 0.6791 0
3.1484 0.9374 0
3.0759 1.2025 0
3.0112 1.4712 0
2.9646 1.7440 0
2.9381 2.0206 0
2.9279 2.2969 0
2.9451 2.5684 0
2.9908 2.8366 0
3.0607 3.0985 0
3.1535 3.3506 0
3.2705 3.5902 0
3.4160 3.8150 0
3.5880 4.0243 0
3.7864 4.2097 0
4.0150 4.3630 0
4.2640 4.4822 0
4.5295 4.5592 0
4.8027 4.5959 0
5.0779 4.5814 0
5.3193 4.5116 0
5.5466 4.4204 0
5.7670 4.3136 0
5.9767 4.1841 0
6.1676 4.0286 0
6.3385 3.8475 0
6.4888 3.6452 0
6.6172 3.4294 0
6.7230 3.2008 0
6.8111 2.9641 0
6.8851 2.7205 0
6.9448 2.4744 0
6.9912 2.2256 0
7.0232 1.9759 0
7.0448 1.7264 0
7.0594 1.4758 0
7.0667 1.2248 0
7.0725 0.9704 0
7.0828 0.7132 0
7.0955 0.4572 0
7.1139 0.2040 0
7.1381 -0.0478 0
7.1777 -0.2987 0
7.2234 -0.5495 0
7.2827 -0.7985 0
7.3590 -1.0435 0
7.4541 -1.2839 0
7.5637 -1.5178 0
7.6929 -1.7422 0
7.8405 -1.9560 0
8.0056 -2.1563 0
8.1874 -2.3413 0
8.3828 -2.5107 0
8.5901 -2.6656 0
8.8090 -2.8013 0
9.0375 -2.9171 0
9.2725 -3.0126 0
9.5144 -3.0919 0
9.7608 -3.1522 0
10.0122 -3.2008 0
10.2684 -3.2330 0
10.5284 -3.2470 0
10.7888 -3.2429 0
11.0650 -3.1881 0
11.3523 -3.1123 0
11.6456 -3.0558 0
11.9397 -3.0046 0
12.2318 -2.9431 0
12.5250 -2.8846 0
12.8194 -2.8126 0
13.1102 -2.7303 0
13.3982 -2.6409 0
13.6868 -2.5512 0
13.9762 -2.4603 0
14.2668 -2.3721 0
14.5573 -2.2867 0
14.8495 -2.2052 0
15.1402 -2.1185 0
15.4310 -2.0245 0
15.7201 -1.9171 0
16.0031 -1.7872 0
16.2689 -1.6232 0
16.4987 -1.4172 0
16.6644 -1.1601 0
16.7779 -0.8766 0
16.7921 -0.5783 0
16.7331 -0.2900 0
16.5808 -0.0387 0
16.3713 0.1693 0
16.1074 0.3027 0
15.8167 0.3718 0
15.5190 0.3865 0
15.2245 0.3523 0
14.9364 0.2826 0
14.6583 0.1779 0
14.3892 0.0525 0
14.1248 -0.0833 0
13.8625 -0.2298 0
13.6026 -0.3834 0
13.3408 -0.5334 0
13.0799 -0.6824 0
12.8207 -0.8340 0
12.5606 -0.9816 0
12.2941 -1.1170 0
12.0248 -1.2438 0
11.7500 -1.3568 0
11.4672 -1.4510 0
11.1723 -1.5158 0
10.8695 -1.5303 0
10.5749 -1.4776 0
10.3174 -1.3354 0
10.1025 -1.1387 0
9.9549 -0.8887 0
9.9065 -0.6041 0
9.9454 -0.3166 0
10.0672 -0.0524 0
10.2493 0.1749 0
10.4751 0.3598 0
10.7311 0.4998 0
11.0031 0.6112 0
11.2810 0.7061 0
11.5596 0.7938 0
11.8362 0.8839 0
12.1099 0.9838 0
12.3711 1.1114 0
12.6146 1.2691 0
12.8316 1.4604 0
13.0197 1.6763 0
13.1684 1.9218 0
13.2779 2.1896 0
13.3500 2.4716 0
13.3816 2.7610 0
13.3821 3.0508 0
13.3632 3.3383 0
13.3173 3.6221 0
13.2487 3.9026 0
13.1676 4.1772 0
13.0744 4.4476 0
12.9743 4.7165 0
12.8615 4.9818 0
12.7416 5.2450 0
12.6181 5.5039 0
12.4997 5.7619 0
12.3818 6.0187 0
12.2611 6.2755 0
12.1399 6.5322 0
12.0140 6.7883 0
11.8833 7.0420 0
11.7389 7.2877 0
11.5847 7.5269 0
11.4128 7.7568 0
11.2276 7.9799 0
11.0244 8.1867 0
10.8112 8.3789 0
10.5837 8.5536 0
10.3386 8.7064 0
10.0800 8.8348 0
9.8077 8.9304 0
9.5276 9.0018 0
9.2431 9.0454 0
8.9579 9.0664 0
8.6728 9.0604 0
8.3887 9.0298 0
8.1048 8.9826 0
7.8224 8.9222 0
7.5404 8.8505 0
7.2625 8.7660 0
6.9853 8.6792 0
6.7090 8.5915 0
6.4320 8.5018 0
6.1555 8.4140 0
5.8786 8.3318 0
5.5998 8.2538 0
5.3188 8.1809 0
5.0370 8.1063 0
4.7537 8.0412 0
4.4675 7.9775 0
4.1789 7.9125 0
3.8893 7.8439 0
3.6003 7.7736 0
3.3119 7.6988 0
3.0214 7.6226 0
2.7326 7.5363 0
2.4446 7.4409 0
2.1578 7.3423 0
1.8772 7.2301 0
1.6004 7.1094 0
1.3330 6.9722 0
1.0670 6.8259 0
0.8151 6.6566 0
0.5754 6.4713 0
0.3495 6.2742 0
0.1379 6.0623 0
-0.0632 5.8381 0
-0.2447 5.5992 0
-0.4094 5.3496 0
-0.5629 5.0940 0
-0.6923 4.8267 0
-0.8025 4.5491 0
-0.8960 4.2635 0
-0.9625 3.9752 0
-1.0129 3.6864 0
-1.0456 3.3986 0
-1.0680 3.1096 0
-1.0709 2.8231 0
-1.0633 2.5382 0
-1.0421 2.2558 0
-1.0072 1.9742 0
-0.9573 1.6943 0
-0.8898 1.4148 0
-0.8063 1.1377 0
-0.7182 0.8624 0
-0.6260 0.5874 0
-0.5251 0.3173 0
-0.4253 0.0444 0
-0.3244 -0.2295 0
-0.2286 -0.5057 0
-0.1375 -0.7807 0
-0.0453 -1.0547 0
0.0560 -1.3264 0
0.1575 -1.6001 0
0.2510 -1.8793 0
0.3493 -2.1594 0
0.4506 -2.4365 0
0.5587 -2.7095 0
0.6769 -2.9799 0
0.8109 -3.2466 0
0.9492 -3.5125 0
1.1001 -3.7717 0
1.2705 -4.0190 0
1.4662 -4.2504 0
1.6858 -4.4622 0
1.9279 -4.6430 0
2.1918 -4.7868 0
2.4757 -4.8878 0
2.7716 -4.9379 0
3.0703 -4.9260 0
3.3528 -4.8568 0
3.6185 -4.7380 0
3.8635 -4.5759 0
4.0764 -4.3722 0
4.2507 -4.1368 0
4.3811 -3.8758 0
4.4637 -3.5995 0
4.5138 -3.3145 0
4.5287 -3.0230 0
4.5086 -2.7315 0
4.4592 -2.4436 0
4.3900 -2.1588 0
4.3029 -1.8788 0
4.2045 -1.6027 0
4.1006 -1.3294 0
3.9853 -1.0594 0
3.8619 -0.7952 0
3.7380 -0.5303 0
3.6107 -0.2619 0
3.4870 0.0093 0
3.3746 0.2822 0
3.2668 0.5581 0
3.1717 0.8379 0
3.0879 1.1191 0
3.0176 1.4029 0
2.9646 1.6891 0
2.9294 1.9772 0
2.9242 2.2667 0
2.9456 2.5534 0
2.9974 2.8370 0
3.0743 3.1144 0
3.1759 3.3830 0
3.3026 3.6403 0
3.4641 3.8761 0
3.6559 4.0880 0
3.8783 4.2667 0
4.1233 4.4097 0
4.3890 4.5127 0
4.6669 4.5687 0
4.9499 4.5779 0
5.2175 4.5375 0
5.4232 4.4400 0
5.6174 4.3252 0
5.8126 4.2117 0
5.9988 4.0840 0
6.1750 3.9426 0
6.3379 3.7866 0
6.4832 3.6180 0
6.6096 3.4373 0
6.7178 3.2459 0
6.8068 3.0428 0
6.8810 2.8327 0
6.9391 2.6146 0
6.9847 2.3949 0
7.0177 2.1775 0
7.0366 1.9573 0
7.0485 1.7368 0
7.0562 1.5162 0
7.0638 1.2963 0
7.0693 1.0776 0
7.0786 0.8597 0
7.0855 0.6409 0
7.1011 0.4228 0
7.1163 0.2016 0
7.1365 -0.0186 0
7.1628 -0.2404 0
7.1997 -0.4622 0
7.2477 -0.6837 0
7.3105 -0.9042 0
7.3903 -1.1206 0
7.4827 -1.3298 0
7.5872 -1.5335 0
7.7034 -1.7310 0
7.8296 -1.9226 0
7.9709 -2.1021 0
8.1300 -2.2670 0
8.2973 -2.4222 0
8.4757 -2.5609 0
8.6621 -2.6891 0
8.8559 -2.8052 0
9.0591 -2.9071 0
9.2671 -2.9925 0
9.4811 -3.0650 0
9.7004 -3.1239 0
9.9212 -3.1689 0
10.1426 -3.2044 0
10.3674 -3.2217 0
10.5944 -3.2276 0
10.8189 -3.2194 0
11.0308 -3.1861 0
11.2463 -3.1566 0
11.4638 -3.1241 0
11.6822 -3.0882 0
11.9022 -3.0461 0
12.1223 -2.9927 0
12.3434 -2.9386 0
12.5630 -2.8779 0
12.7827 -2.8180 0
13.0035 -2.7553 0
13.2239 -2.6888 0
13.4465 -2.6251 0
13.6720 -2.5607 0
13.8971 -2.4916 0
14.1255 -2.4225 0
14.3562 -2.3520 0
14.5880 -2.2825 0
14.8178 -2.2130 0
15.0477 -2.1391 0
15.2773 -2.0583 0
15.5066 -1.9695 0
15.7378 -1.8680 0
15.9653 -1.7572 0
16.1819 -1.6297 0
16.3791 -1.4773 0
16.5523 -1.2983 0
16.6874 -1.0916 0
16.7732 -0.8637 0
16.8025 -0.6228 0
16.7742 -0.3812 0
16.6828 -0.1591 0
16.5463 0.0376 0
16.3685 0.1989 0
16.1595 0.3171 0
15.9296 0.3904 0
15.6932 0.4242 0
15.4571 0.4231 0
15.2215 0.3891 0
14.9917 0.3296 0
14.7686 0.2528 0
14.5547 0.1559 0
14.3450 0.0461 0
14.1381 -0.0704 0
13.9308 -0.1900 0
13.7240 -0.3129 0
13.5189 -0.4420 0
13.3087 -0.5632 0
13.0988 -0.6819 0
12.8879 -0.7993 0
12.6729 -0.9133 0
12.4557 -1.0280 0
12.2341 -1.1401 0
12.0054 -1.2431 0
11.7741 -1.3348 0
11.5395 -1.4124 0
11.2983 -1.4679 0
11.0539 -1.4959 0
10.8069 -1.4916 0
10.5662 -1.4424 0
10.3408 -1.3431 0
10.1459 -1.1957 0
9.9981 -1.0037 0
9.9065 -0.7786 0
9.8832 -0.5380 0
9.9222 -0.2970 0
10.0160 -0.0746 0
10.1542 0.1237 0
10.3301 0.2918 0
10.5318 0.4270 0
10.7487 0.5365 0
10.9746 0.6286 0
11.2037 0.7072 0
11.4402 0.7736 0
11.6766 0.8422 0
11.9091 0.9206 0
12.1345 1.0120 0
12.3488 1.1242 0
12.5485 1.2581 0
12.7367 1.4089 0
12.9043 1.5803 0
13.0451 1.7707 0
13.1644 1.9755 0
13.2676 2.1929 0
13.3381 2.4232 0
13.3807 2.6612 0
13.4024 2.9026 0
13.4029 3.1442 0
13.3897 3.3843 0
13.3568 3.6241 0
13.2995 3.8586 0
13.2263 4.0899 0
13.1481 4.3205 0
13.0615 4.5491 0
12.9633 4.7729 0
12.8637 4.9969 0
12.7620 5.2205 0
12.6575 5.4459 0
12.5484 5.6697 0
12.4411 5.8947 0
12.3306 6.1140 0
12.2171 6.3329 0
12.1043 6.5540 0
11.9885 6.7740 0
11.8687 6.9920 0
11.7463 7.2090 0
11.6177 7.4216 0
11.4812 7.6290 0
11.3329 7.8269 0
11.1777 8.0174 0
11.0116 8.1977 0
10.8296 8.3610 0
10.6332 8.5101 0
10.4255 8.6476 0
10.2072 8.7660 0
9.9778 8.8599 0
9.7442 8.9356 0
9.5060 8.9929 0
9.2663 9.0354 0
9.0224 9.0608 0
8.7763 9.0683 0
8.5285 9.0588 0
8.2812 9.0339 0
8.0362 8.9929 0
7.7933 8.9413 0
7.5511 8.8779 0
7.3088 8.8038 0
7.0655 8.7257 0
6.8249 8.6413 0
6.5844 8.5571 0
6.3415 8.4786 0
6.0946 8.4054 0
5.8501 8.3278 0
5.6038 8.2566 0
5.3544 8.1851 0
5.1059 8.1135 0
4.8560 8.0479 0
4.6057 7.9858 0
4.3552 7.9258 0
4.1050 7.8628 0
3.8527 7.8080 0
3.5990 7.7502 0
3.3465 7.6980 0
3.0995 7.6443 0
2.8543 7.5793 0
2.6122 7.5047 0
2.3724 7.4258 0
2.1346 7.3381 0
1.8958 7.2438 0
1.6590 7.1421 0
1.4268 7.0311 0
1.1993 6.9055 0
0.9772 6.7639 0
0.7627 6.6101 0
0.5533 6.4467 0
0.3550 6.2690 0
0.1665 6.0784 0
-0.0125 5.8739 0
-0.1843 5.6639 0
-0.3376 5.4437 0
-0.4768 5.2146 0
-0.6004 4.9778 0
-0.7119 4.7343 0
-0.8114 4.4858 0
-0.8890 4.2300 0
-0.9498 3.9691 0
-1.0048 3.7049 0
-1.0422 3.4367 0
-1.0636 3.1659 0
-1.0709 2.8947 0
-1.0704 2.6236 0
-1.0512 2.3539 0
-1.0128 2.0856 0
-0.9652 1.8196 0
-0.9028 1.5573 0
-0.8318 1.2965 0
-0.7533 1.0376 0
-0.6666 0.7780 0
-0.5802 0.5156 0
-0.4950 0.2540 0
-0.4125 -0.0086 0
-0.3203 -0.2695 0
-0.2228 -0.5294 0
-0.1285 -0.7891 0
-0.0346 -1.0504 0
0.0569 -1.3140 0
0.1468 -1.5764 0
0.2381 -1.8347 0
0.3375 -2.0873 0
0.4308 -2.3397 0
0.5264 -2.5906 0
0.6225 -2.8406 0
0.7280 -3.0856 0
0.8435 -3.3265 0
0.9730 -3.5623 0
1.1157 -3.7908 0
1.2711 -4.0103 0
1.4407 -4.2195 0
1.6311 -4.4119 0
1.8450 -4.5805 0
2.0779 -4.7207 0
2.3259 -4.8307 0
2.5870 -4.8995 0
2.8533 -4.9343 0
3.1194 -4.9249 0
3.3781 -4.8757 0
3.6168 -4.7734 0
3.8355 -4.6320 0
4.0272 -4.4603 0
4.1881 -4.2597 0
4.3189 -4.0363 0
4.4172 -3.7977 0
4.4870 -3.5499 0
4.5286 -3.2957 0
4.5383 -3.0381 0
4.5274 -2.7803 0
4.4915 -2.5243 0
4.4379 -2.2730 0
4.3713 -2.0242 0
4.2947 -1.7767 0
4.2037 -1.5328 0
4.1024 -1.2952 0
3.9953 -1.0626 0
3.8849 -0.8355 0
3.7749 -0.6080 0
3.6634 -0.3795 0
3.5545 -0.1492 0
3.4549 0.0849 0
3.3624 0.3223 0
3.2832 0.5625 0
3.2063 0.8061 0
3.1362 1.0541 0
3.0704 1.3020 0
3.0141 1.5496 0
2.9790 1.7994 0
2.9592 2.0480 0
2.9552 2.2964 0
2.9673 2.5444 0
3.0097 2.7911 0
3.0716 3.0362 0
3.1510 3.2766 0
3.2511 3.5095 0
3.3746 3.7323 0
3.5231 3.9393 0
3.6955 4.1234 0
3.8922 4.2780 0
4.1071 4.4060 0
4.3394 4.5002 0
4.5807 4.5613 0
4.8267 4.5848 0
5.0749 4.5754 0
5.3199 4.5246 0
5.5552 4.4443 0
5.7754 4.3377 0
5.9734 4.1984 0
6.1567 4.0385 0
6.3247 3.8602 0
6.4714 3.6660 0
6.6028 3.4587 0
6.7216 3.2409 0
6.8181 3.0138 0
6.8980 2.7846 0
6.9611 2.5493 0
7.0087 2.3097 0
7.0398 2.0701 0
7.0599 1.8309 0
7.0715 1.5903 0
7.0782 1.3500 0
7.0825 1.1104 0
7.0848 0.8712 0
