x y d ox oy
9.2125 9.0034 0 5.3273 8.1780
9.0179 9.0207 0 5.1411 8.1291
8.8224 9.0307 0 4.9544 8.0819
8.6262 9.0322 0 4.7673 8.0363
8.4297 9.0239 0 4.5799 7.9921
8.2335 9.0056 0 4.3922 7.9490
8.0380 8.9772 0 4.2043 7.9068
7.8435 8.9395 0 4.0163 7.8650
7.6503 8.8935 0 3.8283 7.8233
7.4583 8.8408 0 3.6404 7.7812
7.2672 8.7829 0 3.4527 7.7383
7.0766 8.7213 0 3.2653 7.6939
6.8861 8.6575 0 3.0784 7.6476
6.6953 8.5928 0 2.8922 7.5987
6.5039 8.5282 0 2.7067 7.5468
6.3115 8.4643 0 2.5224 7.4913
6.1180 8.4018 0 2.3393 7.4317
5.9233 8.3411 0 2.1577 7.3674
5.7272 8.2825 0 1.9781 7.2981
5.5296 8.2263 0 1.8007 7.2232
5.3304 8.1727 0 1.6259 7.1425
5.1297 8.1212 0 1.4540 7.0557
4.9276 8.0715 0 1.2854 6.9626
4.7242 8.0232 0 1.1205 6.8632
4.5196 7.9759 0 0.9596 6.7574
4.3139 7.9292 0 0.8030 6.6455
4.1071 7.8827 0 0.6507 6.5276
3.8995 7.8359 0 0.5031 6.4040
3.6912 7.7885 0 0.3602 6.2749
3.4822 7.7399 0 0.2224 6.1405
3.2728 7.6894 0 0.0898 6.0008
3.0632 7.6365 0 -0.0369 5.8558
2.8537 7.5804 0 -0.1573 5.7056
2.6444 7.5203 0 -0.2710 5.5502
2.4359 7.4555 0 -0.3774 5.3897
2.2284 7.3851 0 -0.4762 5.2245
2.0225 7.3082 0 -0.5671 5.0547
1.8187 7.2241 0 -0.6498 4.8809
1.6176 7.1322 0 -0.7244 4.7033
1.4198 7.0318 0 -0.7802 4.5232
1.2259 6.9228 0 -0.8123 4.3425
1.0365 6.8051 0 -0.8337 4.1621
0.8518 6.6788 0 -0.8446 3.9824
0.6725 6.5441 0 -0.8444 3.8044
0.4989 6.4012 0 -0.8327 3.6288
0.3314 6.2503 0 -0.8094 3.4565
0.1705 6.0915 0 -0.7750 3.2881
0.0168 5.9251 0 -0.7309 3.1240
-0.1292 5.7512 0 -0.6785 2.9641
-0.2665 5.5697 0 -0.6197 2.8081
-0.3945 5.3810 0 -0.5929 2.6396
-0.5124 5.1851 0 -0.5793 2.4632
-0.6193 4.9826 0 -0.5597 2.2867
-0.7149 4.7739 0 -0.5343 2.1099
-0.7987 4.5597 0 -0.5034 1.9331
-0.8708 4.3407 0 -0.4674 1.7561
-0.9312 4.1177 0 -0.4267 1.5789
-0.9804 3.8914 0 -0.3817 1.4017
-1.0186 3.6624 0 -0.3328 1.2242
-1.0463 3.4313 0 -0.2805 1.0465
-1.0636 3.1987 0 -0.2251 0.8685
-1.0707 2.9650 0 -0.1672 0.6901
-1.0676 2.7307 0 -0.1072 0.5114
-1.0546 2.4962 0 -0.0455 0.3321
-1.0317 2.2619 0 0.0175 0.1523
-0.9990 2.0281 0 0.0814 -0.0280
-0.9564 1.7954 0 0.1460 -0.2089
-0.9046 1.5638 0 0.2108 -0.3902
-0.8447 1.3333 0 0.2756 -0.5721
-0.7785 1.1038 0 0.3403 -0.7543
-0.7073 0.8749 1 0.4047 -0.9367
-0.6322 0.6464 1 0.4687 -1.1192
-0.5541 0.4180 1 0.5324 -1.3016
-0.4740 0.1894 1 0.5957 -1.4837
-0.3929 -0.0396 1 0.6588 -1.6651
-0.3114 -0.2692 1 0.7220 -1.8456
-0.2299 -0.4996 1 0.7856 -2.0248
-0.1488 -0.7310 1 0.8500 -2.2023
-0.0683 -0.9632 1 0.9156 -2.3777
0.0114 -1.1964 1 0.9830 -2.5507
0.0904 -1.4304 1 1.0526 -2.7207
0.1690 -1.6652 1 1.1251 -2.8872
0.2477 -1.9006 1 1.2012 -3.0496
0.3270 -2.1363 1 1.2813 -3.2074
0.4083 -2.3718 1 1.3660 -3.3601
0.4920 -2.6070 1 1.4559 -3.5068
0.5801 -2.8410 1 1.5514 -3.6471
0.6735 -3.0733 1 1.6262 -3.7896
0.7721 -3.3039 1 1.7088 -3.9269
0.8760 -3.5324 1 1.8239 -4.0458
0.9905 -3.7561 1 1.9452 -4.1546
1.1180 -3.9729 1 2.0729 -4.2497
1.2622 -4.1790 1 2.2097 -4.3126
1.4251 -4.3706 1 2.3478 -4.3582
1.6089 -4.5423 1 2.4841 -4.4062
1.8101 -4.6932 1 2.6215 -4.4454
2.0266 -4.8215 1 2.7594 -4.4682
2.2562 -4.9243 1 2.8967 -4.4742
2.4967 -4.9975 1 3.0320 -4.4633
2.7448 -5.0377 1 3.1639 -4.4354
2.9958 -5.0404 1 3.2911 -4.3910
3.2419 -5.0000 0 3.4116 -4.3307
3.4745 -4.9121 0 3.5242 -4.2550
3.6874 -4.7835 0 3.6277 -4.1648
3.8797 -4.6252 0 3.7211 -4.0614
4.0498 -4.4431 0 3.8203 -3.9660
4.1961 -4.2412 0 3.8925 -3.8386
4.3170 -4.0231 0 3.9478 -3.7011
4.4112 -3.7921 0 3.9864 -3.5567
4.4781 -3.5517 0 4.0096 -3.4079
4.5181 -3.3052 0 4.0281 -3.2541
4.5324 -3.0557 0 4.0380 -3.0956
4.5230 -2.8057 0 4.0364 -2.9340
4.4923 -2.5572 0 4.0241 -2.7702
4.4429 -2.3114 0 4.0016 -2.6047
4.3778 -2.0689 0 3.9698 -2.4380
4.2992 -1.8300 0 3.9294 -2.2705
4.2095 -1.5947 0 3.8813 -2.1024
4.1114 -1.3623 0 3.8264 -1.9340
4.0075 -1.1317 0 3.7654 -1.7653
3.9005 -0.9020 0 3.6990 -1.5961
3.7922 -0.6723 0 3.6281 -1.4263
3.6843 -0.4417 0 3.5536 -1.2558
3.5783 -0.2096 0 3.4762 -1.0844
3.4754 0.0244 0 3.3966 -0.9116
3.3770 0.2610 0 3.3157 -0.7373
3.2847 0.5004 0 3.2382 -0.5610
3.2001 0.7432 0 3.1714 -0.3822
3.1248 0.9894 0 3.1030 -0.2013
3.0604 1.2391 0 3.0333 -0.0182
3.0087 1.4920 0 2.9629 0.1674
2.9712 1.7478 0 2.8928 0.3559
2.9496 2.0056 0 2.8243 0.5473
2.9454 2.2645 0 2.7589 0.7404
2.9601 2.5232 0 2.6966 0.9348
2.9954 2.7801 0 2.6370 1.1297
3.0527 3.0331 0 2.5788 1.3246
3.1334 3.2797 0 2.5365 1.5288
3.2388 3.5168 0 2.5101 1.7402
3.3696 3.7409 0 2.4935 1.9539
3.5260 3.9478 0 2.4876 2.1696
3.7073 4.1332 0 2.4933 2.3867
3.9118 4.2924 0 2.5112 2.6045
4.1366 4.4211 0 2.5424 2.8226
4.3777 4.5155 0 2.5878 3.0400
4.6300 4.5727 0 2.6483 3.2557
4.8880 4.5912 0 2.7249 3.4682
5.1455 4.5698 0 2.8183 3.6762
5.3919 4.4970 0 2.9294 3.8778
5.6313 4.4017 0 3.0588 4.0710
5.8574 4.2780 0 3.2067 4.2533
6.0664 4.1272 0 3.3728 4.4219
6.2552 3.9518 0 3.5563 4.5741
6.4222 3.7552 0 3.7560 4.7074
6.5665 3.5413 0 3.9703 4.8192
6.6886 3.3137 0 4.1965 4.9069
6.7894 3.0756 0 4.4319 4.9689
6.8705 2.8298 0 4.6732 5.0038
6.9336 2.5784 0 4.9168 5.0109
6.9803 2.3231 0 5.1592 4.9904
7.0126 2.0652 0 5.3972 4.9430
7.0341 1.8057 0 5.6272 4.8701
7.0482 1.5451 0 5.8466 4.7738
7.0582 1.2837 0 6.0534 4.6562
7.0671 1.0218 0 6.1668 4.4800
7.0774 0.7594 0 6.2200 4.2821
7.0912 0.4967 0 6.2530 4.0871
7.1107 0.2338 0 6.2676 3.8964
7.1381 -0.0288 0 6.3790 3.7435
7.1758 -0.2906 0 6.4884 3.5851
7.2260 -0.5506 0 6.5859 3.4191
7.2905 -0.8078 0 6.6718 3.2468
7.3711 -1.0607 0 6.7465 3.0694
7.4691 -1.3077 0 6.8105 2.8878
7.5853 -1.5470 0 6.8646 2.7030
7.7202 -1.7766 0 6.9096 2.5158
7.8736 -1.9945 0 6.9464 2.3268
8.0452 -2.1987 0 6.9758 2.1365
8.2341 -2.3874 0 6.9988 1.9453
8.4391 -2.5589 0 7.0165 1.7536
8.6585 -2.7120 0 7.0301 1.5615
8.8906 -2.8455 0 7.0405 1.3692
9.1335 -2.9590 0 7.0490 1.1769
9.3850 -3.0524 0 7.0565 0.9844
9.6434 -3.1260 0 7.0642 0.7920
9.9069 -3.1804 0 7.0733 0.5997
10.1739 -3.2165 0 7.0847 0.4075
10.4430 -3.2346 0 7.0997 0.2155
10.7132 -3.2348 0 7.1191 0.0239
10.9818 -3.2094 0 7.1441 -0.1670
11.2487 -3.1648 0 7.1755 -0.3570
11.5163 -3.1195 0 7.2141 -0.5456
11.7834 -3.0690 0 7.2607 -0.7325
12.0499 -3.0121 0 7.3158 -0.9169
12.3156 -2.9488 0 7.3800 -1.0985
12.5803 -2.8796 0 7.4535 -1.2764
12.8443 -2.8056 0 7.5365 -1.4502
13.1078 -2.7279 0 7.6291 -1.6190
13.3711 -2.6480 0 7.7313 -1.7821
13.6344 -2.5670 0 7.8431 -1.9389
13.8982 -2.4860 0 7.9642 -2.0885
14.1625 -2.4057 0 8.0944 -2.2303
14.4273 -2.3262 0 8.2333 -2.3637
14.6926 -2.2474 0 8.3803 -2.4881
14.9578 -2.1678 0 8.5348 -2.6029
15.2224 -2.0854 0 8.6963 -2.7078
15.4849 -1.9966 0 8.8639 -2.8025
15.7432 -1.8962 0 9.0369 -2.8869
15.9935 -1.7777 0 9.2146 -2.9611
16.2295 -1.6337 0 9.3962 -3.0250
16.4420 -1.4577 0 9.5811 -3.0789
16.6182 -1.2468 0 9.7685 -3.1230
16.7438 -1.0037 0 9.9579 -3.1575
16.8058 -0.7385 0 10.1488 -3.1829
16.7962 -0.4675 0 10.3406 -3.1994
16.7145 -0.2101 0 10.5330 -3.2075
16.5678 0.0156 0 10.7256 -3.2075
16.3688 0.1963 0 10.9180 -3.1999
16.1330 0.3246 0 11.1099 -3.1851
15.8752 0.3992 0 11.3013 -3.1636
15.6078 0.4232 0 11.4919 -3.1359
15.3399 0.4025 0 11.6815 -3.1026
15.0773 0.3447 0 11.8702 -3.0643
14.8229 0.2567 0 12.0580 -3.0216
14.5767 0.1468 0 12.2449 -2.9751
14.3369 0.0226 0 12.4309 -2.9254
14.1011 -0.1099 0 12.6162 -2.8731
13.8671 -0.2464 0 12.8010 -2.8187
13.6333 -0.3839 0 12.9853 -2.7629
13.3987 -0.5208 0 13.1693 -2.7061
13.1627 -0.6559 0 13.3531 -2.6488
12.9250 -0.7884 0 13.5369 -2.5914
12.6851 -0.9175 1 13.7208 -2.5343
12.4429 -1.0424 1 13.9049 -2.4778
12.1977 -1.1617 1 14.0892 -2.4220
11.9487 -1.2731 1 14.2738 -2.3671
11.6948 -1.3725 1 14.4586 -2.3130
11.4347 -1.4537 1 14.6435 -2.2593
11.1679 -1.5074 1 14.8285 -2.2057
10.8969 -1.5222 1 15.0132 -2.1512
10.6290 -1.4861 1 15.1973 -2.0948
10.3777 -1.3904 1 15.3803 -2.0350
10.1614 -1.2334 1 15.5616 -1.9701
9.9992 -1.0228 1 15.7401 -1.8979
9.9056 -0.7753 1 15.9145 -1.8163
9.8871 -0.5123 1 16.0828 -1.7228
9.9408 -0.2547 1 16.2425 -1.6153
10.0574 -0.0191 1 16.3900 -1.4916
10.2251 0.1832 1 16.5212 -1.3509
10.4304 0.3477 1 16.6311 -1.1930
10.6598 0.4773 1 16.7140 -1.0195
10.9032 0.5796 1 16.7650 -0.8341
11.1540 0.6640 1 16.7800 -0.6425
11.4077 0.7402 1 16.7572 -0.4517
11.6614 0.8174 1 16.6967 -0.2693
11.9126 0.9030 1 16.6013 -0.1026
12.1581 1.0037 1 16.4753 0.0424
12.3940 1.1253 1 16.3243 0.1614
12.6153 1.2715 1 16.1549 0.2523
12.8166 1.4440 1 15.9732 0.3150
12.9928 1.6419 1 15.7842 0.3507
13.1397 1.8624 1 15.5921 0.3614
13.2548 2.1010 1 15.4000 0.3497
13.3374 2.3528 1 15.2101 0.3184
13.3881 2.6130 0 15.0236 0.2709
13.4089 2.8775 0 14.8408 0.2104
13.4025 3.1430 0 14.6619 0.1394
13.3721 3.4071 0 14.4863 0.0603
13.3212 3.6683 0 14.3136 -0.0247
13.2531 3.9260 0 14.1430 -0.1141
13.1712 4.1799 0 13.9739 -0.2063
13.0783 4.4305 0 13.8059 -0.3003
12.9772 4.6784 0 13.6383 -0.3951
12.8707 4.9247 0 13.4708 -0.4901
12.7609 5.1701 0 13.3031 -0.5848
12.6492 5.4153 0 13.1349 -0.6786
12.5364 5.6606 0 12.9661 -0.7712
12.4226 5.9060 0 12.7964 -0.8623
12.3076 6.1516 0 12.6257 -0.9514
12.1906 6.3967 0 12.4539 -1.0383
12.0705 6.6409 0 12.2806 -1.1223
11.9458 6.8833 0 12.1056 -1.2027
11.8147 7.1228 0 11.9285 -1.2782
11.6753 7.3580 0 11.7488 -1.3472
11.5257 7.5871 0 11.5660 -1.4077
11.3639 7.8082 0 11.3798 -1.4567
11.1884 8.0189 0 11.1904 -1.4908
10.9991 8.2176 0 10.9985 -1.5057
10.7943 8.4004 0 10.8064 -1.4971
10.5736 8.5640 0 10.6176 -1.4605
10.3380 8.7055 0 10.4378 -1.3925
10.0893 8.8230 0 10.2743 -1.2916
9.8302 8.9158 0 10.1354 -1.1589
9.5633 8.9842 0 10.0290 -0.9990
9.2911 9.0294 0 9.9611 -0.8192
9.0160 9.0530 0 9.9349 -0.6288
8.7395 9.0559 0 9.9506 -0.4372
8.4632 9.0391 0 10.0051 -0.2528
8.1882 9.0041 0 10.0931 -0.0818
7.9153 8.9531 0 10.2087 0.0720
7.6448 8.8887 0 10.3460 0.2068
7.3764 8.8140 0 10.4997 0.3225
7.1098 8.7319 0 10.6652 0.4208
6.8440 8.6454 0 10.8388 0.5038
6.5783 8.5569 0 11.0177 0.5751
6.3119 8.4687 1 11.1996 0.6382
6.0441 8.3830 1 11.3831 0.6968
5.7744 8.3011 1 11.5668 0.7545
5.5026 8.2235 1 11.7496 0.8150
5.2290 8.1500 1 11.9303 0.8816
4.9535 8.0801 1 12.1073 0.9571
4.6766 8.0131 1 12.2792 1.0440
4.3983 7.9482 1 12.4438 1.1436
4.1190 7.8843 1 12.5994 1.2570
3.8389 7.8206 1 12.7437 1.3844
3.5584 7.7557 1 12.8748 1.5252
3.2778 7.6882 1 12.9914 1.6784
2.9975 7.6166 1 13.0923 1.8422
2.7183 7.5390 1 13.1769 2.0151
2.4407 7.4536 1 13.2451 2.1951
2.1658 7.3585 1 13.2970 2.3804
1.8945 7.2519 1 13.3331 2.5695
1.6282 7.1323 1 13.3540 2.7609
1.3679 6.9989 1 13.3608 2.9533
1.1150 6.8512 1 13.3545 3.1457
0.8704 6.6892 1 13.3362 3.3373
0.6352 6.5132 1 13.3072 3.5277
0.4104 6.3234 1 13.2686 3.7163
0.1969 6.1204 1 13.2217 3.9030
-0.0039 5.9043 1 13.1677 4.0879
-0.1907 5.6756 1 13.1077 4.2708
-0.3619 5.4345 1 13.0427 4.4521
-0.5160 5.1818 1 12.9738 4.6319
-0.6516 4.9183 1 12.9018 4.8105
-0.7680 4.6454 1 12.8274 4.9881
-0.8650 4.3646 1 12.7514 5.1650
-0.9429 4.0775 1 12.6741 5.3414
-1.0022 3.7855 1 12.5959 5.5174
-1.0436 3.4901 1 12.5172 5.6931
-1.0676 3.1923 1 12.4380 5.8687
-1.0745 2.8933 1 12.3583 6.0440
-1.0647 2.5938 1 12.2779 6.2189
-1.0377 2.2950 1 12.1964 6.3934
-0.9939 1.9976 1 12.1133 6.5671
-0.9349 1.7023 1 12.0283 6.7399
-0.8632 1.4091 1 11.9406 6.9113
-0.7816 1.1177 1 11.8494 7.0809
-0.6923 0.8279 1 11.7540 7.2482
-0.5976 0.5391 1 11.6535 7.4124
-0.4990 0.2509 1 11.5472 7.5730
-0.3978 -0.0371 1 11.4345 7.7291
-0.2952 -0.3252 1 11.3148 7.8799
-0.1919 -0.6137 1 11.1877 8.0245
-0.0886 -0.9028 1 11.0530 8.1621
0.0145 -1.1925 1 10.9106 8.2916
0.1173 -1.4827 1 10.7606 8.4122
0.2204 -1.7734 1 10.6032 8.5232
0.3247 -2.0640 1 10.4390 8.6236
0.4315 -2.3540 1 10.2684 8.7129
0.5430 -2.6426 1 10.0923 8.7906
0.6614 -2.9287 1 9.9114 8.8563
0.7896 -3.2107 1 9.7265 8.9099
0.9308 -3.4866 1 9.5387 8.9523
1.0882 -3.7537 1 9.3490 8.9856
1.2650 -4.0082 1 9.1580 9.0099
1.4638 -4.2458 1 8.9659 9.0234
1.6869 -4.4604 1 8.7734 9.0252
1.9348 -4.6451 1 8.5811 9.0167
2.2065 -4.7919 1 8.3894 8.9990
2.4977 -4.8925 1 8.1985 8.9733
2.8015 -4.9395 1 8.0088 8.9405
3.1081 -4.9281 1 7.8202 8.9015
3.3999 -4.8466 0 7.6328 8.8573
3.6738 -4.7171 0 7.4465 8.8088
3.9194 -4.5408 0 7.2610 8.7570
4.1282 -4.3226 0 7.0763 8.7027
4.2943 -4.0708 0 6.8921 8.6465
4.4156 -3.7947 0 6.7082 8.5893
4.4930 -3.5033 0 6.5244 8.5317
4.5297 -3.2040 0 6.3406 8.4743
4.5300 -2.9023 0 6.1567 8.4174
4.4985 -2.6020 0 5.9724 8.3615
4.4402 -2.3056 0 5.7878 8.3068
4.3591 -2.0143 0 5.6027 8.2537
4.2595 -1.7283 0 5.4171 8.2022
4.1463 -1.4471 0 5.2311 8.1525
4.0242 -1.1691 0 5.0446 8.1045
3.8969 -0.8928 0 4.8577 8.0581
3.7677 -0.6170 0 4.6704 8.0133
3.6393 -0.3402 0 4.4829 7.9697
3.5142 -0.0615 0 4.2951 7.9271
3.3947 0.2201 0 4.1071 7.8851
3.2836 0.5054 0 3.9191 7.8435
3.1834 0.7951 0 3.7312 7.8016
3.0970 1.0895 0 3.5433 7.7592
3.0271 1.3884 0 3.3558 7.7155
2.9764 1.6913 0 3.1686 7.6702
2.9476 1.9972 0 2.9820 7.6226
2.9433 2.3044 0 2.7962 7.5723
2.9660 2.6109 0 2.6113 7.5186
3.0185 2.9136 0 2.4275 7.4610
3.1031 3.2088 0 2.2452 7.3991
3.2219 3.4917 0 2.0646 7.3322
3.3763 3.7566 0 1.8861 7.2601
3.5663 3.9968 0 1.7099 7.1822
3.7905 4.2049 0 1.5366 7.0984
4.0450 4.3736 0 1.3664 7.0084
4.3241 4.4964 0 1.1997 6.9120
4.6200 4.5685 0 1.0368 6.8093
4.9235 4.5871 0 0.8781 6.7003
5.2258 4.5553 0 0.7237 6.5853
5.5172 4.4712 0 0.5738 6.4644
5.7894 4.3381 0 0.4286 6.3379
6.0371 4.1637 0 0.2883 6.2061
6.2569 3.9552 0 0.1531 6.0689
6.4473 3.7194 0 0.0236 5.9265
6.6081 3.4624 0 -0.1000 5.7788
6.7400 3.1894 0 -0.2170 5.6259
6.8445 2.9045 0 -0.3270 5.4678
6.9232 2.6112 0 -0.4295 5.3049
6.9786 2.3123 0 -0.5242 5.1372
7.0155 2.0102 0 -0.6109 4.9653
7.0389 1.7062 0 -0.6894 4.7895
7.0541 1.4013 0 -0.7598 4.6103
7.0655 1.0957 0 -0.8221 4.4281
7.0774 0.7897 0 -0.8766 4.2434
7.0932 0.4835 0 -0.9235 4.0567
7.1167 0.1774 0 -0.9631 3.8682
7.1516 -0.1280 0 -0.9954 3.6784
7.2015 -0.4315 0 -1.0204 3.4875
7.2696 -0.7317 0 -1.0380 3.2957
7.3588 -1.0266 0 -1.0484 3.1035
7.4711 -1.3135 0 -1.0514 2.9109
7.6079 -1.5898 0 -1.0473 2.7184
7.7698 -1.8523 0 -1.0363 2.5262
7.9564 -2.0981 0 -1.0185 2.3345
8.1666 -2.3240 0 -0.9944 2.1434
8.3987 -2.5275 0 -0.9644 1.9532
8.6504 -2.7066 0 -0.9288 1.7640
8.9188 -2.8596 0 -0.8883 1.5757
9.2009 -2.9861 0 -0.8431 1.3885
9.4938 -3.0859 0 -0.7940 1.2023
9.7945 -3.1598 0 -0.7413 1.0171
10.1005 -3.2085 0 -0.6856 0.8328
10.4098 -3.2320 0 -0.6273 0.6493
10.7203 -3.2317 0 -0.5670 0.4664
11.0496 -3.2266 0 -0.5051 0.2841
11.4263 -3.2060 0 -0.4419 0.1022
11.8274 -3.1397 0 -0.3778 -0.0795
12.2199 -3.0250 0 -0.3133 -0.2609
12.6110 -2.9042 0 -0.2485 -0.4422
13.0000 -2.7764 0 -0.1837 -0.6236
13.3888 -2.6475 0 -0.1191 -0.8050
13.7785 -2.5215 0 -0.0549 -0.9865
14.1697 -2.3999 0 0.0091 -1.1681
14.5616 -2.2817 0 0.0726 -1.3499
14.9536 -2.1705 0 0.1360 -1.5318
15.3427 -2.0539 0 0.1992 -1.7136
15.7222 -1.9157 0 0.2626 -1.8955
16.0813 -1.7442 0 0.3266 -2.0771
16.3995 -1.5058 0 0.3915 -2.2584
16.6306 -1.1938 0 0.4579 -2.4392
16.7868 -0.8416 0 0.5263 -2.6191
16.7779 -0.4661 0 0.5975 -2.7981
16.6240 -0.1286 0 0.6722 -2.9755
16.3654 0.1302 0 0.7511 -3.1512
16.0399 0.2981 0 0.8352 -3.3244
15.6834 0.3745 0 0.9251 -3.4947
15.3197 0.3631 0 1.0217 -3.6613
14.9648 0.2822 0 1.1257 -3.8233
14.6243 0.1529 0 1.2378 -3.9799
14.2965 -0.0065 0 1.3585 -4.1299
13.9770 -0.1827 0 1.4882 -4.2721
13.6615 -0.3662 0 1.6274 -4.4052
13.3468 -0.5511 0 1.7762 -4.5274
13.0305 -0.7336 0 1.9345 -4.6369
12.7114 -0.9109 0 2.1020 -4.7318
12.3878 -1.0798 0 2.2779 -4.8099
12.0589 -1.2378 0 2.4610 -4.8693
11.7209 -1.3736 0 2.6496 -4.9079
11.3714 -1.4704 0 2.8414 -4.9240
11.0146 -1.5155 0 3.0337 -4.9164
10.6574 -1.4859 0 3.2235 -4.8846
10.3312 -1.3500 0 3.4076 -4.8289
10.0915 -1.1002 0 3.5831 -4.7501
9.9489 -0.7860 0 3.7472 -4.6495
9.9343 -0.4456 0 3.8973 -4.5291
10.0419 -0.1245 0 4.0317 -4.3914
10.2437 0.1465 0 4.1491 -4.2389
10.5075 0.3577 0 4.2486 -4.0742
10.8065 0.5159 0 4.3302 -3.8999
11.1228 0.6370 0 4.3940 -3.7183
11.4459 0.7402 0 4.4408 -3.5316
11.7688 0.8444 0 4.4712 -3.3416
12.0855 0.9659 0 4.4864 -3.1497
12.3879 1.1186 0 4.4875 -2.9572
12.6657 1.3113 0 4.4758 -2.7650
12.9080 1.5461 0 4.4523 -2.5739
13.1057 1.8189 0 4.4184 -2.3844
13.2532 2.1213 0 4.3752 -2.1968
13.3492 2.4436 0 4.3239 -2.0112
13.3957 2.7765 0 4.2656 -1.8277
13.3976 3.1126 0 4.2013 -1.6462
13.3608 3.4468 0 4.1319 -1.4665
13.2919 3.7762 0 4.0585 -1.2885
13.1971 4.0993 0 3.9820 -1.1118
13.0832 4.4166 0 3.9032 -0.9361
12.9565 4.7295 0 3.8228 -0.7611
12.8220 5.0396 0 3.7418 -0.5864
12.6831 5.3482 0 3.6608 -0.4117
12.5418 5.6562 0 3.5806 -0.2367
12.3988 5.9639 0 3.5020 -0.0609
12.2537 6.2711 0 3.4256 0.1159
12.1050 6.5768 0 3.3523 0.2940
11.9500 6.8798 0 3.2827 0.4735
11.7856 7.1781 0 3.2176 0.6547
11.6078 7.4687 0 3.1576 0.8377
11.4132 7.7486 0 3.1035 1.0225
11.1985 8.0134 0 3.0559 1.2091
10.9604 8.2572 0 3.0155 1.3973
10.6979 8.4744 0 2.9828 1.5871
10.4123 8.6600 0 2.9586 1.7781
10.1069 8.8108 0 2.9433 1.9700
9.7861 8.9249 0 2.9377 2.1625
9.4544 9.0027 0 2.9422 2.3549
9.1164 9.0458 0 2.9576 2.5468
8.7756 9.0561 0 2.9844 2.7375
8.4351 9.0359 0 3.0232 2.9261
8.0970 8.9885 0 3.0747 3.1115
7.7625 8.9186 0 3.1393 3.2928
7.4316 8.8314 0 3.2177 3.4687
7.1036 8.7325 0 3.3100 3.6376
6.7773 8.6268 0 3.4165 3.7979
6.4510 8.5194 0 3.5372 3.9478
6.1235 8.4140 0 3.6717 4.0854
5.7939 8.3130 0 3.8193 4.2089
5.4621 8.2175 0 3.9789 4.3164
5.1280 8.1277 0 4.1491 4.4061
4.7918 8.0429 0 4.3282 4.4765
4.4541 7.9621 0 4.5141 4.5264
4.1151 7.8837 0 4.7044 4.5547
3.7755 7.8058 0 4.8967 4.5613
3.4356 7.7261 0 5.0885 4.5459
3.0963 7.6419 1 5.2773 4.5091
2.7586 7.5499 1 5.4610 4.4518
2.4236 7.4468 1 5.6375 4.3752
2.0929 7.3295 1 5.8052 4.2808
1.7683 7.1953 1 5.9628 4.1702
1.4518 7.0423 1 6.1092 4.0453
1.1454 6.8693 1 6.2440 3.9079
0.8511 6.6760 1 6.3668 3.7597
0.5707 6.4625 1 6.4775 3.6022
0.3060 6.2295 1 6.5762 3.4369
0.0590 5.9775 1 6.6633 3.2652
-0.1680 5.7071 1 6.7391 3.0883
-0.3725 5.4190 1 6.8042 2.9071
-0.5521 5.1146 1 6.8594 2.7226
-0.7054 4.7959 1 6.9053 2.5356
-0.8315 4.4653 1 6.9428 2.3468
-0.9306 4.1254 1 6.9730 2.1566
-1.0034 3.7786 1 6.9966 1.9655
-1.0508 3.4271 1 7.0149 1.7738
-1.0732 3.0729 1 7.0288 1.5817
-1.0707 2.7176 1 7.0396 1.3895
-1.0430 2.3631 1 7.0481 1.1971
-0.9923 2.0106 1 7.0557 1.0047
-0.9218 1.6611 1 7.0634 0.8123
-0.8352 1.3145 1 7.0722 0.6199
-0.7362 0.9708 1 7.0834 0.4277
-0.6280 0.6292 1 7.0979 0.2357
-0.5134 0.2891 1 7.1169 0.0440
-0.3949 -0.0502 1 7.1412 -0.1470
-0.2741 -0.3892 1 7.1718 -0.3371
-0.1526 -0.7284 1 7.2097 -0.5259
-0.0313 -1.0680 1 7.2554 -0.7129
0.0895 -1.4083 1 7.3096 -0.8976
0.2102 -1.7488 1 7.3728 -1.0795
0.3321 -2.0893 1 7.4453 -1.2579
0.4574 -2.4287 1 7.5273 -1.4321
0.5894 -2.7657 1 7.6189 -1.6014
0.7321 -3.0984 1 7.7201 -1.7652
0.8906 -3.4238 1 7.8309 -1.9227
1.0703 -3.7379 1 7.9510 -2.0731
1.2766 -4.0349 1 8.0803 -2.2158
1.5138 -4.3072 1 8.2183 -2.3501
1.7846 -4.5452 1 8.3644 -2.4754
2.0889 -4.7370 1 8.5182 -2.5913
2.4219 -4.8701 1 8.6790 -2.6972
2.7737 -4.9327 1 8.8460 -2.7930
3.1289 -4.9163 1 9.0185 -2.8785
3.4596 -4.8010 1 9.1957 -2.9538
3.7673 -4.6336 1 9.3769 -3.0188
4.0335 -4.4076 1 9.5615 -3.0737
4.2457 -4.1314 1 9.7487 -3.1188
4.3981 -3.8189 1 9.9379 -3.1543
4.4910 -3.4842 1 10.1286 -3.1806
4.5294 -3.1390 1 10.3204 -3.1981
4.5201 -2.7918 1 10.5127 -3.2071
4.4703 -2.4480 1 10.7053 -3.2079
4.3866 -2.1107 1 10.8977 -3.2011
4.2770 -1.7805 1 11.0898 -3.1870
4.1491 -1.4566 1 11.2812 -3.1661
4.0093 -1.1372 1 11.4718 -3.1391
3.8632 -0.8202 1 11.6616 -3.1064
3.7154 -0.5036 1 11.8504 -3.0686
3.5696 -0.1856 1 12.0383 -3.0263
3.4298 0.1353 1 12.2252 -2.9801
3.2997 0.4605 1 12.4113 -2.9307
3.1834 0.7911 1 12.5967 -2.8787
3.0851 1.1276 1 12.7815 -2.8245
3.0087 1.4698 1 12.9659 -2.7688
2.9585 1.8168 1 13.1499 -2.7121
2.9383 2.1667 1 13.3337 -2.6548
2.9520 2.5168 1 13.5175 -2.5974
3.0036 2.8630 1 13.7014 -2.5403
3.0967 3.2001 1 13.8855 -2.4837
3.2342 3.5211 1 14.0698 -2.4279
3.4179 3.8175 1 14.2543 -2.3729
3.6473 4.0790 1 14.4391 -2.3187
3.9189 4.2951 1 14.6241 -2.2650
4.2257 4.4557 1 14.8090 -2.2113
4.5572 4.5528 1 14.9937 -2.1570
4.9006 4.5816 1 15.1779 -2.1009
5.2393 4.5327 1 15.3611 -2.0415
5.5609 4.4133 1 15.5426 -1.9772
5.8637 4.2525 1 15.7215 -1.9059
6.1369 4.0463 1 15.8964 -1.8254
6.3735 3.7995 1 16.0655 -1.7333
6.5704 3.5201 1 16.2262 -1.6273
6.7276 3.2167 1 16.3752 -1.5055
6.8468 2.8964 1 16.5083 -1.3665
6.9317 2.5651 1 16.6207 -1.2104
6.9886 2.2275 1 16.7067 -1.0384
7.0248 1.8868 1 16.7613 -0.8540
7.0471 1.5444 1 16.7802 -0.6627
7.0621 1.2013 1 16.7614 -0.4715
7.0755 0.8577 1 16.7048 -0.2879
7.0926 0.5139 1 16.6129 -0.1192
7.1187 0.1704 1 16.4898 0.0283
7.1590 -0.1719 1 16.3412 0.1502
7.2186 -0.5116 1 16.1735 0.2441
7.3021 -0.8462 1 15.9927 0.3097
7.4131 -1.1729 1 15.8043 0.3482
7.5541 -1.4877 1 15.6124 0.3614
7.7263 -1.7866 1 15.4202 0.3519
7.9295 -2.0653 1 15.2300 0.3225
8.1624 -2.3195 1 15.0431 0.2766
8.4226 -2.5458 1 14.8599 0.2173
8.7067 -2.7413 1 14.6806 0.1473
9.0106 -2.9042 1 14.5047 0.0690
9.3301 -3.0339 1 14.3316 -0.0155
9.6613 -3.1309 1 14.1609 -0.1045
10.0003 -3.1952 1 13.9917 -0.1965
10.3442 -3.2273 1 13.8235 -0.2903
10.6898 -3.2302 1 13.6559 -0.3851
11.0191 -3.1687 1 13.4884 -0.4801
11.2931 -2.9842 1 13.3208 -0.5748
11.5550 -2.8244 0 13.1526 -0.6687
11.8506 -2.7471 0 12.9839 -0.7615
12.1566 -2.7247 0 12.8143 -0.8528
12.4646 -2.7173 0 12.6438 -0.9421
12.7727 -2.7017 0 12.4720 -1.0293
13.0796 -2.6684 0 12.2990 -1.1136
13.3842 -2.6159 0 12.1242 -1.1944
13.6859 -2.5475 0 11.9473 -1.2705
13.9852 -2.4679 0 11.7678 -1.3403
14.2829 -2.3820 0 11.5854 -1.4018
14.5800 -2.2932 0 11.3996 -1.4522
14.8768 -2.2031 0 11.2105 -1.4880
15.1730 -2.1106 0 11.0188 -1.5052
15.4671 -2.0117 0 10.8265 -1.4992
15.7561 -1.8992 0 10.6372 -1.4658
16.0345 -1.7634 0 10.4561 -1.4012
16.2927 -1.5935 0 10.2905 -1.3037
16.5162 -1.3818 0 10.1486 -1.1743
16.6865 -1.1272 0 10.0385 -1.0169
16.7844 -0.8390 0 9.9663 -0.8388
16.7961 -0.5367 0 9.9357 -0.6491
16.7181 -0.2462 0 9.9471 -0.4571
16.5587 0.0073 0 9.9977 -0.2717
16.3351 0.2051 0 10.0824 -0.0990
16.0683 0.3378 0 10.1954 0.0567
15.7782 0.4048 0 10.3307 0.1935
15.4805 0.4117 0 10.4829 0.3112
15.1859 0.3673 0 10.6473 0.4112
14.9004 0.2815 0 10.8203 0.4957
14.6249 0.1664 0 10.9987 0.5681
14.3577 0.0322 0 11.1804 0.6318
14.0959 -0.1130 0 11.3637 0.6907
13.8367 -0.2634 0 11.5475 0.7483
13.5780 -0.4153 0 11.7304 0.8084
13.3185 -0.5665 0 11.9114 0.8742
13.0575 -0.7153 0 12.0889 0.9487
12.7944 -0.8609 0 12.2614 1.0342
12.5289 -1.0020 0 12.4269 1.1325
12.2601 -1.1372 0 12.5835 1.2444
11.9871 -1.2634 0 12.7291 1.3703
11.7080 -1.3753 0 12.8617 1.5098
11.4211 -1.4642 0 12.9799 1.6617
11.1261 -1.5174 0 13.0824 1.8245
10.8275 -1.5199 0 13.1688 1.9965
10.5373 -1.4570 0 13.2387 2.1759
10.2759 -1.3204 0 13.2923 2.3607
10.0687 -1.1136 0 13.3300 2.5495
9.9381 -0.8539 0 13.3525 2.7407
9.8965 -0.5676 0 13.3607 2.9330
9.9431 -0.2832 0 13.3558 3.1254
10.0674 -0.0239 0 13.3387 3.3172
10.2537 0.1949 0 13.3107 3.5077
10.4826 0.3692 0 13.2730 3.6965
10.7373 0.5039 0 13.2270 3.8835
11.0061 0.6093 0 13.1737 4.0685
11.2814 0.6977 0 13.1142 4.2516
11.5585 0.7813 0 13.0497 4.4331
11.8338 0.8709 0 12.9812 4.6130
12.1037 0.9760 0 12.9095 4.7917
12.3630 1.1046 0 12.8354 4.9695
12.6055 1.2621 0 12.7594 5.1464
12.8242 1.4509 0 12.6822 5.3228
13.0125 1.6697 0 12.6042 5.4989
13.1656 1.9141 0 12.5255 5.6746
13.2809 2.1785 0 12.4464 5.8502
13.3580 2.4564 0 12.3667 6.0255
13.3985 2.7420 0 12.2864 6.2005
13.4055 3.0306 0 12.2050 6.3750
13.3827 3.3185 0 12.0348 6.4537
13.3343 3.6036 0 11.8644 6.5301
13.2646 3.8845 0 11.6941 6.6032
13.1778 4.1610 0 11.5453 6.6961
13.0775 4.4333 0 11.4591 6.8568
12.9677 4.7024 0 11.3700 7.0134
12.8518 4.9695 0 11.2774 7.1652
12.7323 5.2357 0 11.1808 7.3116
12.6108 5.5015 0 11.0797 7.4522
12.4881 5.7673 0 10.9736 7.5864
12.3642 6.0331 0 10.8623 7.7137
12.2385 6.2986 0 10.7454 7.8336
12.1098 6.5632 0 10.6544 7.9637
11.9764 6.8259 0 10.5737 8.1009
11.8363 7.0855 0 10.4820 8.2336
11.6869 7.3403 0 10.3777 8.3599
11.5258 7.5881 0 10.2598 8.4774
11.3505 7.8263 0 10.1277 8.5839
11.1600 8.0528 0 9.9817 8.6766
10.9523 8.2638 0 9.8226 8.7534
10.7260 8.4549 0 9.6523 8.8131
10.4817 8.6223 0 9.4728 8.8571
10.2210 8.7632 0 9.2880 8.8887
9.9469 8.8762 0 9.1027 8.9088
9.6626 8.9609 0 8.9172 8.9186
9.3713 9.0182 0 8.7311 8.9189
9.0759 9.0499 0 8.5449 8.9116
8.7785 9.0570 0 8.3589 8.8971
8.4812 9.0411 0 8.1732 8.8752
8.1854 9.0040 0 7.9875 8.8453
7.8922 8.9484 0 7.8019 8.8072
7.6017 8.8779 0 7.6177 8.7613
7.3136 8.7969 1 7.4363 8.7085
7.0183 8.7517 1 7.2576 8.6497
6.7213 8.7124 1 7.0814 8.5860
6.4307 8.6399 1 6.9074 8.5183
6.1491 8.5362 1 6.7349 8.4478
5.8713 8.4204 1 6.5633 8.3754
5.5920 8.3065 1 6.3920 8.3021
5.3084 8.2017 1 6.2206 8.2285
5.0202 8.1081 1 6.0490 8.1550
4.7280 8.0249 1 5.8768 8.0820
4.4328 7.9497 1 5.7041 8.0097
4.1357 7.8797 1 5.5305 7.9387
3.8373 7.8121 1 5.3558 7.8696
3.5382 7.7442 1 5.1793 7.8033
3.2392 7.6737 1 5.0006 7.7408
2.9408 7.5981 1 4.8196 7.6827
2.6438 7.5150 1 4.6361 7.6291
2.3492 7.4220 1 4.4507 7.5799
2.0582 7.3171 1 4.2638 7.5342
1.7720 7.1983 1 4.0762 7.4912
1.4921 7.0644 1 3.8887 7.4497
1.2198 6.9146 1 3.7024 7.4090
0.9566 6.7487 1 3.5173 7.3683
0.7036 6.5669 1 3.3337 7.3270
0.4620 6.3696 1 3.1516 7.2845
0.2331 6.1573 1 2.9713 7.2400
0.0182 5.9303 1 2.7926 7.1926
-0.1810 5.6890 1 2.6158 7.1412
-0.3626 5.4339 1 2.4428 7.1274
-0.5249 5.1657 1 2.2716 7.1946
-0.6665 4.8857 1 2.0970 7.2575
-0.7866 4.5954 1 1.9191 7.2739
-0.8851 4.2968 1 1.7425 7.1972
-0.9624 3.9916 1 1.5687 7.1145
-1.0192 3.6816 1 1.3978 7.0256
-1.0560 3.3682 1 1.2305 6.9304
-1.0735 3.0528 1 1.0669 6.8289
-1.0720 2.7364 0 0.9073 6.7211
-1.0511 2.4204 0 0.7521 6.6072
-1.0108 2.1057 0 0.6014 6.4873
-0.9533 1.7931 0 0.4553 6.3619
-0.8812 1.4829 0 0.3140 6.2310
-0.7975 1.1750 0 0.1779 6.0949
-0.7050 0.8690 0 0.0472 5.9534
-0.6059 0.5642 0 -0.0775 5.8067
-0.5024 0.2603 0 -0.1957 5.6548
-0.3959 -0.0432 0 -0.3070 5.4977
-0.2878 -0.3467 0 -0.4110 5.3356
-0.1790 -0.6506 0 -0.5071 5.1688
-0.0703 -0.9550 0 -0.5953 4.9976
0.0381 -1.2600 0 -0.6754 4.8225
0.1463 -1.5656 0 -0.7473 4.6439
0.2548 -1.8714 0 -0.8111 4.4622
0.3651 -2.1769 0 -0.8671 4.2780
0.4789 -2.4814 0 -0.9154 4.0916
0.5987 -2.7839 0 -0.9563 3.9034
0.7277 -3.0827 0 -0.9899 3.7138
0.8693 -3.3759 0 -1.0163 3.5231
1.0274 -3.6606 0 -1.0353 3.3315
1.2058 -3.9329 0 -1.0470 3.1393
1.4078 -4.1879 0 -1.0514 2.9468
1.6362 -4.4193 0 -1.0486 2.7543
1.8921 -4.6191 0 -1.0388 2.5620
2.1744 -4.7782 0 -1.0223 2.3701
2.4787 -4.8874 0 -0.9994 2.1789
2.7972 -4.9380 0 -0.9704 1.9886
3.1186 -4.9243 0 -0.9358 1.7991
3.4041 -4.8499 0 -0.8962 1.6107
3.6734 -4.7721 0 -0.8519 1.4233
3.9093 -4.6267 0 -0.8034 1.2369
4.1045 -4.4299 0 -0.7514 1.0516
4.2592 -4.1996 0 -0.6962 0.8671
4.3760 -3.9476 0 -0.6384 0.6834
4.4579 -3.6821 0 -0.5784 0.5004
4.5079 -3.4085 0 -0.5167 0.3180
4.5283 -3.1310 0 -0.4537 0.1360
4.5216 -2.8527 0 -0.3898 -0.0456
4.4901 -2.5758 0 -0.3253 -0.2271
4.4367 -2.3020 0 -0.2606 -0.4084
4.3642 -2.0325 0 -0.1958 -0.5898
4.2750 -1.7675 0 -0.1312 -0.7712
4.1728 -1.5069 0 -0.0668 -0.9527
4.0615 -1.2495 0 -0.0028 -1.1343
3.9447 -0.9940 0 0.0608 -1.3160
3.8251 -0.7391 0 0.1242 -1.4979
3.7054 -0.4838 0 0.1874 -1.6798
3.5875 -0.2271 0 0.2508 -1.8616
3.4733 0.0318 0 0.3146 -2.0433
3.3647 0.2936 0 0.3793 -2.2247
3.2639 0.5589 0 0.4454 -2.4055
3.1730 0.8282 0 0.5134 -2.5857
3.0942 1.1015 0 0.5840 -2.7648
3.0297 1.3788 0 0.6580 -2.9426
2.9817 1.6597 0 0.7361 -3.1186
2.9522 1.9433 0 0.8191 -3.2924
2.9434 2.2285 0 0.9079 -3.4633
2.9575 2.5135 0 1.0032 -3.6306
2.9963 2.7963 0 1.1057 -3.7935
3.0620 3.0740 0 1.2163 -3.9512
3.1564 3.3433 0 1.3353 -4.1025
3.2810 3.5999 0 1.4634 -4.2463
3.4365 3.8389 0 1.6008 -4.3812
3.6226 4.0545 0 1.7477 -4.5055
3.8377 4.2408 0 1.9043 -4.6176
4.0785 4.3920 0 2.0701 -4.7154
4.3399 4.5029 0 2.2446 -4.7968
4.6157 4.5695 0 2.4265 -4.8598
4.8984 4.5896 0 2.6142 -4.9023
5.1773 4.5626 0 2.8055 -4.9227
5.4267 4.4815 0 2.9979 -4.9196
5.6685 4.3783 0 3.1884 -4.8924
5.8964 4.2473 0 3.3739 -4.8411
6.1063 4.0890 0 3.5512 -4.7664
6.2949 3.9059 0 3.7176 -4.6698
6.4604 3.7015 0 3.8705 -4.5529
6.6022 3.4797 0 4.0079 -4.4183
6.7208 3.2445 0 4.1285 -4.2683
6.8175 2.9992 0 4.2314 -4.1057
6.8940 2.7466 0 4.3163 -3.9330
6.9523 2.4888 0 4.3834 -3.7526
6.9939 2.2274 0 4.4333 -3.5667
7.0221 1.9638 0 4.4667 -3.3771
7.0405 1.6988 0 4.4847 -3.1855
7.0528 1.4329 0 4.4883 -2.9930
7.0623 1.1663 0 4.4789 -2.8007
7.0717 0.8993 0 4.4575 -2.6094
7.0836 0.6318 0 4.4255 -2.4195
7.1003 0.3640 0 4.3839 -2.2315
7.1240 0.0964 0 4.3340 -2.0456
7.1572 -0.1707 0 4.2769 -1.8617
7.2023 -0.4364 0 4.2136 -1.6798
7.2614 -0.6996 0 4.1452 -1.4999
7.3365 -0.9591 0 4.0725 -1.3215
7.4291 -1.2131 0 3.9965 -1.1446
7.5403 -1.4599 0 3.9180 -0.9688
7.6707 -1.6974 0 3.8379 -0.7937
7.8204 -1.9234 0 3.7569 -0.6190
7.9891 -2.1360 0 3.6758 -0.4443
8.1761 -2.3330 0 3.5954 -0.2693
8.3800 -2.5127 0 3.5165 -0.0937
8.5995 -2.6736 0 3.4396 0.0829
8.8325 -2.8145 0 3.3657 0.2607
9.0771 -2.9348 0 3.2954 0.4400
9.3312 -3.0343 0 3.2293 0.6208
9.5927 -3.1133 0 3.1684 0.8035
9.8598 -3.1722 0 3.1131 0.9879
10.1308 -3.2120 0 3.0642 1.1742
10.4042 -3.2331 0 3.0224 1.3621
10.6788 -3.2355 0 2.9883 1.5516
10.9523 -3.2291 0 2.9624 1.7424
11.2238 -3.2118 0 2.9454 1.9342
11.4934 -3.1710 0 2.9380 2.1266
11.7608 -3.1150 0 2.9406 2.3191
12.0266 -3.0488 0 2.9539 2.5112
12.2913 -2.9761 0 2.9785 2.7021
12.5554 -2.8990 0 3.0150 2.8911
12.8191 -2.8191 0 3.0641 3.0773
13.0829 -2.7375 0 3.1263 3.2595
13.3469 -2.6550 0 3.2020 3.4364
13.6113 -2.5727 0 3.2917 3.6067
13.8763 -2.4909 0 3.3956 3.7688
14.1420 -2.4103 0 3.5137 3.9208
14.4084 -2.3308 0 3.6456 4.0608
14.6751 -2.2519 0 3.7909 4.1871
14.9419 -2.1724 0 3.9483 4.2977
15.2079 -2.0901 0 4.1167 4.3908
15.4720 -2.0015 0 4.2943 4.4649
15.7320 -1.9014 0 4.4790 4.5187
15.9840 -1.7833 0 4.6687 4.5511
16.2219 -1.6395 0 4.8608 4.5617
16.4363 -1.4637 0 5.0529 4.5504
16.6145 -1.2525 0 5.2425 4.5176
16.7418 -1.0087 0 5.4273 4.4640
16.8052 -0.7424 0 5.6053 4.3908
16.7963 -0.4701 0 5.7747 4.2996
16.7146 -0.2114 0 5.9342 4.1919
16.5672 0.0155 0 6.0828 4.0696
16.3671 0.1969 0 6.2198 3.9344
16.1299 0.3254 0 6.3448 3.7880
15.8707 0.3996 0 6.4578 3.6321
15.6019 0.4229 0 6.5587 3.4682
15.3329 0.4013 0 6.6480 3.2976
15.0693 0.3422 0 6.7258 3.1216
14.8139 0.2529 0 6.7929 2.9411
14.5668 0.1419 0 6.8498 2.7572
14.3261 0.0167 0 6.8974 2.5706
14.0893 -0.1167 0 6.9364 2.3821
13.8543 -0.2539 0 6.9679 2.1921
13.6194 -0.3920 0 6.9927 2.0011
13.3837 -0.5295 0 7.0119 1.8095
13.1465 -0.6650 0 7.0265 1.6175
12.9075 -0.7979 0 7.0378 1.4253
12.6665 -0.9274 0 7.0467 1.2329
12.4229 -1.0525 0 7.0543 1.0405
12.1764 -1.1719 0 7.0619 0.8481
11.9259 -1.2829 0 7.0704 0.6557
11.6704 -1.3815 0 7.0811 0.4635
11.4084 -1.4607 0 7.0949 0.2714
11.1398 -1.5112 0 7.1129 0.0797
10.8675 -1.5210 0 7.1362 -0.1115
10.5995 -1.4783 0 7.1656 -0.3017
10.3503 -1.3749 0 7.2020 -0.4908
10.1386 -1.2100 0 7.2462 -0.6782
9.9837 -0.9928 0 7.2988 -0.8634
9.8994 -0.7410 0 7.3603 -1.0459
9.8908 -0.4765 0 7.4311 -1.2250
9.9541 -0.2200 0 7.5113 -1.4000
10.0794 0.0124 0 7.6011 -1.5703
10.2542 0.2100 0 7.7005 -1.7352
10.4649 0.3694 0 7.8095 -1.8939
10.6981 0.4944 0 7.9280 -2.0457
10.9443 0.5931 0 8.0556 -2.1899
11.1969 0.6754 0 8.1920 -2.3257
11.4519 0.7512 0 8.3366 -2.4528
11.7065 0.8293 0 8.4890 -2.5705
11.9579 0.9174 0 8.6485 -2.6783
12.2030 1.0220 0 8.8144 -2.7760
12.4374 1.1486 0 8.9860 -2.8634
12.6559 1.3007 0 9.1624 -2.9405
12.8531 1.4794 0 9.3429 -3.0074
13.0239 1.6833 0 9.5269 -3.0642
13.1646 1.9089 0 9.7136 -3.1111
13.2730 2.1518 0 9.9025 -3.1484
13.3488 2.4068 0 10.0930 -3.1764
13.3930 2.6693 0 10.2846 -3.1955
13.4078 2.9353 0 10.4769 -3.2060
13.3960 3.2017 0 10.6694 -3.2084
13.3610 3.4663 0 10.8619 -3.2029
13.3060 3.7278 0 11.0540 -3.1901
13.2345 3.9857 0 11.2456 -3.1705
13.1497 4.2399 0 11.4364 -3.1446
13.0544 4.4907 0 11.6263 -3.1129
12.9515 4.7391 0 11.8153 -3.0760
12.8436 4.9860 0 12.0034 -3.0345
12.7329 5.2322 0 12.1905 -2.9890
12.6204 5.4783 0 12.3767 -2.9401
12.5069 5.7246 0 12.5623 -2.8885
12.3924 5.9710 0 12.7472 -2.8347
12.2765 6.2173 0 12.9316 -2.7793
12.1584 6.4632 0 13.1156 -2.7227
12.0367 6.7079 0 13.2995 -2.6655
11.9100 6.9504 0 13.4833 -2.6081
11.7763 7.1897 0 13.6672 -2.5509
11.6337 7.4242 0 13.8512 -2.4942
11.4802 7.6520 0 14.0354 -2.4382
11.3140 7.8711 0 14.2200 -2.3831
11.1339 8.0792 0 14.4047 -2.3287
10.9394 8.2742 0 14.5896 -2.2750
10.7291 8.4522 0 14.7746 -2.2214
10.5030 8.6098 0 14.9594 -2.1672
10.2622 8.7445 0 15.1437 -2.1115
10.0092 8.8547 0 15.3271 -2.0529
9.7464 8.9400 0 15.5090 -1.9897
9.4767 9.0011 0 15.6884 -1.9198
9.2024 9.0394 0 15.8642 -1.8412
8.9258 9.0562 0 16.0345 -1.7515
8.6482 9.0525 1 16.1970 -1.6482
8.3713 9.0296 1 16.3485 -1.5294
8.0960 8.9891 1 16.4849 -1.3937
7.8230 8.9335 1 16.6016 -1.2407
7.5523 8.8652 1 16.6930 -1.0715
7.2838 8.7874 1 16.7537 -0.8890
7.0167 8.7031 1 16.7795 -0.6986
6.7502 8.6151 1 16.7678 -0.5068
6.4836 8.5259 1 16.7181 -0.3212
6.2160 8.4380 1 16.6325 -0.1492
5.9467 8.3531 1 16.5148 0.0027
5.6755 8.2724 1 16.3705 0.1296
5.4022 8.1959 1 16.2059 0.2287
5.1270 8.1236 1 16.0271 0.2996
4.8501 8.0546 1 15.8398 0.3430
4.5718 7.9883 1 15.6482 0.3607
4.2922 7.9238 1 15.4559 0.3552
4.0117 7.8599 1 15.2652 0.3293
3.7306 7.7957 1 15.0776 0.2863
3.4492 7.7298 1 14.8937 0.2292
3.1678 7.6607 1 14.7137 0.1610
2.8871 7.5868 1 14.5372 0.0841
2.6076 7.5061 1 14.3637 0.0006
2.3301 7.4169 1 14.1925 -0.0877
2.0557 7.3171 1 14.0231 -0.1792
1.7855 7.2050 1 13.8548 -0.2727
1.5208 7.0796 1 13.6871 -0.3674
1.2626 6.9400 1 13.5196 -0.4625
1.0123 6.7859 1 13.3520 -0.5572
0.7709 6.6176 1 13.1840 -0.6513
0.5393 6.4352 1 13.0154 -0.7443
0.3185 6.2392 1 12.8460 -0.8359
0.1097 6.0300 1 12.6756 -0.9257
-0.0858 5.8079 1 12.5041 -1.0132
-0.2666 5.5732 1 12.3313 -1.0982
-0.4310 5.3263 1 12.1569 -1.1797
-0.5775 5.0680 1 11.9804 -1.2567
-0.7051 4.7995 1 11.8015 -1.3279
-0.8132 4.5221 1 11.6196 -1.3911
-0.9019 4.2376 1 11.4344 -1.4438
-0.9717 3.9474 1 11.2459 -1.4826
-1.0231 3.6530 1 11.0546 -1.5036
-1.0567 3.3556 1 10.8623 -1.5023
-1.0729 3.0564 1 10.6720 -1.4743
-1.0722 2.7562 1 10.4889 -1.4157
-1.0546 2.4562 1 10.3198 -1.3244
-1.0195 2.1572 1 10.1729 -1.2007
-0.9681 1.8600 1 10.0562 -1.0480
-0.9027 1.5649 1 9.9767 -0.8731
-0.8259 1.2718 1 9.9382 -0.6848
-0.7402 0.9805 1 9.9418 -0.4926
-0.6479 0.6906 1 9.9855 -0.3054
-0.5509 0.4014 1 10.0643 -0.1300
-0.4507 0.1126 1 10.1725 0.0291
-0.3484 -0.1761 1 10.3040 0.1694
-0.2451 -0.4651 1 10.4535 0.2907
-0.1415 -0.7546 1 10.6160 0.3938
-0.0381 -1.0446 1 10.7876 0.4810
0.0651 -1.3353 1 10.9652 0.5554
0.1682 -1.6265 1 11.1464 0.6204
0.2720 -1.9179 1 11.3295 0.6799
0.3776 -2.2090 1 11.5133 0.7375
0.4867 -2.4991 1 11.6965 0.7968
0.6015 -2.7873 1 11.8779 0.8613
0.7248 -3.0722 1 12.0562 0.9340
0.8595 -3.3521 1 12.2297 1.0174
1.0088 -3.6245 1 12.3967 1.1132
1.1761 -3.8862 1 12.5551 1.2225
1.3644 -4.1333 1 12.7029 1.3458
1.5760 -4.3603 1 12.8380 1.4828
1.8126 -4.5608 1 12.9590 1.6325
2.0738 -4.7271 1 13.0646 1.7935
2.3570 -4.8509 1 13.1540 1.9639
2.6566 -4.9243 1 13.2269 2.1420
2.9640 -4.9409 1 13.2835 2.3260
3.2647 -4.8902 1 13.3241 2.5141
3.5490 -4.7797 1 13.3494 2.7049
3.8106 -4.6240 1 13.3602 2.8971
4.0390 -4.4234 1 13.3576 3.0896
4.2265 -4.1847 1 13.3427 3.2816
4.3691 -3.9171 1 13.3167 3.4723
4.4664 -3.6299 1 13.2807 3.6615
4.5208 -3.3316 1 13.2361 3.8488
4.5361 -3.0286 1 13.1841 4.0342
4.5171 -2.7257 1 13.1257 4.2177
4.4689 -2.4258 1 13.0621 4.3994
4.3960 -2.1307 1 12.9942 4.5796
4.3023 -1.8412 1 12.9231 4.7585
4.1930 -1.5567 1 12.8493 4.9364
4.0729 -1.2762 1 12.7737 5.1135
3.9462 -0.9981 1 12.6967 5.2900
3.8165 -0.7208 1 12.6188 5.4661
3.6867 -0.4431 1 12.5402 5.6419
3.5594 -0.1637 1 12.4612 5.8175
3.4369 0.1182 1 12.3816 5.9929
3.3218 0.4037 1 12.3014 6.1680
3.2169 0.6933 1 12.2203 6.3426
3.1250 0.9876 1 12.1377 6.5166
3.0487 1.2866 1 12.0533 6.6897
2.9909 1.5898 1 11.9665 6.8615
2.9543 1.8965 1 11.8764 7.0317
2.9416 2.2051 1 11.7823 7.1997
2.9555 2.5137 1 11.6834 7.3649
2.9985 2.8195 1 11.5789 7.5266
3.0733 3.1190 1 11.4681 7.6841
3.1820 3.4077 1 11.3505 7.8365
3.3264 3.6801 1 11.2256 7.9831
3.5069 3.9296 1 11.0931 8.1227
3.7226 4.1488 1 10.9529 8.2547
3.9702 4.3303 1 10.8051 8.3780
4.2445 4.4672 1 10.6498 8.4919
4.5381 4.5540 1 10.4875 8.5954
4.8420 4.5873 1 10.3188 8.6881
5.1465 4.5654 1 10.1442 8.7692
5.4372 4.4738 1 9.9645 8.8384
5.7165 4.3503 1 9.7807 8.8955
5.9753 4.1887 0 9.5936 8.9410
6.2078 3.9915 0 9.4044 8.9767
6.4103 3.7636 0 9.2138 9.0039
6.5811 3.5111 0 9.0220 9.0207
6.7208 3.2399 0 8.8296 9.0259
6.8310 2.9554 0 8.6371 9.0201
6.9139 2.6615 0 8.4452 9.0050
6.9724 2.3614 0 8.2541 8.9816
7.0113 2.0578 0 8.0640 8.9507
7.0362 1.7523 0 7.8751 8.9134
7.0521 1.4457 0 7.6873 8.8707
7.0638 1.1384 0 7.5007 8.8234
7.0754 0.8307 0 7.3150 8.7724
7.0907 0.5228 0 7.1301 8.7187
7.1132 0.2149 0 6.9457 8.6630
7.1468 -0.0923 0 6.7618 8.6061
7.1951 -0.3978 0 6.5780 8.5485
7.2614 -0.7001 0 6.3942 8.4910
7.3488 -0.9973 0 6.2103 8.4339
7.4594 -1.2867 0 6.0262 8.3777
7.5947 -1.5656 0 5.8416 8.3226
7.7553 -1.8309 0 5.6567 8.2690
7.9408 -2.0795 0 5.4713 8.2170
8.1505 -2.3082 0 5.2854 8.1668
8.3824 -2.5145 0 5.0990 8.1183
8.6342 -2.6961 0 4.9122 8.0715
8.9032 -2.8516 0 4.7251 8.0262
9.1861 -2.9802 0 4.5376 7.9823
9.4801 -3.0819 0 4.3498 7.9394
9.7821 -3.1573 0 4.1619 7.8973
10.0895 -3.2072 0 3.9739 7.8556
10.4004 -3.2315 0 3.7859 7.8139
10.7125 -3.2318 0 3.5981 7.7716
11.0229 -3.1926 0 3.4104 7.7284
11.3334 -3.1443 0 3.2231 7.6836
11.6436 -3.0912 0 3.0364 7.6368
11.9528 -3.0300 0 2.8503 7.5873
12.2607 -2.9602 0 2.6650 7.5346
12.5670 -2.8821 0 2.4809 7.4782
12.8720 -2.7974 0 2.2982 7.4176
13.1761 -2.7079 0 2.1170 7.3522
13.4796 -2.6157 0 1.9379 7.2817
13.7832 -2.5225 0 1.7610 7.2055
14.0872 -2.4300 0 1.5868 7.1235
14.3919 -2.3390 0 1.4157 7.0353
14.6971 -2.2494 0 1.2479 6.9408
15.0022 -2.1594 0 1.0839 6.8399
15.3062 -2.0654 0 0.9239 6.7327
15.6065 -1.9606 0 0.7682 6.6194
15.8988 -1.8357 0 0.6170 6.5002
16.1750 -1.6796 0 0.4704 6.3754
16.4221 -1.4824 0 0.3287 6.2451
16.6219 -1.2394 0 0.1920 6.1094
16.7537 -0.9558 0 0.0607 5.9686
16.7998 -0.6487 0 -0.0646 5.8224
16.7517 -0.3439 0 -0.1836 5.6710
16.6142 -0.0694 0 -0.2957 5.5144
16.4031 0.1519 0 -0.4004 5.3529
16.1403 0.3067 0 -0.4974 5.1865
15.8478 0.3921 0 -0.5864 5.0158
15.5438 0.4128 0 -0.6674 4.8411
15.2412 0.3774 0 -0.7401 4.6628
14.9472 0.2966 0 -0.8048 4.4815
14.6638 0.1831 0 -0.8615 4.2975
14.3894 0.0483 0 -0.9106 4.1113
14.1210 -0.0988 0 -0.9523 3.9233
13.8556 -0.2522 0 -0.9867 3.7339
13.5911 -0.4075 0 -1.0138 3.5432
13.3260 -0.5621 0 -1.0336 3.3517
13.0593 -0.7145 0 -1.0461 3.1596
12.7905 -0.8635 0 -1.0513 2.9671
