x y d ox oy
9.2126 9.0036 0 5.3273 8.1780
9.0174 9.0208 0 5.1411 8.1291
8.8216 9.0264 0 4.9544 8.0819
8.6258 9.0270 0 4.7673 8.0363
8.4288 9.0209 0 4.5799 7.9921
8.2307 9.0049 0 4.3922 7.9490
8.0331 8.9790 0 4.2043 7.9068
7.8342 8.9472 0 4.0163 7.8650
7.6365 8.9044 0 3.8283 7.8233
7.4396 8.8604 0 3.6404 7.7812
7.2465 8.8075 0 3.4527 7.7383
7.0528 8.7496 0 3.2653 7.6939
6.8599 8.6825 0 3.0784 7.6476
6.6674 8.6124 0 2.8922 7.5987
6.4741 8.5443 0 2.7067 7.5468
6.2800 8.4785 0 2.5224 7.4913
6.0833 8.4093 0 2.3393 7.4317
5.8868 8.3407 0 2.1577 7.3674
5.6894 8.2770 0 1.9781 7.2981
5.4918 8.2159 0 1.8007 7.2232
5.2916 8.1604 0 1.6259 7.1425
5.0898 8.1127 0 1.4540 7.0557
4.8879 8.0701 0 1.2854 6.9626
4.6890 8.0238 0 1.1205 6.8632
4.4904 7.9729 0 0.9596 6.7574
4.2915 7.9215 0 0.8030 6.6455
4.0903 7.8722 0 0.6507 6.5276
3.8887 7.8226 0 0.5031 6.4040
3.6839 7.7788 0 0.3602 6.2749
3.4811 7.7268 0 0.2224 6.1405
3.2774 7.6755 0 0.0898 6.0008
3.0720 7.6236 0 -0.0369 5.8558
2.8669 7.5696 0 -0.1573 5.7056
2.6634 7.5161 0 -0.2710 5.5502
2.4608 7.4526 0 -0.3774 5.3897
2.2563 7.3864 0 -0.4762 5.2245
2.0534 7.3144 0 -0.5671 5.0547
1.8536 7.2358 0 -0.6498 4.8809
1.6565 7.1531 0 -0.7244 4.7033
1.4642 7.0587 0 -0.7802 4.5232
1.2750 6.9503 1 -0.8123 4.3425
1.0858 6.8328 1 -0.8337 4.1621
0.9012 6.7068 1 -0.8446 3.9824
0.7216 6.5693 0 -0.8444 3.8044
0.5470 6.4230 0 -0.8327 3.6288
0.3774 6.2682 0 -0.8094 3.4565
0.2133 6.1080 0 -0.7750 3.2881
0.0586 5.9394 0 -0.7309 3.1240
-0.0875 5.7646 0 -0.6785 2.9641
-0.2259 5.5859 1 -0.6197 2.8081
-0.3543 5.4022 1 -0.5929 2.6396
-0.4741 5.2085 1 -0.5793 2.4632
-0.5875 5.0067 1 -0.5597 2.2867
-0.6897 4.7970 1 -0.5343 2.1099
-0.7825 4.5827 1 -0.5034 1.9331
-0.8610 4.3655 1 -0.4674 1.7561
-0.9298 4.1426 1 -0.4267 1.5789
-0.9846 3.9151 1 -0.3817 1.4017
-1.0252 3.6862 1 -0.3328 1.2242
-1.0472 3.4536 1 -0.2805 1.0465
-1.0662 3.2208 1 -0.2251 0.8685
-1.0744 2.9879 1 -0.1672 0.6901
-1.0740 2.7524 1 -0.1072 0.5114
-1.0586 2.5183 1 -0.0455 0.3321
-1.0362 2.2822 1 0.0175 0.1523
-1.0041 2.0464 1 0.0814 -0.0280
-0.9597 1.8123 1 0.1460 -0.2089
-0.9103 1.5801 1 0.2108 -0.3902
-0.8537 1.3495 1 0.2756 -0.5721
-0.7898 1.1178 1 0.3403 -0.7543
-0.7217 0.8856 1 0.4047 -0.9367
-0.6490 0.6558 1 0.4687 -1.1192
-0.5665 0.4301 1 0.5324 -1.3016
-0.4810 0.2065 1 0.5957 -1.4837
-0.3953 -0.0223 1 0.6588 -1.6651
-0.3129 -0.2536 1 0.7220 -1.8456
-0.2361 -0.4866 1 0.7856 -2.0248
-0.1570 -0.7220 1 0.8500 -2.2023
-0.0731 -0.9568 1 0.9156 -2.3777
0.0118 -1.1925 1 0.9830 -2.5507
0.0963 -1.4273 1 1.0526 -2.7207
0.1775 -1.6643 1 1.1251 -2.8872
0.2559 -1.9017 1 1.2012 -3.0496
0.3426 -2.1380 1 1.2813 -3.2074
0.4278 -2.3763 1 1.3660 -3.3601
0.5171 -2.6135 1 1.4559 -3.5068
0.6139 -2.8492 1 1.5514 -3.6471
0.7189 -3.0814 1 1.6262 -3.7896
0.8241 -3.3152 1 1.7088 -3.9269
0.9350 -3.5464 1 1.8113 -4.0523
1.0592 -3.7722 1 1.9330 -4.1603
1.1973 -3.9893 1 2.0648 -4.2452
1.3553 -4.1899 1 2.2014 -4.3093
1.5301 -4.3727 1 2.3395 -4.3559
1.7223 -4.5398 1 2.4759 -4.4033
1.9370 -4.6775 1 2.6131 -4.4435
2.1615 -4.7954 1 2.7511 -4.4673
2.3988 -4.8853 1 2.8884 -4.4743
2.6439 -4.9397 1 3.0239 -4.4644
2.8939 -4.9595 1 3.1561 -4.4376
3.1435 -4.9361 1 3.2836 -4.3942
3.3840 -4.8631 1 3.4046 -4.3347
3.6125 -4.7603 1 3.5176 -4.2600
3.8280 -4.6300 1 3.6266 -4.1799
4.0248 -4.4755 1 3.7257 -4.0825
4.1862 -4.2856 1 3.8099 -3.9667
4.3175 -4.0751 0 3.8821 -3.8402
4.4176 -3.8487 0 3.9418 -3.7040
4.4890 -3.6114 0 3.9857 -3.5601
4.5330 -3.3679 0 4.0092 -3.4114
4.5441 -3.1207 0 4.0277 -3.2577
4.5360 -2.8758 0 4.0379 -3.0993
4.5083 -2.6336 0 4.0366 -2.9378
4.4672 -2.3914 0 4.0245 -2.7740
4.4091 -2.1498 1 4.0022 -2.6085
4.3382 -1.9110 1 3.9706 -2.4419
4.2575 -1.6742 1 3.9305 -2.2744
4.1639 -1.4419 1 3.8825 -2.1063
4.0567 -1.2150 1 3.8277 -1.9379
3.9502 -0.9865 1 3.7668 -1.7692
3.8380 -0.7633 1 3.7006 -1.6001
3.7265 -0.5376 1 3.6298 -1.4303
3.6205 -0.3060 1 3.5554 -1.2598
3.5236 -0.0687 1 3.4780 -1.0883
3.4249 0.1678 1 3.3985 -0.9156
3.3297 0.4071 1 3.3176 -0.7414
3.2413 0.6505 1 3.2397 -0.5651
3.1611 0.8974 1 3.1729 -0.3863
3.0897 1.1493 1 3.1046 -0.2055
3.0289 1.4010 1 3.0349 -0.0225
2.9837 1.6545 1 2.9645 0.1631
2.9511 1.9066 1 2.8944 0.3515
2.9441 2.1620 1 2.8258 0.5429
2.9541 2.4159 1 2.7603 0.7359
2.9787 2.6718 1 2.6980 0.9303
3.0260 2.9288 1 2.6383 1.1252
3.0958 3.1803 1 2.5802 1.3201
3.1972 3.4234 1 2.5373 1.5239
3.3210 3.6581 1 2.5106 1.7353
3.4711 3.8765 1 2.4938 1.9490
3.6499 4.0740 1 2.4877 2.1646
3.8540 4.2476 1 2.4930 2.3817
4.0796 4.3913 1 2.5107 2.5995
4.3265 4.4949 1 2.5415 2.8175
4.5881 4.5588 1 2.5866 3.0350
4.8560 4.5866 0 2.6467 3.2507
5.1248 4.5699 0 2.7229 3.4634
5.3696 4.5010 0 2.8160 3.6715
5.6073 4.4076 0 2.9267 3.8733
5.8292 4.2860 0 3.0556 4.0666
6.0365 4.1381 0 3.2031 4.2492
6.2275 3.9677 0 3.3688 4.4182
6.3998 3.7763 0 3.5519 4.5708
6.5480 3.5654 0 3.7513 4.7046
6.6758 3.3436 0 3.9652 4.8168
6.7819 3.1107 0 4.1912 4.9051
6.8672 2.8700 0 4.3762 4.9157
6.9312 2.6212 0 4.5870 4.9945
6.9796 2.3707 0 4.8302 5.0115
7.0152 2.1224 1 5.0734 5.0008
7.0340 1.8709 1 5.2467 4.9355
7.0477 1.6204 1 5.3889 4.7796
7.0559 1.3709 1 5.5079 4.6157
7.0652 1.1234 1 5.6040 4.4465
7.0762 0.8777 1 5.7366 4.3221
7.0794 0.6318 1 5.8985 4.2181
7.0857 0.3847 1 6.0496 4.0989
7.1099 0.1387 1 6.1893 3.9665
7.1460 -0.1054 1 6.3171 3.8226
7.1858 -0.3482 1 6.4328 3.6688
7.2366 -0.5885 1 6.5365 3.5066
7.3015 -0.8260 1 6.6284 3.3374
7.3777 -1.0590 1 6.7089 3.1625
7.4658 -1.2869 1 6.7784 2.9830
7.5713 -1.5068 1 6.8376 2.7997
7.6956 -1.7199 1 6.8872 2.6137
7.8352 -1.9292 1 6.9282 2.4256
7.9920 -2.1279 1 6.9613 2.2359
8.1678 -2.3125 1 6.9875 2.0451
8.3603 -2.4846 1 7.0079 1.8537
8.5660 -2.6398 1 7.0235 1.6617
8.7885 -2.7791 1 7.0354 1.4695
9.0259 -2.8968 0 7.0448 1.2772
9.2721 -2.9991 0 7.0526 1.0848
9.5250 -3.0827 0 7.0601 0.8924
9.7828 -3.1524 0 7.0683 0.7000
10.0458 -3.2041 0 7.0784 0.5077
10.3127 -3.2364 0 7.0914 0.3156
10.5778 -3.2467 0 7.1084 0.1238
10.8438 -3.2336 0 7.1303 -0.0675
11.1230 -3.1875 0 7.1582 -0.2581
11.4029 -3.1456 0 7.1930 -0.4474
11.6823 -3.0935 0 7.2354 -0.6353
11.9580 -3.0316 0 7.2860 -0.8210
12.2339 -2.9656 0 7.3454 -1.0042
12.5083 -2.8903 0 7.4140 -1.1841
12.7865 -2.8132 0 7.4920 -1.3601
13.0680 -2.7427 0 7.5796 -1.5316
13.3483 -2.6652 0 7.6768 -1.6978
13.6274 -2.5817 0 7.7836 -1.8580
13.9091 -2.4953 0 7.8999 -2.0114
14.1908 -2.4105 0 8.0254 -2.1574
14.4719 -2.3254 0 8.1598 -2.2952
14.7541 -2.2432 0 8.3026 -2.4244
15.0350 -2.1572 0 8.4533 -2.5442
15.3138 -2.0660 0 8.6112 -2.6544
15.5863 -1.9628 0 8.7757 -2.7544
15.8573 -1.8460 0 8.9460 -2.8442
16.1179 -1.7073 0 9.1214 -2.9237
16.3531 -1.5316 0 9.3010 -2.9929
16.5543 -1.3169 0 9.4843 -3.0520
16.7016 -1.0654 0 9.6705 -3.1012
16.7912 -0.7905 0 9.8589 -3.1407
16.7942 -0.5047 0 10.0491 -3.1708
16.7163 -0.2295 0 10.2405 -3.1919
16.5604 0.0073 0 10.4326 -3.2043
16.3462 0.1947 0 10.6251 -3.2085
16.0998 0.3298 0 10.8176 -3.2048
15.8307 0.4071 0 11.0099 -3.1937
15.5488 0.4270 0 11.2016 -3.1756
15.2664 0.4012 0 11.3926 -3.1511
14.9918 0.3324 0 11.5827 -3.1207
14.7319 0.2329 0 11.7719 -3.0849
14.4830 0.1084 0 11.9602 -3.0444
14.2411 -0.0293 0 12.1475 -2.9998
14.0042 -0.1749 0 12.3340 -2.9517
13.7667 -0.3203 0 12.5196 -2.9006
13.5280 -0.4638 0 12.7047 -2.8473
13.2861 -0.6011 0 12.8892 -2.7922
13.0434 -0.7345 0 13.0733 -2.7358
12.7973 -0.8596 0 13.2572 -2.6787
12.5524 -0.9833 0 13.4410 -2.6213
12.3101 -1.1083 0 13.6249 -2.5640
12.0611 -1.2268 0 13.8088 -2.5071
11.8073 -1.3340 0 13.9930 -2.4510
11.5485 -1.4250 0 14.1775 -2.3957
11.2836 -1.4925 0 14.3622 -2.3412
11.0125 -1.5214 0 14.5470 -2.2873
10.7429 -1.5054 0 14.7320 -2.2337
10.4812 -1.4434 0 14.9169 -2.1798
10.2445 -1.3181 0 15.1013 -2.1245
10.0453 -1.1356 0 15.2850 -2.0667
9.9083 -0.9054 0 15.4673 -2.0047
9.8450 -0.6480 0 15.6474 -1.9366
9.8673 -0.3868 0 15.8242 -1.8602
9.9561 -0.1399 0 15.9959 -1.7732
10.1083 0.0768 0 16.1605 -1.6733
10.2971 0.2659 0 16.3148 -1.5582
10.5203 0.4154 0 16.4551 -1.4265
10.7661 0.5303 0 16.5768 -1.2774
11.0200 0.6213 0 16.6745 -1.1117
11.2779 0.7022 0 16.7427 -0.9320
11.5355 0.7786 0 16.7768 -0.7428
11.7894 0.8569 0 16.7739 -0.5506
12.0382 0.9473 0 16.7328 -0.3629
12.2778 1.0544 0 16.6552 -0.1872
12.5023 1.1886 0 16.5445 -0.0302
12.7121 1.3444 0 16.4058 0.1028
12.8999 1.5255 0 16.2452 0.2084
13.0639 1.7289 0 16.0692 0.2858
13.1933 1.9596 0 15.8834 0.3353
13.2909 2.2095 0 15.6925 0.3588
13.3631 2.4720 0 15.5001 0.3584
13.4037 2.7403 0 15.3088 0.3369
13.4162 3.0100 0 15.1204 0.2975
13.3941 3.2784 0 14.9357 0.2434
13.3503 3.5432 0 14.7548 0.1776
13.2861 3.8047 0 14.5775 0.1025
13.2089 4.0646 0 14.4034 0.0203
13.1226 4.3225 0 14.2317 -0.0670
13.0213 4.5779 0 14.0620 -0.1579
12.9133 4.8325 0 13.8935 -0.2511
12.7994 5.0874 0 13.7257 -0.3456
12.6833 5.3416 0 13.5582 -0.4406
12.5615 5.5939 0 13.3906 -0.5355
12.4385 5.8477 0 13.2227 -0.6298
12.3153 6.1024 0 13.0542 -0.7230
12.1937 6.3585 0 12.8850 -0.8150
12.0727 6.6145 0 12.7149 -0.9052
11.9456 6.8671 0 12.5437 -0.9933
11.8097 7.1172 0 12.3712 -1.0789
11.6636 7.3636 0 12.1972 -1.1613
11.5031 7.6001 0 12.0212 -1.2395
11.3290 7.8311 0 11.8429 -1.3121
11.1435 8.0552 0 11.6617 -1.3774
10.9415 8.2666 0 11.4773 -1.4328
10.7199 8.4617 0 11.2896 -1.4751
10.4729 8.6277 0 11.0988 -1.5006
10.2101 8.7669 0 10.9065 -1.5048
9.9342 8.8818 0 10.7154 -1.4833
9.6457 8.9642 0 10.5301 -1.4320
9.3500 9.0250 0 10.3571 -1.3483
9.0510 9.0636 0 10.2043 -1.2319
8.7523 9.0651 0 10.0800 -1.0854
8.4555 9.0473 0 9.9915 -0.9149
8.1608 9.0057 0 9.9433 -0.7289
7.8701 8.9434 0 9.9373 -0.5367
7.5808 8.8691 0 9.9722 -0.3476
7.2924 8.7874 0 10.0434 -0.1690
7.0073 8.6966 0 10.1453 -0.0059
6.7235 8.6087 0 10.2720 0.1389
6.4396 8.5228 0 10.4178 0.2645
6.1577 8.4322 0 10.5776 0.3716
5.8748 8.3473 0 10.7475 0.4622
5.5914 8.2661 0 10.9239 0.5392
5.3074 8.1877 0 11.1045 0.6061
5.0229 8.1120 0 11.2873 0.6666
4.7352 8.0359 0 11.4710 0.7242
4.4451 7.9668 0 11.6544 0.7829
4.1570 7.8961 0 11.8364 0.8459
3.8716 7.8192 0 12.0155 0.9164
3.5848 7.7435 0 12.1903 0.9972
3.2946 7.6758 0 12.3589 1.0900
2.9993 7.6101 0 12.5195 1.1961
2.7045 7.5393 0 12.6699 1.3162
2.4134 7.4554 0 12.8082 1.4501
2.1263 7.3601 0 12.9325 1.5970
1.8487 7.2456 0 13.0417 1.7555
1.5796 7.1177 0 13.1348 1.9239
1.3158 6.9765 0 13.2116 2.1004
1.0585 6.8196 0 13.2720 2.2832
0.8089 6.6467 0 13.3162 2.4705
0.5685 6.4582 0 13.3449 2.6609
0.3401 6.2569 0 13.3590 2.8529
0.1253 6.0424 0 13.3594 3.0454
-0.0744 5.8143 0 13.3472 3.2375
-0.2547 5.5687 0 13.3236 3.4286
-0.4273 5.3135 0 13.2898 3.6181
-0.5856 5.0478 0 13.2471 3.8059
-0.7242 4.7727 0 13.1967 3.9917
-0.8435 4.4902 0 13.1396 4.1756
-0.9305 4.1978 0 13.0771 4.3577
-0.9924 3.8973 0 13.0102 4.5383
-1.0377 3.5908 0 12.9397 4.7175
-1.0622 3.2802 0 12.8665 4.8956
-1.0744 2.9700 0 12.7912 5.0728
-1.0663 2.6579 0 12.7145 5.2495
-1.0306 2.3450 0 12.6368 5.4256
-0.9744 2.0352 0 12.5583 5.6015
-0.9151 1.7276 0 12.4794 5.7771
-0.8476 1.4208 0 12.4000 5.9526
-0.7694 1.1138 0 12.3199 6.1277
-0.6793 0.8061 0 12.2390 6.3024
-0.5825 0.5008 0 12.1569 6.4766
-0.4785 0.1988 0 12.0730 6.6499
-0.3734 -0.1025 0 11.9867 6.8221
-0.2691 -0.4031 0 11.8974 6.9927
-0.1598 -0.6975 0 11.8043 7.1613
-0.0514 -0.9919 0 11.7066 7.3272
0.0608 -1.2846 0 11.6034 7.4897
0.1649 -1.5789 0 11.4942 7.6483
0.2683 -1.8725 0 11.3782 7.8020
0.3670 -2.1665 0 11.2550 7.9499
0.4724 -2.4605 0 11.1242 8.0913
0.5905 -2.7529 0 10.9858 8.2251
0.7192 -3.0397 0 10.8397 8.3505
0.8561 -3.3205 0 10.6862 8.4666
0.9997 -3.5938 0 10.5255 8.5726
1.1671 -3.8531 0 10.3581 8.6677
1.3492 -4.1005 0 10.1848 8.7516
1.5440 -4.3341 0 10.0063 8.8236
1.7691 -4.5389 0 9.8233 8.8835
2.0213 -4.7089 0 9.6369 8.9315
2.2952 -4.8367 0 9.4481 8.9692
2.5879 -4.9139 0 9.2578 8.9986
2.8886 -4.9488 0 9.0662 9.0178
3.1878 -4.9253 0 8.8739 9.0257
3.4398 -4.8713 0 8.6814 9.0223
3.6808 -4.8594 0 8.4893 9.0093
3.9025 -4.7761 0 8.2979 8.9877
4.0867 -4.6261 0 8.1076 8.9585
4.2248 -4.4313 0 7.9184 8.9225
4.3276 -4.2130 0 7.7304 8.8809
4.4035 -3.9829 0 7.5435 8.8346
4.4559 -3.7468 0 7.3576 8.7844
4.4924 -3.5083 0 7.1725 8.7313
4.5065 -3.2689 0 6.9881 8.6760
4.5019 -3.0308 0 6.8041 8.6192
4.4829 -2.7914 0 6.6203 8.5618
4.4542 -2.5526 0 6.4365 8.5042
4.4176 -2.3164 0 6.2527 8.4470
4.3675 -2.0836 0 6.0686 8.3905
4.3075 -1.8534 0 5.8841 8.3351
4.2347 -1.6270 0 5.6993 8.2812
4.1463 -1.4068 0 5.5140 8.2288
4.0510 -1.1918 0 5.3282 8.1782
3.9490 -0.9782 0 5.1419 8.1293
3.8467 -0.7620 0 4.9552 8.0821
3.7431 -0.5478 0 4.7682 8.0365
3.6404 -0.3304 0 4.5807 7.9923
3.5374 -0.1105 0 4.3931 7.9492
3.4432 0.1123 0 4.2052 7.9070
3.3482 0.3379 0 4.0172 7.8652
3.2598 0.5659 0 3.8292 7.8235
3.1758 0.7965 0 3.6413 7.7814
3.1044 1.0311 0 3.4536 7.7385
3.0444 1.2667 0 3.2662 7.6941
2.9985 1.5064 0 3.0793 7.6478
2.9700 1.7477 0 2.8930 7.5989
2.9595 1.9888 0 2.7076 7.5470
2.9589 2.2282 0 2.5232 7.4916
2.9676 2.4670 0 2.3401 7.4319
2.9961 2.7075 0 2.1586 7.3677
3.0373 2.9502 0 1.9789 7.2984
3.1003 3.1860 0 1.8015 7.2236
3.1861 3.4115 0 1.6267 7.1429
3.2980 3.6252 0 1.4548 7.0561
3.4308 3.8253 0 1.2862 6.9631
3.5785 4.0121 0 1.1213 6.8637
3.7482 4.1751 0 0.9604 6.7579
3.9357 4.3155 0 0.8037 6.6460
4.1397 4.4305 0 0.6514 6.5282
4.3579 4.5190 0 0.5037 6.4046
4.5887 4.5731 0 0.3609 6.2755
4.8285 4.5974 0 0.2230 6.1411
5.0717 4.5884 0 0.0904 6.0014
5.2932 4.5358 0 -0.0363 5.8565
5.5067 4.4615 0 -0.1568 5.7063
5.7153 4.3686 0 -0.2705 5.5509
5.9131 4.2480 0 -0.3769 5.3905
6.0983 4.1060 0 -0.4758 5.2252
6.2650 3.9446 0 -0.5667 5.0555
6.4218 3.7699 0 -0.6495 4.8816
6.5589 3.5793 0 -0.7241 4.7041
6.6747 3.3748 0 -0.7906 4.5235
6.7696 3.1593 0 -0.8491 4.3400
6.8444 2.9379 0 -0.9000 4.1543
6.9018 2.7105 0 -0.9434 3.9667
6.9477 2.4798 0 -0.9795 3.7776
6.9851 2.2433 0 -1.0083 3.5872
7.0150 2.0055 0 -1.0297 3.3958
7.0379 1.7679 0 -1.0439 3.2038
7.0543 1.5305 0 -1.0507 3.0114
7.0678 1.2888 0 -1.0503 2.8188
7.0827 1.0469 0 -1.0429 2.6264
7.0888 0.8014 0 -1.0286 2.4344
7.0955 0.5520 0 -1.0078 2.2430
7.1086 0.3005 0 -0.9808 2.0523
7.1301 0.0484 0 -0.9480 1.8626
7.1608 -0.2053 0 -0.9100 1.6738
7.2114 -0.4582 0 -0.8672 1.4860
7.2732 -0.7122 0 -0.8201 1.2993
7.3537 -0.9613 0 -0.7692 1.1136
7.4464 -1.2047 0 -0.7150 0.9288
7.5480 -1.4424 0 -0.6580 0.7449
7.6642 -1.6724 0 -0.5987 0.5617
7.8010 -1.8911 0 -0.5376 0.3791
7.9583 -2.0947 0 -0.4750 0.1970
8.1290 -2.2899 0 -0.4113 0.0152
8.3167 -2.4706 0 -0.3470 -0.1663
8.5228 -2.6311 0 -0.2823 -0.3476
8.7489 -2.7669 0 -0.2175 -0.5290
8.9845 -2.8857 0 -0.1528 -0.7103
9.2273 -2.9889 0 -0.0884 -0.8918
9.4779 -3.0782 0 -0.0242 -1.0734
9.7359 -3.1433 0 0.0395 -1.2551
9.9953 -3.1894 0 0.1029 -1.4369
10.2552 -3.2155 0 0.1662 -1.6188
10.5153 -3.2307 0 0.2295 -1.8006
10.7733 -3.2325 0 0.2931 -1.9824
11.0259 -3.2052 0 0.3575 -2.1639
11.2781 -3.1625 0 0.4230 -2.3449
11.5329 -3.1161 0 0.4903 -2.5254
11.7876 -3.0622 0 0.5600 -2.7049
12.0431 -3.0098 0 0.6328 -2.8832
12.2951 -2.9459 0 0.7094 -3.0598
12.5442 -2.8776 0 0.7907 -3.2344
12.7914 -2.8130 0 0.8774 -3.4063
13.0363 -2.7396 0 0.9704 -3.5749
13.2816 -2.6665 0 1.0705 -3.7394
13.5290 -2.5951 0 1.1783 -3.8990
13.7753 -2.5264 0 1.2944 -4.0525
14.0212 -2.4594 0 1.4194 -4.1990
14.2654 -2.3896 0 1.5536 -4.3370
14.5098 -2.3169 0 1.6974 -4.4651
14.7522 -2.2434 0 1.8507 -4.5815
14.9918 -2.1673 0 2.0135 -4.6843
15.2295 -2.0853 0 2.1852 -4.7714
15.4672 -2.0002 0 2.3647 -4.8408
15.7010 -1.9078 0 2.5507 -4.8904
15.9292 -1.8004 0 2.7411 -4.9185
16.1484 -1.6762 0 2.9335 -4.9233
16.3541 -1.5324 0 3.1250 -4.9042
16.5365 -1.3557 0 3.3124 -4.8609
16.6810 -1.1457 0 3.4929 -4.7940
16.7769 -0.9090 0 3.6632 -4.7045
16.8201 -0.6602 0 3.8209 -4.5942
16.8005 -0.4071 0 3.9637 -4.4653
16.7141 -0.1636 0 4.0900 -4.3202
16.5673 0.0503 0 4.1989 -4.1615
16.3717 0.2230 0 4.2899 -3.9919
16.1386 0.3390 0 4.3629 -3.8138
15.8871 0.4074 0 4.4185 -3.6295
15.6287 0.4290 0 4.4573 -3.4410
15.3664 0.4102 0 4.4803 -3.2499
15.1050 0.3622 0 4.4886 -3.0576
14.8529 0.2847 0 4.4835 -2.8651
14.6139 0.1795 0 4.4660 -2.6734
14.3809 0.0615 0 4.4373 -2.4830
14.1522 -0.0650 0 4.3988 -2.2944
13.9235 -0.1940 0 4.3516 -2.1077
13.6967 -0.3307 0 4.2968 -1.9231
13.4695 -0.4682 0 4.2355 -1.7406
13.2433 -0.6059 0 4.1687 -1.5600
13.0122 -0.7388 0 4.0973 -1.3812
12.7797 -0.8688 0 4.0223 -1.2038
12.5445 -0.9910 0 3.9445 -1.0276
12.3064 -1.1059 0 3.8649 -0.8523
12.0688 -1.2203 0 3.7841 -0.6775
11.8244 -1.3236 0 3.7030 -0.5029
11.5742 -1.4078 0 3.6223 -0.3280
11.3177 -1.4687 0 3.5427 -0.1527
11.0566 -1.5064 0 3.4651 0.0236
10.7955 -1.5072 0 3.3901 0.2009
10.5439 -1.4532 0 3.3185 0.3797
10.3118 -1.3448 0 3.2510 0.5600
10.1144 -1.1827 0 3.1882 0.7420
9.9654 -0.9765 0 3.1309 0.9259
9.8838 -0.7374 0 3.0799 1.1115
9.8758 -0.4846 0 3.0356 1.2989
9.9414 -0.2394 0 2.9988 1.4879
10.0608 -0.0142 0 2.9701 1.6783
10.2305 0.1786 0 2.9501 1.8698
10.4327 0.3381 0 2.9394 2.0620
10.6577 0.4672 0 2.9385 2.2546
10.8991 0.5706 0 2.9482 2.4468
11.1474 0.6583 0 2.9689 2.6383
11.3981 0.7317 0 3.0014 2.8280
11.6457 0.8083 0 3.0462 3.0152
11.8904 0.8952 0 3.1039 3.1989
12.1321 0.9910 0 3.1751 3.3777
12.3654 1.1064 0 3.2601 3.5504
12.5817 1.2508 0 3.3592 3.7154
12.7764 1.4202 0 3.4725 3.8710
12.9501 1.6046 0 3.5999 4.0153
13.0988 1.8068 0 3.7408 4.1464
13.2175 2.0298 0 3.8942 4.2624
13.3091 2.2665 0 4.0591 4.3617
13.3708 2.5140 0 4.2338 4.4423
13.4010 2.7671 0 4.4164 4.5030
13.3977 3.0203 0 4.6047 4.5427
13.3736 3.2720 0 4.7963 4.5606
13.3354 3.5217 0 4.9886 4.5566
13.2874 3.7718 0 5.1793 4.5310
13.2210 4.0196 0 5.3660 4.4842
13.1399 4.2652 0 5.5464 4.4174
13.0460 4.5078 0 5.7189 4.3321
12.9463 4.7485 0 5.8819 4.2298
12.8415 4.9846 0 6.0342 4.1121
12.7297 5.2173 0 6.1752 3.9810
12.6226 5.4534 0 6.3042 3.8382
12.5172 5.6924 0 6.4212 3.6854
12.4050 5.9313 0 6.5262 3.5240
12.2912 6.1713 0 6.6193 3.3555
12.1803 6.4132 0 6.7009 3.1812
12.0650 6.6554 0 6.7716 3.0020
11.9410 6.8929 0 6.8318 2.8192
11.8104 7.1278 0 6.8824 2.6334
11.6690 7.3594 0 6.9242 2.4455
11.5206 7.5846 0 6.9581 2.2559
11.3575 7.7991 0 6.9850 2.0653
11.1799 8.0021 0 7.0060 1.8739
10.9923 8.1947 0 7.0220 1.6820
10.7958 8.3755 0 7.0343 1.4898
10.5844 8.5405 0 7.0439 1.2975
10.3567 8.6822 0 7.0518 1.1051
10.1177 8.7987 0 7.0593 0.9126
9.8715 8.8913 0 7.0674 0.7202
9.6199 8.9633 0 7.0772 0.5279
9.3654 9.0204 0 7.0899 0.3358
9.1075 9.0536 0 7.1064 0.1439
8.8477 9.0613 0 7.1278 -0.0474
8.5919 9.0486 0 7.1550 -0.2380
8.3371 9.0190 0 7.1890 -0.4276
8.0838 8.9822 0 7.2305 -0.6156
7.8339 8.9305 0 7.2802 -0.8016
7.5888 8.8636 0 7.3387 -0.9851
7.3469 8.7915 0 7.4063 -1.1653
7.1029 8.7180 0 7.4833 -1.3418
6.8567 8.6408 0 7.5699 -1.5138
6.6107 8.5640 0 7.6661 -1.6805
6.3666 8.4847 0 7.7719 -1.8414
6.1224 8.4095 0 7.8872 -1.9956
5.8801 8.3361 0 8.0118 -2.1424
5.6389 8.2699 0 8.1453 -2.2811
5.3967 8.2024 0 8.2872 -2.4112
5.1493 8.1450 0 8.4371 -2.5321
4.9006 8.0856 0 8.5943 -2.6432
4.6539 8.0231 0 8.7581 -2.7443
4.4110 7.9575 0 8.9279 -2.8352
4.1678 7.8954 0 9.1027 -2.9158
3.9185 7.8369 0 9.2819 -2.9861
3.6668 7.7760 0 9.4648 -3.0463
3.4118 7.7173 0 9.6507 -3.0965
3.1586 7.6562 0 9.8390 -3.1369
2.9079 7.5931 0 10.0290 -3.1680
2.6585 7.5236 0 10.2203 -3.1901
2.4125 7.4554 0 10.4124 -3.2034
2.1714 7.3698 0 10.6049 -3.2085
1.9342 7.2730 0 10.7974 -3.2056
1.7007 7.1687 0 10.9897 -3.1952
1.4716 7.0570 0 11.1814 -3.1778
1.2479 6.9292 0 11.3725 -3.1539
1.0301 6.7895 0 11.5627 -3.1241
0.8164 6.6423 0 11.7520 -3.0889
0.6115 6.4852 0 11.9404 -3.0489
0.4153 6.3175 0 12.1278 -3.0047
0.2287 6.1354 0 12.3144 -2.9569
0.0490 5.9463 0 12.5001 -2.9061
-0.1203 5.7446 0 12.6852 -2.8530
-0.2857 5.5371 0 12.8698 -2.7981
-0.4344 5.3193 0 13.0539 -2.7418
-0.5685 5.0919 0 13.2379 -2.6848
-0.6853 4.8532 0 13.4217 -2.6274
-0.7851 4.6067 0 13.6055 -2.5700
-0.8715 4.3516 0 13.7895 -2.5131
-0.9412 4.0882 0 13.9736 -2.4569
-0.9962 3.8170 0 14.1580 -2.4015
-1.0347 3.5416 0 14.3427 -2.3469
-1.0620 3.2652 0 14.5276 -2.2929
-1.0735 2.9866 0 14.7125 -2.2394
-1.0653 2.7069 0 14.8974 -2.1855
-1.0471 2.4235 0 15.0819 -2.1304
-1.0185 2.1402 0 15.2657 -2.0730
-0.9720 1.8589 0 15.4482 -2.0115
-0.9062 1.5794 0 15.6286 -1.9441
-0.8292 1.3019 0 15.8058 -1.8687
-0.7495 1.0238 0 15.9781 -1.7830
-0.6602 0.7467 0 16.1436 -1.6845
-0.5731 0.4689 0 16.2991 -1.5711
-0.4773 0.1930 0 16.4411 -1.4412
-0.3810 -0.0819 0 16.5650 -1.2939
-0.2806 -0.3533 0 16.6655 -1.1299
-0.1798 -0.6240 0 16.7370 -0.9514
-0.0864 -0.8978 0 16.7750 -0.7630
0.0059 -1.1723 0 16.7760 -0.5708
0.0992 -1.4455 0 16.7389 -0.3823
0.1939 -1.7166 0 16.6650 -0.2049
0.2935 -1.9851 0 16.5576 -0.0456
0.3906 -2.2534 0 16.4215 0.0900
0.4887 -2.5215 0 16.2629 0.1986
0.5924 -2.7863 0 16.0883 0.2789
0.7043 -3.0451 0 15.9033 0.3314
0.8234 -3.2963 0 15.7127 0.3575
0.9603 -3.5412 0 15.5203 0.3595
1.1100 -3.7818 0 15.3289 0.3401
1.2775 -4.0095 0 15.1401 0.3024
1.4625 -4.2238 0 14.9550 0.2497
1.6625 -4.4211 0 14.7736 0.1850
1.8822 -4.5936 0 14.5960 0.1107
2.1205 -4.7367 0 14.4216 0.0292
2.3751 -4.8461 0 14.2497 -0.0576
2.6452 -4.9136 0 14.0798 -0.1482
2.9253 -4.9396 0 13.9112 -0.2412
3.2035 -4.9128 0 13.7433 -0.3356
3.4601 -4.8226 0 13.5758 -0.4306
3.7009 -4.7012 0 13.4083 -0.5255
3.9171 -4.5389 0 13.2404 -0.6199
4.1058 -4.3451 0 13.0720 -0.7133
4.2606 -4.1229 0 12.9029 -0.8054
4.3836 -3.8805 0 12.7329 -0.8958
4.4648 -3.6233 0 12.5618 -0.9841
4.5135 -3.3578 0 12.3894 -1.0700
4.5347 -3.0879 0 12.2156 -1.1528
4.5322 -2.8171 0 12.0398 -1.2315
4.4946 -2.5513 0 11.8618 -1.3048
4.4355 -2.2891 0 11.6809 -1.3709
4.3590 -2.0289 0 11.4969 -1.4275
4.2712 -1.7739 0 11.3095 -1.4714
4.1770 -1.5243 0 11.1190 -1.4988
4.0726 -1.2760 0 10.9267 -1.5055
3.9578 -1.0282 0 10.7353 -1.4869
3.8408 -0.7801 0 10.5491 -1.4389
3.7228 -0.5356 0 10.3745 -1.3587
3.6073 -0.2866 0 10.2192 -1.2456
3.5025 -0.0314 0 10.0915 -1.1021
3.3991 0.2220 0 9.9989 -0.9338
3.3000 0.4762 0 9.9464 -0.7489
3.2066 0.7345 0 9.9359 -0.5570
3.1339 1.0017 0 9.9667 -0.3672
3.0741 1.2714 0 10.0343 -0.1872
3.0233 1.5431 0 10.1333 -0.0223
2.9814 1.8142 0 10.2577 0.1245
2.9561 2.0874 0 10.4017 0.2521
2.9528 2.3603 0 10.5603 0.3611
2.9745 2.6316 0 10.7292 0.4534
3.0213 2.8991 0 10.9051 0.5316
3.0941 3.1593 0 11.0853 0.5994
3.1955 3.4115 0 11.2680 0.6604
3.3222 3.6547 0 11.4517 0.7182
3.4790 3.8782 0 11.6352 0.7765
3.6575 4.0834 0 11.8173 0.8389
3.8646 4.2579 0 11.9968 0.9086
4.0953 4.4001 0 12.1722 0.9881
4.3471 4.5062 0 12.3415 1.0796
4.6108 4.5733 0 12.5030 1.1843
4.8828 4.5978 0 12.6546 1.3029
5.1539 4.5793 0 12.7942 1.4354
5.3838 4.4979 0 12.9201 1.5810
5.6095 4.4064 0 13.0309 1.7383
5.8267 4.2924 0 13.1258 1.9058
6.0332 4.1548 0 13.2043 2.0815
6.2185 3.9877 0 13.2664 2.2637
6.3827 3.7991 0 13.3123 2.4506
6.5293 3.5956 0 13.3426 2.6407
6.6589 3.3820 0 13.3581 2.8326
6.7659 3.1576 0 13.3599 3.0251
6.8553 2.9276 0 13.3490 3.2173
6.9208 2.6928 0 13.3266 3.4085
6.9678 2.4535 0 13.2938 3.5982
7.0017 2.2113 0 13.2520 3.7862
7.0264 1.9677 0 13.2023 3.9722
7.0437 1.7229 0 13.1459 4.1563
7.0533 1.4756 0 13.0839 4.3386
7.0587 1.2273 0 13.0174 4.5193
7.0601 0.9791 0 12.9473 4.6987
7.0672 0.7294 0 12.8743 4.8769
7.0811 0.4801 0 12.7992 5.0542
7.1000 0.2321 0 12.7226 5.2309
7.1265 -0.0163 0 12.6450 5.4071
7.1687 -0.2639 0 12.5666 5.5830
7.2215 -0.5098 0 12.4877 5.7587
7.2871 -0.7519 0 12.4084 5.9341
7.3685 -0.9889 0 12.3284 6.1093
7.4538 -1.2217 0 12.2476 6.2841
7.5494 -1.4506 0 12.1656 6.4583
7.6593 -1.6703 0 12.0819 6.6317
7.7853 -1.8786 0 11.9959 6.8040
7.9326 -2.0759 0 11.9070 6.9748
8.0983 -2.2597 0 11.8143 7.1436
8.2787 -2.4321 0 11.7171 7.3098
8.4772 -2.5877 0 11.6146 7.4728
8.6892 -2.7268 0 11.5060 7.6318
8.9123 -2.8495 0 11.3907 7.7860
9.1450 -2.9568 0 11.2683 7.9346
9.3849 -3.0458 0 11.1384 8.0767
9.6292 -3.1261 0 11.0008 8.2114
9.8821 -3.1819 0 10.8555 8.3377
10.1393 -3.2193 0 10.7027 8.4548
10.3990 -3.2360 0 10.5427 8.5619
10.6587 -3.2368 0 10.3760 8.6583
10.9180 -3.2125 0 10.2033 8.7433
11.1792 -3.1844 0 10.0253 8.8165
11.4425 -3.1433 0 9.8428 8.8777
11.7051 -3.0929 0 9.6567 8.9270
11.9666 -3.0391 0 9.4681 8.9657
12.2270 -2.9795 0 9.2779 8.9959
12.4855 -2.9128 0 9.0864 9.0163
12.7431 -2.8382 0 8.8941 9.0254
13.0023 -2.7600 0 8.7016 9.0232
13.2619 -2.6780 0 8.5095 9.0111
13.5234 -2.5994 0 8.3180 8.9903
13.7869 -2.5256 0 8.1276 8.9619
14.0512 -2.4495 0 7.9383 8.9266
14.3161 -2.3733 0 7.7502 8.8856
14.5800 -2.2946 0 7.5632 8.8397
14.8420 -2.2097 0 7.3772 8.7899
15.1028 -2.1256 0 7.1920 8.7370
15.3653 -2.0406 0 7.0075 8.6819
15.6233 -1.9507 0 6.8234 8.6253
15.8706 -1.8418 0 6.6396 8.5678
16.1090 -1.7091 0 6.4559 8.5103
16.3320 -1.5500 0 6.2720 8.4530
16.5318 -1.3612 0 6.0880 8.3964
16.6867 -1.1380 0 5.9036 8.3409
16.7858 -0.8876 0 5.7188 8.2868
16.8193 -0.6206 0 5.5335 8.2343
16.7819 -0.3543 0 5.3478 8.1835
16.6714 -0.1114 0 5.1616 8.1344
16.4991 0.0919 0 4.9749 8.0870
16.2810 0.2482 0 4.7879 8.0412
16.0351 0.3588 0 4.6005 7.9969
15.7716 0.4103 0 4.4128 7.9537
15.5041 0.4132 0 4.2250 7.9114
15.2392 0.3775 0 4.0370 7.8696
14.9812 0.3116 0 3.8490 7.8279
14.7330 0.2206 0 3.6611 7.7859
14.4940 0.1110 0 3.4733 7.7430
14.2634 -0.0160 0 3.2859 7.6988
14.0349 -0.1443 0 3.0989 7.6528
13.8100 -0.2751 0 2.9126 7.6042
13.5840 -0.4072 0 2.7271 7.5527
13.3579 -0.5360 0 2.5425 7.4976
13.1302 -0.6645 0 2.3593 7.4384
12.8961 -0.7860 0 2.1776 7.3747
12.6610 -0.9030 0 1.9977 7.3059
12.4292 -1.0200 0 1.8201 7.2317
12.1959 -1.1364 0 1.6449 7.1517
11.9596 -1.2451 0 1.4727 7.0655
11.7202 -1.3426 0 1.3038 6.9732
11.4760 -1.4224 0 1.1385 6.8744
11.2261 -1.4775 0 0.9771 6.7694
10.9699 -1.5034 0 0.8200 6.6581
10.7118 -1.4929 0 0.6672 6.5409
10.4644 -1.4290 0 0.5191 6.4179
10.2448 -1.3070 0 0.3757 6.2894
10.0656 -1.1321 0 0.2372 6.1555
9.9394 -0.9149 0 0.1041 6.0164
9.8737 -0.6723 0 -0.0233 5.8720
9.8780 -0.4225 0 -0.1444 5.7224
9.9491 -0.1837 0 -0.2589 5.5675
10.0815 0.0249 0 -0.3661 5.4076
10.2459 0.2087 0 -0.4657 5.2428
10.4388 0.3606 0 -0.5575 5.0736
10.6504 0.4863 0 -0.6411 4.9001
10.8764 0.5866 0 -0.7166 4.7230
11.1122 0.6655 0 -0.7840 4.5426
11.3531 0.7354 0 -0.8434 4.3595
11.5955 0.8019 0 -0.8950 4.1740
11.8368 0.8792 0 -0.9392 3.9865
12.0750 0.9692 0 -0.9760 3.7975
12.3023 1.0827 0 -1.0056 3.6073
12.5166 1.2175 0 -1.0278 3.4160
12.7177 1.3711 0 -1.0427 3.2240
12.8983 1.5476 0 -1.0504 3.0316
13.0568 1.7396 0 -1.0507 2.8391
13.1874 1.9482 0 -1.0440 2.6467
13.2903 2.1712 0 -1.0304 2.4546
13.3579 2.4070 0 -1.0103 2.2631
13.3981 2.6510 0 -0.9839 2.0723
13.4083 2.8991 0 -0.9517 1.8825
13.3974 3.1468 0 -0.9143 1.6936
13.3710 3.3945 0 -0.8719 1.5058
13.3256 3.6390 0 -0.8252 1.3189
13.2618 3.8788 0 -0.7747 1.1331
13.1865 4.1201 0 -0.7208 0.9483
13.1012 4.3621 0 -0.6641 0.7642
13.0096 4.6036 0 -0.6051 0.5810
12.9123 4.8431 0 -0.5441 0.3983
12.8121 5.0801 0 -0.4816 0.2161
12.7030 5.3115 0 -0.4181 0.0344
12.5882 5.5424 0 -0.3538 -0.1472
12.4733 5.7766 0 -0.2891 -0.3285
12.3611 6.0150 0 -0.2243 -0.5099
12.2476 6.2550 0 -0.1596 -0.6912
12.1334 6.4969 0 -0.0951 -0.8727
12.0111 6.7343 0 -0.0310 -1.0542
11.8879 6.9728 0 0.0328 -1.2359
11.7546 7.2034 0 0.0963 -1.4177
11.6133 7.4313 0 0.1595 -1.5996
11.4628 7.6549 0 0.2228 -1.7815
11.3046 7.8764 0 0.2864 -1.9633
11.1328 8.0894 0 0.3507 -2.1448
10.9379 8.2850 0 0.4160 -2.3259
10.7279 8.4683 0 0.4831 -2.5064
10.4994 8.6309 0 0.5525 -2.6860
10.2578 8.7712 0 0.6249 -2.8645
10.0055 8.8854 0 0.7011 -3.0413
9.7422 8.9682 0 0.7819 -3.2161
9.4703 9.0201 0 0.8680 -3.3884
9.1912 9.0492 0 0.9603 -3.5573
8.9097 9.0602 0 1.0596 -3.7223
8.6287 9.0549 0 1.1665 -3.8824
8.3476 9.0269 0 1.2818 -4.0367
8.0701 8.9776 0 1.4058 -4.1840
7.7930 8.9158 0 1.5391 -4.3229
7.5172 8.8461 0 1.6818 -4.4521
7.2425 8.7662 0 1.8341 -4.5699
6.9673 8.6818 0 1.9959 -4.6742
6.6877 8.5993 0 2.1667 -4.7630
6.4089 8.5138 0 2.3455 -4.8344
6.1326 8.4259 0 2.5309 -4.8862
5.8548 8.3389 0 2.7209 -4.9166
5.5731 8.2539 0 2.9132 -4.9239
5.2894 8.1739 0 3.1049 -4.9074
5.0049 8.0950 0 3.2930 -4.8666
4.7224 8.0153 0 3.4743 -4.8021
4.4376 7.9457 0 3.6458 -4.7150
4.1500 7.8807 0 3.8049 -4.6068
3.8623 7.8146 0 3.9494 -4.4796
3.5718 7.7562 0 4.0775 -4.3361
3.2785 7.6962 0 4.1883 -4.1788
2.9851 7.6224 0 4.2811 -4.0102
2.6924 7.5377 0 4.3560 -3.8329
2.4033 7.4391 0 4.4134 -3.6492
2.1148 7.3382 0 4.4540 -3.4610
1.8298 7.2256 0 4.4786 -3.2701
1.5505 7.0965 0 4.4884 -3.0779
1.2760 6.9528 0 4.4846 -2.8854
1.0119 6.7907 0 4.4683 -2.6935
0.7592 6.6104 0 4.4408 -2.5030
0.5222 6.4088 0 4.4033 -2.3142
0.2951 6.1953 0 4.3569 -2.1273
0.0762 5.9729 0 4.3029 -1.9425
-0.1316 5.7366 0 4.2422 -1.7597
-0.3235 5.4842 0 4.1759 -1.5789
-0.4953 5.2168 0 4.1050 -1.3999
-0.6436 4.9357 0 4.0303 -1.2224
-0.7738 4.6439 0 3.9528 -1.0461
-0.8731 4.3358 0 3.8733 -0.8708
-0.9565 4.0205 0 3.7926 -0.6959
-1.0146 3.6996 0 3.7115 -0.5213
-1.0507 3.3726 0 3.6307 -0.3465
-1.0716 3.0445 0 3.5510 -0.1712
-1.0717 2.7141 0 3.4732 0.0050
-1.0359 2.3855 0 3.3979 0.1822
-0.9790 2.0630 0 3.3259 0.3608
-0.9164 1.7431 0 3.2579 0.5409
-0.8409 1.4257 0 3.1946 0.7228
-0.7556 1.1112 0 3.1367 0.9064
-0.6609 0.8015 0 3.0849 1.0919
-0.5640 0.4933 0 3.0399 1.2791
-0.4655 0.1851 0 3.0023 1.4679
-0.3593 -0.1238 0 2.9728 1.6582
-0.2485 -0.4323 0 2.9518 1.8496
-0.1390 -0.7462 0 2.9400 2.0418
-0.0330 -1.0604 0 2.9381 2.2343
0.0730 -1.3713 0 2.9467 2.4266
0.1864 -1.6777 0 2.9662 2.6182
0.2979 -1.9847 0 2.9974 2.8081
0.4021 -2.2945 0 3.0409 2.9957
0.5164 -2.6026 0 3.0972 3.1797
0.6383 -2.9035 0 3.1670 3.3592
0.7711 -3.1965 0 3.2505 3.5326
0.9226 -3.4782 0 3.3481 3.6985
1.0907 -3.7495 0 3.4599 3.8551
1.2752 -4.0100 0 3.5858 4.0007
1.4792 -4.2549 0 3.7253 4.1333
1.7116 -4.4732 0 3.8775 4.2510
1.9682 -4.6598 0 4.0413 4.3521
2.2447 -4.8092 0 4.2150 4.4347
2.5465 -4.9000 0 4.3969 4.4976
2.8604 -4.9343 0 4.5847 4.5395
3.1715 -4.9104 0 4.7760 4.5597
3.4532 -4.8310 0 4.9684 4.5581
3.7191 -4.7120 0 5.1594 4.5347
3.9531 -4.5414 0 5.3466 4.4901
4.1457 -4.3244 0 5.5278 4.4254
4.3065 -4.0819 0 5.7012 4.3419
4.4240 -3.8191 0 5.8652 4.2413
4.4973 -3.5397 0 6.0187 4.1252
4.5322 -3.2548 0 6.1609 3.9954
4.5299 -2.9695 0 6.2912 3.8538
4.5032 -2.6884 0 6.4095 3.7019
4.4559 -2.4103 0 6.5157 3.5414
4.3941 -2.1342 0 6.6101 3.3736
4.3160 -1.8610 0 6.6929 3.1998
4.2188 -1.5922 0 6.7646 3.0211
4.1055 -1.3295 0 6.8259 2.8386
3.9898 -1.0697 0 6.8775 2.6531
3.8766 -0.8085 0 6.9202 2.4653
3.7581 -0.5478 0 6.9549 2.2759
3.6373 -0.2889 0 6.9825 2.0854
3.5151 -0.0305 0 7.0040 1.8940
3.3979 0.2307 0 7.0205 1.7022
3.2925 0.4997 0 7.0332 1.5100
3.1966 0.7734 0 7.0430 1.3177
3.1133 1.0517 0 7.0510 1.1253
3.0518 1.3368 0 7.0585 0.9329
3.0101 1.6263 0 7.0665 0.7405
2.9775 1.9176 0 7.0761 0.5482
2.9663 2.2119 0 7.0884 0.3560
2.9770 2.5068 0 7.1044 0.1641
3.0197 2.7994 0 7.1252 -0.0273
3.0865 3.0844 0 7.1518 -0.2180
3.1838 3.3601 0 7.1851 -0.4077
3.3127 3.6213 0 7.2258 -0.5959
3.4680 3.8644 0 7.2746 -0.7821
3.6603 4.0789 0 7.3321 -0.9659
3.8839 4.2635 0 7.3987 -1.1465
4.1340 4.4122 0 7.4748 -1.3234
4.4016 4.5259 0 7.5603 -1.4959
4.6842 4.5859 0 7.6555 -1.6632
4.9715 4.5929 0 7.7603 -1.8248
5.2397 4.5466 1 7.8746 -1.9797
5.4649 4.4456 1 7.9982 -2.1273
5.6863 4.3341 1 8.1308 -2.2669
5.8966 4.2060 1 8.2719 -2.3979
6.0943 4.0617 1 8.4209 -2.5198
6.2782 3.8979 1 8.5774 -2.6320
6.4473 3.7165 1 8.7406 -2.7342
6.5986 3.5175 0 8.9097 -2.8261
6.7227 3.3012 0 9.0841 -2.9078
6.8239 3.0737 0 9.2629 -2.9792
6.9016 2.8380 0 9.4454 -3.0404
6.9630 2.5975 0 9.6310 -3.0916
7.0043 2.3514 0 9.8191 -3.1331
7.0365 2.1071 0 10.0089 -3.1652
7.0592 1.8643 0 10.2001 -3.1882
7.0672 1.6186 0 10.3921 -3.2024
7.0733 1.3714 0 10.5846 -3.2083
7.0833 1.1244 0 10.7771 -3.2062
7.0932 0.8762 0 10.9694 -3.1966
7.1026 0.6274 0 11.1613 -3.1799
7.1109 0.3765 0 11.3524 -3.1567
7.1260 0.1240 0 11.5427 -3.1275
7.1472 -0.1254 0 11.7322 -3.0928
7.1855 -0.3725 0 11.9206 -3.0533
7.2386 -0.6183 0 12.1081 -3.0095
7.3034 -0.8610 0 12.2948 -2.9620
7.3835 -1.0998 0 12.4806 -2.9116
7.4798 -1.3346 0 12.6657 -2.8587
7.5914 -1.5641 0 12.8504 -2.8039
7.7254 -1.7823 0 13.0346 -2.7478
7.8747 -1.9933 0 13.2185 -2.6908
8.0415 -2.1913 0 13.4023 -2.6334
8.2215 -2.3780 0 13.5861 -2.5760
8.4215 -2.5438 1 13.7701 -2.5191
8.6341 -2.6967 1 13.9542 -2.4627
8.8618 -2.8291 1 14.1386 -2.4072
9.0956 -2.9507 1 14.3233 -2.3526
9.3401 -3.0469 1 14.5081 -2.2986
9.5935 -3.1225 1 14.6931 -2.2450
9.8507 -3.1836 1 14.8780 -2.1912
10.1120 -3.2221 1 15.0625 -2.1363
10.3772 -3.2435 1 15.2464 -2.0792
10.6444 -3.2495 1 15.4291 -2.0182
10.9004 -3.2245 1 15.6097 -1.9516
11.1346 -3.1471 1 15.7873 -1.8771
11.3771 -3.0911 1 15.9603 -1.7925
11.6227 -3.0477 1 16.1266 -1.6955
11.8677 -3.0019 1 16.2833 -1.5838
12.1130 -2.9564 1 16.4269 -1.4557
12.3594 -2.9061 1 16.5530 -1.3102
12.6071 -2.8512 1 16.6562 -1.1479
12.8552 -2.7927 1 16.7310 -0.9708
13.1049 -2.7244 1 16.7727 -0.7831
13.3564 -2.6515 1 16.7777 -0.5910
13.6075 -2.5736 1 16.7446 -0.4017
13.8587 -2.4996 0 16.6745 -0.2228
14.1072 -2.4264 0 16.5703 -0.0614
14.3541 -2.3484 0 16.4370 0.0770
14.6013 -2.2738 0 16.2805 0.1885
14.8467 -2.1961 0 16.1072 0.2718
15.0881 -2.1151 0 15.9231 0.3271
15.3255 -2.0332 0 15.7329 0.3559
15.5621 -1.9441 0 15.5406 0.3603
15.7977 -1.8511 0 15.3489 0.3431
16.0266 -1.7431 0 15.1843 0.2718
16.2385 -1.6051 0 15.0506 0.1597
16.4316 -1.4416 0 14.8967 0.0760
16.5943 -1.2498 0 14.7493 -0.0175
16.7189 -1.0340 0 14.6063 -0.1181
16.7933 -0.7969 0 14.4648 -0.2227
16.8127 -0.5513 0 14.3214 -0.3281
16.7696 -0.3127 0 14.1726 -0.4317
16.6752 -0.0898 0 14.0160 -0.5314
16.5241 0.0977 0 13.8512 -0.6267
16.3378 0.2498 0 13.6838 -0.7217
16.1209 0.3559 0 13.5155 -0.8169
15.8846 0.4206 0 13.3461 -0.9118
15.6401 0.4408 0 13.1756 -1.0060
15.3927 0.4303 0 13.0037 -1.0991
15.1496 0.3839 0 12.8303 -1.1907
14.9123 0.3105 0 12.6552 -1.2803
14.6797 0.2171 0 12.4779 -1.3678
14.4555 0.1018 0 12.2975 -1.4524
14.2351 -0.0181 0 12.1127 -1.4521
14.0195 -0.1499 0 11.9269 -1.5274
13.8048 -0.2821 0 11.7375 -1.5986
13.5897 -0.4137 0 11.5446 -1.6647
13.3694 -0.5379 0 11.3478 -1.7252
13.1477 -0.6594 0 11.1461 -1.7794
12.9219 -0.7776 0 10.9377 -1.8258
12.6960 -0.8940 0 10.7193 -1.8606
12.4719 -1.0135 0 10.4876 -1.8763
12.2443 -1.1220 0 10.2356 -1.7945
12.0127 -1.2202 0 9.9958 -1.6451
11.7761 -1.3106 0 9.7874 -1.4442
11.5344 -1.3857 0 9.6260 -1.1994
11.2886 -1.4425 0 9.5235 -0.9243
11.0376 -1.4772 0 9.4849 -0.6353
10.7882 -1.4721 0 9.5096 -0.3479
10.5447 -1.4253 0 9.5900 -0.0791
10.3195 -1.3272 1 9.7154 0.1628
10.1351 -1.1707 1 9.8745 0.3734
9.9967 -0.9738 1 10.0571 0.5518
9.9220 -0.7504 1 10.2543 0.6998
9.9092 -0.5168 1 10.4585 0.8205
9.9567 -0.2918 1 10.6638 0.9184
10.0580 -0.0869 1 10.8660 0.9988
10.2010 0.0875 1 11.0627 1.0669
10.3632 0.2404 1 11.2522 1.1273
10.5486 0.3618 1 11.4334 1.1843
10.7472 0.4565 1 11.6055 1.2413
10.9553 0.5280 1 11.7682 1.3014
11.1704 0.5840 1 11.9212 1.3668
11.3888 0.6400 1 12.0644 1.4394
11.6083 0.6947 1 12.1975 1.5203
11.8282 0.7588 1 12.3202 1.6100
12.0457 0.8306 1 12.4320 1.7090
12.2567 0.9205 1 12.5326 1.8174
12.4584 1.0299 1 12.6219 1.9352
12.6474 1.1571 1 12.6995 2.0617
12.8253 1.2992 1 12.7651 2.1964
12.9891 1.4584 1 12.8184 2.3381
13.1280 1.6413 1 12.8595 2.4858
13.2482 1.8383 1 12.8884 2.6388
13.3529 2.0440 1 12.9054 2.7960
13.4289 2.2588 1 12.9108 2.9565
13.4823 2.4796 1 12.9052 3.1197
13.5112 2.7068 1 12.8893 3.2847
13.5151 2.9353 1 12.8637 3.4513
13.4964 3.1638 0 12.8291 3.6191
13.4559 3.3894 0 12.7866 3.7880
13.3950 3.6119 0 12.7370 3.9575
13.3255 3.8323 0 12.6810 4.1277
13.2467 4.0500 0 12.6197 4.2986
13.1601 4.2665 0 12.5538 4.4703
13.0679 4.4820 0 12.4843 4.6426
12.9727 4.6964 0 12.4119 4.8155
12.8770 4.9098 0 12.3372 4.9890
12.7827 5.1229 0 12.2609 5.1630
12.6836 5.3340 0 12.1835 5.3374
12.5839 5.5438 0 12.1053 5.5120
12.4881 5.7565 0 12.0266 5.6864
12.3956 5.9690 0 11.9475 5.8603
12.2957 6.1789 0 11.8680 6.0332
12.1956 6.3898 0 11.7878 6.2046
12.0910 6.5989 0 11.7068 6.3742
11.9827 6.8055 0 11.6244 6.5415
11.8749 7.0175 0 11.5403 6.7057
11.7660 7.2313 1 11.4539 6.8662
11.6485 7.4409 1 11.3646 7.0225
11.5131 7.6389 1 11.2718 7.1740
11.3646 7.8285 1 11.1750 7.3201
11.2036 8.0083 1 11.0736 7.4604
11.0313 8.1794 1 10.9672 7.5942
10.8468 8.3423 1 10.8555 7.7210
10.6504 8.4922 1 10.7383 7.8404
10.4419 8.6253 1 10.6498 7.9719
10.2218 8.7419 1 10.5686 8.1089
9.9886 8.8414 1 10.4762 8.2413
9.7472 8.9200 1 10.3711 8.3671
9.4978 8.9829 1 10.2523 8.4841
9.2433 9.0313 1 10.1195 8.5898
8.9847 9.0540 1 9.9726 8.6816
8.7261 9.0533 1 9.8128 8.7574
8.4680 9.0370 1 9.6419 8.8161
8.2112 9.0101 1 9.4620 8.8593
7.9542 8.9766 1 9.2770 8.8902
7.6969 8.9293 1 9.0917 8.9097
7.4407 8.8655 1 8.9061 8.9188
7.1850 8.7875 1 8.7196 8.9174
6.9310 8.7014 1 8.5339 8.9109
6.6778 8.6116 1 8.3479 8.8961
6.4242 8.5188 1 8.1621 8.8737
6.1679 8.4254 1 7.9765 8.8433
5.9071 8.3342 1 7.7909 8.8047
5.6429 8.2525 1 7.6069 8.7583
5.3716 8.1748 1 7.4256 8.7051
5.0943 8.1084 1 7.2471 8.6461
4.8169 8.0336 1 7.0711 8.5821
4.5388 7.9642 1 6.8971 8.5142
4.2579 7.9021 1 6.7247 8.4435
3.9754 7.8391 1 6.5531 8.3711
3.6959 7.7747 1 6.3818 8.2977
3.4164 7.7135 1 6.2105 8.2241
3.1396 7.6468 1 6.0388 8.1507
2.8619 7.5778 1 5.8666 8.0777
2.5851 7.5007 1 5.6938 8.0054
2.3081 7.4128 1 5.5202 7.9345
2.0345 7.3132 1 5.3454 7.8656
1.7672 7.1932 1 5.1722 7.8962
1.5057 7.0620 1 5.0015 7.9768
1.2485 6.9163 1 4.8311 8.0517
0.9939 6.7607 1 4.6438 8.0070
0.7454 6.5906 1 4.4562 7.9636
0.5069 6.4004 1 4.2684 7.9211
0.2876 6.1853 1 4.0804 7.8792
0.0778 5.9561 1 3.8924 7.8376
-0.1287 5.7216 1 3.7045 7.7957
-0.3204 5.4781 1 3.5167 7.7531
-0.4947 5.2251 1 3.3292 7.7092
-0.6464 4.9574 1 3.1421 7.6636
-0.7699 4.6740 0 2.9556 7.6157
-0.8646 4.3800 0 2.7698 7.5649
-0.9491 4.0833 0 2.5851 7.5107
-1.0168 3.7830 0 2.4015 7.4525
-1.0607 3.4781 0 2.2194 7.3899
-1.0772 3.1720 0 2.0391 7.3223
-1.0706 2.8656 0 1.8609 7.2494
-1.0526 2.5594 0 1.6851 7.1707
-1.0176 2.2554 0 1.5122 7.0860
-0.9682 1.9503 0 1.3425 6.9951
-0.9103 1.6447 0 1.1763 6.8978
-0.8416 1.3403 0 1.0140 6.7942
-0.7598 1.0396 0 0.8559 6.6843
-0.6682 0.7437 0 0.7021 6.5685
-0.5683 0.4510 0 0.5529 6.4468
-0.4662 0.1580 0 0.4084 6.3195
-0.3573 -0.1326 0 0.2688 6.1869
-0.2552 -0.4250 0 0.1344 6.0490
-0.1528 -0.7163 0 0.0056 5.9058
-0.0534 -1.0088 0 -0.1170 5.7574
0.0489 -1.3029 0 -0.2330 5.6038
0.1469 -1.5982 0 -0.3420 5.4450
0.2465 -1.8936 0 -0.4434 5.2813
0.3499 -2.1871 0 -0.5370 5.1130
0.4567 -2.4781 1 -0.6225 4.9405
0.5686 -2.7670 1 -0.6999 4.7642
0.6954 -3.0509 1 -0.7691 4.5846
0.8366 -3.3282 1 -0.8303 4.4020
0.9900 -3.5988 1 -0.8837 4.2170
1.1560 -3.8608 1 -0.9296 4.0300
1.3431 -4.1073 1 -0.9681 3.8413
1.5499 -4.3383 1 -0.9994 3.6513
1.7837 -4.5389 1 -1.0233 3.4603
2.0384 -4.7046 1 -1.0399 3.2684
2.3120 -4.8321 1 -1.0492 3.0761
