x y d ox oy
9.2125 9.0032 1 13.3572 2.8129
9.0177 9.0182 1 13.3587 3.0655
8.8220 9.0253 1 13.3387 3.3174
8.6257 9.0241 1 13.2999 3.5670
8.4292 9.0141 1 13.2451 3.8137
8.2327 8.9951 1 13.1771 4.0571
8.0368 8.9674 1 13.0985 4.2973
7.8417 8.9316 1 13.0116 4.5346
7.6475 8.8884 1 12.9186 4.7696
7.4541 8.8388 1 12.8212 5.0028
7.2616 8.7839 1 12.7209 5.2348
7.0696 8.7250 1 12.6188 5.4660
6.8779 8.6632 1 12.5156 5.6967
6.6860 8.5997 1 12.4115 5.9271
6.4937 8.5353 1 12.3065 6.1569
6.3006 8.4710 1 12.1998 6.3861
6.1065 8.4076 1 12.0906 6.6140
5.9113 8.3454 1 11.9775 6.8400
5.7146 8.2852 1 11.8591 7.0633
5.5163 8.2273 1 11.7335 7.2826
5.3164 8.1719 1 11.5990 7.4965
5.1149 8.1187 1 11.4538 7.7034
4.9118 8.0676 1 11.2968 7.9014
4.7073 8.0181 1 11.1270 8.0884
4.5014 7.9699 1 10.9439 8.2626
4.2943 7.9225 1 10.7478 8.4218
4.0861 7.8755 1 10.5390 8.5642
3.8770 7.8283 1 10.3188 8.6880
3.6670 7.7804 1 10.0886 8.7921
3.4565 7.7312 1 9.8502 8.8755
3.2455 7.6800 1 9.6055 8.9385
3.0344 7.6262 1 9.3570 8.9844
2.8233 7.5689 1 9.1061 9.0147
2.6125 7.5075 1 8.8537 9.0258
2.4025 7.4410 1 8.6012 9.0180
2.1937 7.3687 1 8.3496 8.9943
1.9865 7.2897 1 8.0996 8.9571
1.7815 7.2034 1 7.8516 8.9084
1.5793 7.1090 1 7.6056 8.8505
1.3805 7.0062 1 7.3614 8.7855
1.1857 6.8947 1 7.1186 8.7153
0.9955 6.7743 1 6.8768 8.6418
0.8102 6.6452 1 6.6355 8.5666
0.6306 6.5074 1 6.3943 8.4910
0.4569 6.3612 1 6.1529 8.4162
0.2898 6.2067 1 5.9110 8.3431
0.1297 6.0441 1 5.6683 8.2723
-0.0227 5.8735 1 5.4249 8.2043
-0.1669 5.6952 1 5.1807 8.1393
-0.3020 5.5093 1 4.9357 8.0773
-0.4273 5.3160 1 4.6900 8.0179
-0.5423 5.1158 1 4.4438 7.9607
-0.6461 4.9091 1 4.1973 7.9052
-0.7386 4.6964 1 3.9505 7.8504
-0.8193 4.4784 1 3.7038 7.7955
-0.8882 4.2559 1 3.4574 7.7394
-0.9455 4.0295 1 3.2115 7.6808
-0.9914 3.7999 1 2.9666 7.6186
-1.0261 3.5677 1 2.7229 7.5515
-1.0498 3.3337 1 2.4810 7.4783
-1.0629 3.0982 1 2.2415 7.3977
-1.0654 2.8617 1 2.0049 7.3088
-1.0575 2.6248 1 1.7721 7.2105
-1.0396 2.3879 1 1.5438 7.1021
-1.0120 2.1512 0 1.3209 6.9829
-0.9746 1.9153 0 1.1043 6.8529
-0.9279 1.6803 0 0.8945 6.7120
-0.8728 1.4463 0 0.6921 6.5606
-0.8104 1.2133 0 0.4976 6.3993
-0.7420 0.9811 0 0.3114 6.2285
-0.6688 0.7495 0 0.1339 6.0485
-0.5921 0.5181 0 -0.0338 5.8595
-0.5126 0.2867 0 -0.1907 5.6614
-0.4313 0.0551 0 -0.3358 5.4545
-0.3486 -0.1768 0 -0.4679 5.2391
-0.2652 -0.4093 0 -0.5864 5.0159
-0.1814 -0.6425 0 -0.6909 4.7858
-0.0975 -0.8764 0 -0.7814 4.5499
-0.0138 -1.1110 0 -0.8582 4.3091
0.0698 -1.3463 0 -0.9217 4.0646
0.1535 -1.5823 0 -0.9726 3.8170
0.2376 -1.8187 0 -1.0108 3.5672
0.3228 -2.0552 0 -1.0365 3.3158
0.4098 -2.2917 0 -1.0496 3.0634
0.4997 -2.5274 0 -1.0502 2.8107
0.5939 -2.7620 0 -1.0386 2.5583
0.6938 -2.9946 0 -1.0154 2.3066
0.8010 -3.2242 0 -0.9814 2.0562
0.9173 -3.4497 0 -0.9375 1.8073
1.0444 -3.6695 0 -0.8847 1.5601
1.1841 -3.8818 0 -0.8242 1.3148
1.3378 -4.0842 0 -0.7570 1.0711
1.5069 -4.2740 0 -0.6844 0.8290
1.6924 -4.4478 0 -0.6075 0.5883
1.8945 -4.6018 0 -0.5272 0.3486
2.1129 -4.7316 0 -0.4446 0.1098
2.3458 -4.8324 0 -0.3604 -0.1285
2.5902 -4.8997 0 -0.2755 -0.3666
2.8418 -4.9295 0 -0.1905 -0.6046
3.0946 -4.9191 0 -0.1057 -0.8427
3.3410 -4.8646 0 -0.0215 -1.0810
3.5758 -4.7715 0 0.0620 -1.3195
3.7923 -4.6417 0 0.1452 -1.5582
3.9852 -4.4792 0 0.2282 -1.7969
4.1505 -4.2886 0 0.3118 -2.0354
4.2857 -4.0757 0 0.3969 -2.2734
4.3899 -3.8458 0 0.4847 -2.5104
4.4637 -3.6043 0 0.5764 -2.7459
4.5083 -3.3556 0 0.6738 -2.9792
4.5261 -3.1033 0 0.7785 -3.2092
4.5197 -2.8502 0 0.8925 -3.4347
4.4918 -2.5983 0 1.0175 -3.6544
4.4451 -2.3488 0 1.1552 -3.8662
4.3823 -2.1025 0 1.3071 -4.0682
4.3060 -1.8597 0 1.4742 -4.2577
4.2183 -1.6204 0 1.6576 -4.4315
4.1217 -1.3840 0 1.8574 -4.5861
4.0186 -1.1497 0 2.0734 -4.7171
3.9115 -0.9166 0 2.3042 -4.8198
3.8023 -0.6838 0 2.5468 -4.8896
3.6930 -0.4504 0 2.7972 -4.9223
3.5853 -0.2157 0 3.0496 -4.9147
3.4805 0.0209 0 3.2971 -4.8654
3.3805 0.2601 0 3.5330 -4.7754
3.2867 0.5023 0 3.7504 -4.6472
3.2009 0.7479 0 3.9439 -4.4851
3.1247 0.9970 0 4.1095 -4.2945
3.0599 1.2497 0 4.2448 -4.0814
3.0082 1.5058 0 4.3491 -3.8514
2.9713 1.7646 0 4.4233 -3.6100
2.9507 2.0254 0 4.4688 -3.3615
2.9482 2.2873 0 4.4878 -3.1096
2.9653 2.5487 0 4.4830 -2.8570
3.0037 2.8080 0 4.4570 -2.6057
3.0649 3.0629 0 4.4127 -2.3570
3.1504 3.3108 0 4.3526 -2.1115
3.2612 3.5484 0 4.2795 -1.8696
3.3980 3.7719 0 4.1957 -1.6312
3.5610 3.9770 0 4.1033 -1.3959
3.7491 4.1591 0 4.0046 -1.1633
3.9604 4.3135 0 3.9015 -0.9325
4.1915 4.4357 0 3.7959 -0.7029
4.4381 4.5222 0 3.6894 -0.4737
4.6947 4.5701 0 3.5839 -0.2440
4.9556 4.5782 0 3.4811 -0.0132
5.2118 4.5386 0 3.3825 0.2195
5.4601 4.4612 0 3.2898 0.4547
5.6979 4.3559 0 3.2047 0.6926
5.9205 4.2215 0 3.1287 0.9337
6.1246 4.0603 0 3.0634 1.1778
6.3076 3.8755 0 3.0102 1.4248
6.4684 3.6707 0 2.9706 1.6744
6.6064 3.4497 0 2.9460 1.9259
6.7222 3.2161 0 2.9376 2.1784
6.8172 2.9729 0 2.9470 2.4309
6.8927 2.7228 0 2.9753 2.6820
6.9509 2.4676 0 3.0241 2.9299
6.9935 2.2090 0 3.0947 3.1724
7.0232 1.9482 0 3.1883 3.4071
7.0432 1.6858 0 3.3059 3.6306
7.0567 1.4226 0 3.4478 3.8395
7.0669 1.1586 0 3.6140 4.0297
7.0765 0.8940 0 3.8033 4.1967
7.0883 0.6290 0 4.0135 4.3366
7.1046 0.3638 0 4.2414 4.4453
7.1278 0.0986 0 4.4826 4.5195
7.1606 -0.1660 0 4.7323 4.5571
7.2051 -0.4293 0 4.9847 4.5569
7.2635 -0.6902 0 5.2344 4.5194
7.3378 -0.9473 0 5.4759 4.4461
7.4292 -1.1992 0 5.7050 4.3399
7.5390 -1.4439 0 5.9179 4.2041
7.6676 -1.6795 0 6.1121 4.0426
7.8153 -1.9040 0 6.2862 3.8597
7.9816 -2.1153 0 6.4396 3.6590
8.1660 -2.3114 0 6.5723 3.4440
8.3671 -2.4907 0 6.6849 3.2178
8.5835 -2.6516 0 6.7783 2.9831
8.8133 -2.7931 0 6.8540 2.7420
9.0548 -2.9145 0 6.9137 2.4965
9.3057 -3.0155 0 6.9594 2.2479
9.5642 -3.0963 0 6.9931 1.9975
9.8284 -3.1574 0 7.0172 1.7459
10.0966 -3.1996 0 7.0341 1.4937
10.3675 -3.2236 0 7.0463 1.2413
10.6398 -3.2297 0 7.0563 0.9887
10.9124 -3.2194 0 7.0667 0.7362
11.1845 -3.1961 0 7.0798 0.4838
11.4554 -3.1575 0 7.0983 0.2317
11.7249 -3.1069 0 7.1243 -0.0196
11.9931 -3.0467 0 7.1602 -0.2698
12.2602 -2.9789 0 7.2079 -0.5180
12.5263 -2.9055 0 7.2692 -0.7631
12.7917 -2.8279 0 7.3453 -1.0041
13.0568 -2.7473 0 7.4373 -1.2394
13.3218 -2.6652 0 7.5456 -1.4677
13.5871 -2.5825 0 7.6704 -1.6874
13.8529 -2.5001 0 7.8117 -1.8969
14.1192 -2.4186 0 7.9693 -2.0944
14.3862 -2.3382 0 8.1425 -2.2784
14.6535 -2.2585 0 8.3302 -2.4475
14.9208 -2.1782 0 8.5313 -2.6005
15.1874 -2.0953 0 8.7443 -2.7363
15.4520 -2.0063 0 8.9676 -2.8546
15.7125 -1.9062 0 9.1994 -2.9552
15.9654 -1.7886 0 9.4381 -3.0382
16.2045 -1.6459 0 9.6820 -3.1039
16.4205 -1.4715 0 9.9299 -3.1530
16.6008 -1.2616 0 10.1804 -3.1862
16.7304 -1.0187 0 10.4325 -3.2043
16.7958 -0.7527 0 10.6852 -3.2082
16.7883 -0.4802 0 10.9377 -3.1987
16.7072 -0.2212 0 11.1895 -3.1769
16.5598 0.0057 0 11.4401 -3.1440
16.3594 0.1868 0 11.6891 -3.1012
16.1219 0.3147 0 11.9366 -3.0497
15.8625 0.3886 0 12.1824 -2.9910
15.5937 0.4120 0 12.4268 -2.9265
15.3245 0.3912 0 12.6699 -2.8575
15.0605 0.3339 0 12.9121 -2.7852
14.8041 0.2473 0 13.1537 -2.7110
14.5557 0.1391 0 13.3949 -2.6357
14.3139 0.0161 0 13.6362 -2.5605
14.0764 -0.1160 0 13.8778 -2.4860
13.8413 -0.2531 0 14.1197 -2.4129
13.6068 -0.3918 0 14.3620 -2.3412
13.3717 -0.5303 1 14.6047 -2.2706
13.1353 -0.6669 1 14.8474 -2.2001
12.8970 -0.8007 1 15.0897 -2.1281
12.6565 -0.9307 1 15.3306 -2.0517
12.4132 -1.0560 1 15.5688 -1.9673
12.1668 -1.1749 1 15.8022 -1.8704
11.9165 -1.2852 1 16.0273 -1.7556
11.6610 -1.3827 1 16.2390 -1.6178
11.3992 -1.4608 1 16.4300 -1.4526
11.1310 -1.5097 1 16.5903 -1.2577
10.8593 -1.5176 1 16.7082 -1.0347
10.5925 -1.4726 1 16.7711 -0.7954
10.3453 -1.3666 1 16.7745 -0.5562
10.1369 -1.1991 1 16.7203 -0.3271
9.9864 -0.9799 1 16.6119 -0.1178
9.9073 -0.7274 1 16.4537 0.0623
9.9039 -0.4637 1 16.2517 0.2049
9.9716 -0.2093 1 16.0190 0.3020
10.0997 0.0206 1 15.7718 0.3521
10.2750 0.2169 1 15.5195 0.3595
10.4840 0.3773 1 15.2687 0.3300
10.7148 0.5053 1 15.0232 0.2708
10.9584 0.6081 1 14.7841 0.1891
11.2088 0.6942 1 14.5514 0.0906
11.4620 0.7731 1 14.3239 -0.0195
11.7150 0.8532 1 14.1002 -0.1371
11.9650 0.9428 1 13.8789 -0.2592
12.2085 1.0487 1 13.6588 -0.3835
12.4412 1.1765 0 13.4390 -0.5081
12.6579 1.3295 0 13.2187 -0.6320
12.8532 1.5088 0 12.9974 -0.7541
13.0220 1.7131 0 12.7747 -0.8737
13.1608 1.9387 0 12.5503 -0.9899
13.2674 2.1813 0 12.3237 -1.1018
13.3415 2.4358 0 12.0942 -1.2077
13.3843 2.6976 0 11.8610 -1.3051
13.3980 2.9626 0 11.6230 -1.3900
13.3855 3.2281 0 11.3794 -1.4568
13.3501 3.4917 0 11.1302 -1.4978
13.2953 3.7523 0 10.8778 -1.5033
13.2243 4.0094 0 10.6288 -1.4635
13.1402 4.2629 0 10.3984 -1.3721
13.0459 4.5133 0 10.2078 -1.2352
12.9440 4.7612 0 10.0638 -1.0604
12.8369 5.0076 0 9.9717 -0.8572
12.7266 5.2531 0 9.9351 -0.6363
12.6142 5.4984 0 9.9565 -0.4087
12.5005 5.7437 0 10.0355 -0.1847
12.3857 5.9891 0 10.1698 0.0257
12.2693 6.2344 0 10.3457 0.2065
12.1506 6.4792 0 10.5500 0.3548
12.0284 6.7227 0 10.7727 0.4741
11.9009 6.9640 0 11.0061 0.5708
11.7664 7.2019 0 11.2451 0.6530
11.6229 7.4349 0 11.4861 0.7290
11.4682 7.6610 0 11.7265 0.8070
11.3008 7.8781 0 11.9635 0.8948
11.1192 8.0839 0 12.1937 0.9989
10.9230 8.2760 0 12.4133 1.1237
10.7111 8.4509 0 12.6178 1.2720
10.4841 8.6058 0 12.8025 1.4442
10.2431 8.7385 0 12.9635 1.6387
9.9903 8.8475 0 13.0979 1.8525
9.7281 8.9323 0 13.2043 2.0815
9.4591 8.9932 0 13.2824 2.3217
9.1856 9.0313 0 13.3330 2.5692
8.9096 9.0477 1 13.3576 2.8206
8.6328 9.0437 1 13.3583 3.0732
8.3565 9.0207 1 13.3377 3.3250
8.0818 8.9807 1 13.2984 3.5746
7.8091 8.9261 1 13.2432 3.8212
7.5387 8.8593 1 13.1749 4.0645
7.2702 8.7834 1 13.0959 4.3046
7.0030 8.7010 1 13.0088 4.5418
6.7365 8.6147 1 12.9156 4.7768
6.4698 8.5268 1 12.8181 5.0100
6.2024 8.4396 1 12.7178 5.2419
5.9335 8.3547 1 12.6157 5.4731
5.6627 8.2734 1 12.5124 5.7038
5.3899 8.1960 1 12.4083 5.9341
5.1152 8.1226 1 12.3032 6.1640
4.8388 8.0527 1 12.1965 6.3931
4.5608 7.9857 1 12.0872 6.6209
4.2814 7.9207 1 11.9740 6.8469
4.0011 7.8566 1 11.8554 7.0701
3.7201 7.7923 1 11.7295 7.2892
3.4388 7.7263 1 11.5947 7.5030
3.1575 7.6570 1 11.4492 7.7096
2.8769 7.5828 1 11.2918 7.9073
2.5975 7.5018 1 11.1216 8.0940
2.3202 7.4120 1 10.9381 8.2677
2.0460 7.3116 1 10.7416 8.4264
1.7761 7.1990 1 10.5325 8.5682
1.5115 7.0731 1 10.3119 8.6915
1.2537 6.9330 1 10.0814 8.7949
1.0036 6.7784 1 9.8428 8.8777
0.7626 6.6094 1 9.5979 8.9401
0.5316 6.4262 1 9.3493 8.9856
0.3117 6.2293 1 9.0984 9.0153
0.1040 6.0190 1 8.8460 9.0259
-0.0902 5.7956 1 8.5934 9.0175
-0.2693 5.5596 1 8.3419 8.9934
-0.4321 5.3115 1 8.0920 8.9557
-0.5771 5.0523 1 7.8441 8.9067
-0.7034 4.7831 1 7.5981 8.8486
-0.8106 4.5053 1 7.3540 8.7834
-0.8986 4.2205 1 7.1112 8.7131
-0.9677 3.9300 1 6.8694 8.6395
-1.0184 3.6354 1 6.6281 8.5642
-1.0511 3.3377 1 6.3869 8.4887
-1.0663 3.0382 1 6.1455 8.4140
-1.0644 2.7379 1 5.9035 8.3409
-1.0458 2.4377 1 5.6609 8.2702
-1.0104 2.1385 1 5.4175 8.2023
-0.9595 1.8409 1 5.1732 8.1374
-0.8950 1.5453 1 4.9282 8.0754
-0.8191 1.2516 1 4.6825 8.0161
-0.7342 0.9598 1 4.4363 7.9590
-0.6423 0.6693 1 4.1897 7.9035
-0.5453 0.3798 1 3.9430 7.8488
-0.4449 0.0907 0 3.6963 7.7938
-0.3422 -0.1983 0 3.4499 7.7376
-0.2385 -0.4874 0 3.2040 7.6789
-0.1344 -0.7771 0 2.9591 7.6166
-0.0306 -1.0674 0 2.7155 7.5493
0.0728 -1.3582 0 2.4736 7.4759
0.1761 -1.6496 0 2.2342 7.3951
0.2800 -1.9412 0 1.9977 7.3059
0.3858 -2.2324 0 1.7650 7.2073
0.4952 -2.5226 0 1.5369 7.0986
0.6105 -2.8107 0 1.3142 6.9791
0.7345 -3.0954 0 1.0977 6.8487
0.8702 -3.3748 0 0.8882 6.7075
1.0209 -3.6464 0 0.6860 6.5558
1.1899 -3.9069 0 0.4918 6.3942
1.3802 -4.1522 0 0.3058 6.2231
1.5941 -4.3768 0 0.1286 6.0429
1.8331 -4.5739 0 -0.0388 5.8536
2.0966 -4.7359 0 -0.1954 5.6552
2.3816 -4.8544 0 -0.3400 5.4480
2.6822 -4.9215 0 -0.4717 5.2324
2.9893 -4.9314 0 -0.5898 5.0090
3.2781 -4.8791 0 -0.6939 4.7787
3.5383 -4.8244 0 -0.7840 4.5426
3.7912 -4.7524 0 -0.8603 4.3017
4.0032 -4.6014 0 -0.9235 4.0570
4.1727 -4.4031 0 -0.9739 3.8094
4.3028 -4.1762 0 -1.0118 3.5595
4.3983 -3.9322 0 -1.0371 3.3081
4.4640 -3.6782 0 -1.0498 3.0557
4.5033 -3.4185 0 -1.0500 2.8030
4.5188 -3.1562 0 -1.0380 2.5505
4.5125 -2.8932 0 -1.0145 2.2989
4.4859 -2.6313 0 -0.9802 2.0485
4.4407 -2.3716 0 -0.9360 1.7997
4.3789 -2.1151 0 -0.8829 1.5526
4.3023 -1.8622 0 -0.8222 1.3073
4.2130 -1.6132 0 -0.7549 1.0637
4.1137 -1.3674 0 -0.6821 0.8216
4.0072 -1.1240 0 -0.6050 0.5809
3.8962 -0.8821 0 -0.5247 0.3413
3.7830 -0.6406 0 -0.4420 0.1025
3.6699 -0.3984 0 -0.3578 -0.1358
3.5586 -0.1548 0 -0.2729 -0.3739
3.4511 0.0910 0 -0.1879 -0.6119
3.3491 0.3396 0 -0.1032 -0.8500
3.2544 0.5916 0 -0.0190 -1.0883
3.1690 0.8473 0 0.0646 -1.3269
3.0947 1.1068 0 0.1477 -1.5655
3.0334 1.3699 0 0.2308 -1.8042
2.9870 1.6363 0 0.3144 -2.0427
2.9573 1.9053 0 0.3996 -2.2807
2.9461 2.1759 0 0.4874 -2.5177
2.9552 2.4467 0 0.5793 -2.7531
2.9864 2.7160 0 0.6769 -2.9863
3.0414 2.9814 0 0.7819 -3.2162
3.1218 3.2403 0 0.8961 -3.4416
3.2290 3.4891 0 1.0215 -3.6610
3.3640 3.7240 0 1.1596 -3.8726
3.5269 3.9402 0 1.3120 -4.0742
3.7170 4.1328 0 1.4796 -4.2633
3.9321 4.2964 0 1.6634 -4.4366
4.1689 4.4263 0 1.8638 -4.5905
4.4226 4.5183 0 2.0803 -4.7207
4.6873 4.5694 0 2.3114 -4.8224
4.9566 4.5780 0 2.5544 -4.8912
5.2212 4.5370 0 2.8049 -4.9227
5.4773 4.4569 0 3.0572 -4.9138
5.7213 4.3456 0 3.3046 -4.8633
5.9486 4.2033 0 3.5399 -4.7720
6.1557 4.0328 0 3.7567 -4.6427
6.3401 3.8379 0 3.9494 -4.4796
6.5007 3.6228 0 4.1141 -4.2883
6.6373 3.3915 0 4.2485 -4.0745
6.7507 3.1477 0 4.3519 -3.8442
6.8424 2.8947 0 4.4251 -3.6025
6.9142 2.6350 0 4.4697 -3.3539
6.9681 2.3707 0 4.4880 -3.1019
7.0064 2.1032 0 4.4825 -2.8493
7.0325 1.8338 0 4.4559 -2.5981
7.0498 1.5631 0 4.4110 -2.3494
7.0618 1.2916 0 4.3506 -2.1040
7.0718 1.0195 0 4.2771 -1.8622
7.0826 0.7469 0 4.1930 -1.6239
7.0970 0.4740 0 4.1004 -1.3888
7.1178 0.2011 0 4.0015 -1.1562
7.1475 -0.0715 0 3.8983 -0.9255
7.1888 -0.3429 0 3.7926 -0.6959
7.2442 -0.6121 0 3.6862 -0.4667
7.3156 -0.8778 0 3.5807 -0.2370
7.4049 -1.1383 0 3.4780 -0.0061
7.5133 -1.3917 0 3.3795 0.2267
7.6416 -1.6360 0 3.2871 0.4619
7.7900 -1.8688 0 3.2022 0.7000
7.9582 -2.0880 0 3.1265 0.9411
8.1454 -2.2915 0 3.0615 1.1853
8.3505 -2.4773 0 3.0088 1.4324
8.5718 -2.6438 0 2.9697 1.6821
8.8074 -2.7899 0 2.9455 1.9336
9.0552 -2.9147 0 2.9377 2.1862
9.3130 -3.0181 0 2.9476 2.4387
9.5786 -3.1002 0 2.9765 2.6897
9.8502 -3.1616 0 3.0259 2.9374
10.1258 -3.2031 0 3.0972 3.1798
10.4040 -3.2253 0 3.1916 3.4141
10.6835 -3.2288 0 3.3098 3.6373
10.9602 -3.2060 0 3.4525 3.8457
11.2347 -3.1674 0 3.6194 4.0351
11.5092 -3.1245 0 3.8094 4.2014
11.7829 -3.0740 0 4.0202 4.3404
12.0557 -3.0157 0 4.2486 4.4481
12.3275 -2.9502 0 4.4902 4.5212
12.5982 -2.8785 0 4.7400 4.5576
12.8681 -2.8018 0 4.9924 4.5563
13.1374 -2.7216 0 5.2419 4.5177
13.4065 -2.6392 0 5.4832 4.4434
13.6757 -2.5559 0 5.7118 4.3361
13.9453 -2.4729 0 5.9241 4.1995
14.2155 -2.3906 0 6.1177 4.0373
14.4861 -2.3094 0 6.2912 3.8537
14.7570 -2.2285 0 6.4440 3.6526
15.0277 -2.1465 0 6.5761 3.4372
15.2973 -2.0606 0 6.6880 3.2108
15.5641 -1.9666 0 6.7809 2.9758
15.8254 -1.8587 0 6.8561 2.7345
16.0764 -1.7293 0 6.9153 2.4889
16.3093 -1.5707 0 6.9606 2.2403
16.5127 -1.3771 0 6.9940 1.9898
16.6720 -1.1473 0 7.0178 1.7382
16.7721 -0.8878 0 7.0345 1.4860
16.8010 -0.6126 0 7.0466 1.2335
16.7538 -0.3413 0 7.0566 0.9810
16.6342 -0.0944 0 7.0670 0.7285
16.4536 0.1112 0 7.0803 0.4761
16.2277 0.2648 0 7.0989 0.2240
15.9729 0.3629 0 7.1252 -0.0273
15.7035 0.4071 0 7.1615 -0.2774
15.4303 0.4033 0 7.2096 -0.5255
15.1606 0.3589 0 7.2713 -0.7706
14.8980 0.2816 0 7.3479 -1.0114
14.6438 0.1793 0 7.4403 -1.2465
14.3968 0.0595 0 7.5491 -1.4746
14.1552 -0.0715 0 7.6745 -1.6940
13.9167 -0.2088 0 7.8163 -1.9031
13.6793 -0.3489 0 7.9744 -2.1002
13.4418 -0.4892 0 8.1480 -2.2838
13.2031 -0.6282 0 8.3362 -2.4524
12.9626 -0.7645 0 8.5376 -2.6049
12.7200 -0.8973 0 8.7510 -2.7402
12.4748 -1.0255 0 8.9746 -2.8580
12.2266 -1.1479 0 9.2066 -2.9580
11.9745 -1.2621 0 9.4455 -3.0404
11.7175 -1.3644 0 9.6896 -3.1056
11.4543 -1.4484 0 9.9376 -3.1543
11.1842 -1.5048 0 10.1881 -3.1870
10.9096 -1.5214 0 10.4402 -3.2047
10.6381 -1.4859 0 10.6929 -3.2081
10.3837 -1.3888 1 10.9454 -3.1982
10.1657 -1.2284 1 11.1972 -3.1761
10.0043 -1.0133 1 11.4477 -3.1428
9.9143 -0.7613 1 11.6967 -3.0997
9.9016 -0.4949 1 11.9441 -3.0480
9.9625 -0.2358 1 12.1899 -2.9891
10.0862 -0.0005 1 12.4342 -2.9244
10.2596 0.2012 1 12.6773 -2.8553
10.4686 0.3661 1 12.9195 -2.7830
10.7006 0.4976 1 13.1611 -2.7087
10.9462 0.6028 1 13.4023 -2.6334
11.1989 0.6906 1 13.6436 -2.5582
11.4546 0.7704 1 13.8852 -2.4838
11.7103 0.8514 1 14.1271 -2.4107
11.9629 0.9417 1 14.3695 -2.3390
12.2089 1.0486 1 14.6122 -2.2684
12.4438 1.1778 0 14.8549 -2.1979
12.6624 1.3328 0 15.0971 -2.1258
12.8589 1.5147 0 15.3380 -2.0493
13.0284 1.7219 0 15.5761 -1.9646
13.1670 1.9508 0 15.8092 -1.8671
13.2728 2.1966 0 16.0340 -1.7518
13.3454 2.4543 0 16.2452 -1.6132
13.3863 2.7190 0 16.4354 -1.4471
13.3977 2.9868 0 16.5946 -1.2513
13.3828 3.2547 1 16.7110 -1.0275
13.3452 3.5207 1 16.7720 -0.7880
13.2881 3.7835 1 16.7737 -0.5490
13.2150 4.0427 1 16.7178 -0.3203
13.1288 4.2983 1 16.6078 -0.1118
13.0324 4.5507 1 16.4482 0.0672
12.9286 4.8007 1 16.2449 0.2086
12.8198 5.0491 1 16.0116 0.3043
12.7078 5.2968 1 15.7641 0.3530
12.5939 5.5443 0 15.5118 0.3591
12.4787 5.7918 0 15.2611 0.3286
12.3623 6.0394 0 15.0157 0.2686
12.2443 6.2868 0 14.7769 0.1863
12.1237 6.5335 0 14.5443 0.0874
11.9992 6.7787 0 14.3170 -0.0230
11.8691 7.0215 0 14.0934 -0.1408
11.7314 7.2605 0 13.8722 -0.2630
11.5839 7.4940 0 13.6521 -0.3873
11.4247 7.7199 0 13.4323 -0.5120
11.2521 7.9361 0 13.2119 -0.6358
11.0650 8.1402 0 12.9906 -0.7578
10.8625 8.3292 0 12.7679 -0.8773
10.6441 8.4999 0 12.5434 -0.9934
10.4106 8.6495 0 12.3167 -1.1052
10.1636 8.7759 0 12.0872 -1.2109
9.9053 8.8779 0 11.8538 -1.3079
9.6383 8.9553 0 11.6157 -1.3924
9.3652 9.0088 0 11.3718 -1.4585
9.0883 9.0395 0 11.1225 -1.4985
8.8096 9.0485 0 10.8701 -1.5028
8.5305 9.0371 0 10.6213 -1.4615
8.2525 9.0069 0 10.3919 -1.3686
7.9763 8.9604 0 10.2027 -1.2304
7.7023 8.9000 0 10.0602 -1.0545
7.4305 8.8286 0 9.9697 -0.8506
7.1604 8.7491 0 9.9349 -0.6294
6.8914 8.6642 0 9.9581 -0.4017
6.6227 8.5765 0 10.0388 -0.1780
6.3536 8.4881 0 10.1746 0.0317
6.0834 8.4013 0 10.3517 0.2116
5.8115 8.3174 1 10.5567 0.3589
5.5376 8.2373 1 10.7797 0.4774
5.2618 8.1613 1 11.0134 0.5735
4.9841 8.0891 1 11.2525 0.6554
4.7047 8.0202 1 11.4936 0.7313
4.4239 7.9537 1 11.7339 0.8096
4.1420 7.8888 1 11.9707 0.8978
3.8592 7.8242 1 12.2007 1.0024
3.5759 7.7587 1 12.4199 1.1280
3.2924 7.6907 1 12.6238 1.2769
3.0094 7.6185 1 12.8079 1.4498
2.7273 7.5403 1 12.9681 1.6451
2.4470 7.4542 1 13.1016 1.8594
2.1693 7.3581 1 13.2071 2.0888
1.8953 7.2504 1 13.2844 2.3293
1.6264 7.1295 1 13.3341 2.5769
1.3636 6.9947 1 13.3580 2.8284
1.1083 6.8452 1 13.3580 3.0810
0.8617 6.6812 1 13.3368 3.3328
0.6248 6.5026 1 13.2969 3.5823
0.3986 6.3100 1 13.2413 3.8288
0.1844 6.1036 1 13.1726 4.0720
-0.0165 5.8838 1 13.0934 4.3120
-0.2029 5.6510 1 13.0060 4.5491
-0.3732 5.4058 1 12.9127 4.7840
-0.5259 5.1489 1 12.8151 5.0171
-0.6600 4.8814 1 12.7147 5.2491
-0.7749 4.6047 1 12.6125 5.4802
-0.8702 4.3203 1 12.5092 5.7109
-0.9462 4.0297 1 12.4051 5.9412
-1.0035 3.7344 1 12.3000 6.1711
-1.0423 3.4357 1 12.1932 6.4001
-1.0633 3.1348 1 12.0837 6.6279
-1.0668 2.8327 1 11.9704 6.8538
-1.0533 2.5305 1 11.8516 7.0769
-1.0227 2.2290 1 11.7255 7.2959
-0.9759 1.9290 1 11.5904 7.5095
-0.9148 1.6309 1 11.4445 7.7158
-0.8415 1.3349 1 11.2867 7.9132
-0.7584 1.0408 1 11.1161 8.0996
-0.6676 0.7482 1 10.9323 8.2729
-0.5713 0.4566 1 10.7353 8.4311
-0.4711 0.1657 1 10.5258 8.5723
-0.3683 -0.1250 1 10.3050 8.6950
-0.2642 -0.4159 1 10.0742 8.7978
-0.1596 -0.7071 1 9.8353 8.8800
-0.0551 -0.9989 1 9.5903 8.9417
0.0490 -1.2914 1 9.3416 8.9867
0.1529 -1.5844 1 9.0906 9.0159
0.2573 -1.8776 1 8.8382 9.0259
0.3633 -2.1706 1 8.5857 9.0170
0.4725 -2.4626 1 8.3342 8.9924
0.5873 -2.7529 1 8.0843 8.9544
0.7101 -3.0399 1 7.8365 8.9051
0.8443 -3.3220 1 7.5906 8.8467
0.9929 -3.5967 1 7.3464 8.7813
1.1593 -3.8610 0 7.1037 8.7109
1.3466 -4.1108 0 6.8620 8.6372
1.5574 -4.3407 0 6.6207 8.5619
1.7933 -4.5442 0 6.3795 8.4864
2.0544 -4.7133 0 6.1380 8.4117
2.3380 -4.8397 0 5.8961 8.3387
2.6384 -4.9153 0 5.6534 8.2681
2.9468 -4.9335 0 5.4099 8.2003
3.2387 -4.8887 0 5.1656 8.1354
3.5006 -4.8331 0 4.9206 8.0735
3.7451 -4.7323 0 4.6749 8.0143
3.9565 -4.5743 0 4.4287 7.9573
4.1329 -4.3775 0 4.1821 7.9018
4.2739 -4.1538 0 3.9353 7.8471
4.3810 -3.9117 0 3.6887 7.7921
4.4563 -3.6578 0 3.4423 7.7358
4.5022 -3.3967 0 3.1964 7.6771
4.5210 -3.1321 0 2.9515 7.6146
4.5150 -2.8667 0 2.7080 7.5472
4.4868 -2.6025 0 2.4662 7.4735
4.4387 -2.3408 0 2.2268 7.3925
4.3734 -2.0826 0 1.9905 7.3030
4.2931 -1.8283 0 1.7579 7.2041
4.2004 -1.5778 0 1.5299 7.0950
4.0983 -1.3305 0 1.3074 6.9753
3.9895 -1.0854 0 1.0911 6.8445
3.8768 -0.8415 0 0.8818 6.7030
3.7624 -0.5978 0 0.6799 6.5510
3.6485 -0.3532 0 0.4859 6.3890
3.5369 -0.1070 0 0.3002 6.2177
3.4295 0.1415 0 0.1233 6.0372
3.3280 0.3930 0 -0.0438 5.8476
3.2345 0.6480 0 -0.2000 5.6490
3.1507 0.9068 0 -0.3443 5.4415
3.0787 1.1694 0 -0.4756 5.2256
3.0204 1.4356 0 -0.5932 5.0020
2.9776 1.7051 0 -0.6969 4.7715
2.9523 1.9769 0 -0.7865 4.5352
2.9463 2.2499 0 -0.8625 4.2942
2.9615 2.5228 0 -0.9252 4.0494
2.9995 2.7934 0 -0.9753 3.8017
3.0623 3.0594 0 -1.0128 3.5518
3.1514 3.3178 0 -1.0377 3.3003
3.2681 3.5648 0 -1.0500 3.0479
3.4132 3.7961 0 -1.0498 2.7952
3.5865 4.0069 0 -1.0375 2.5428
3.7869 4.1918 0 -1.0136 2.2912
4.0118 4.3456 0 -0.9790 2.0408
4.2570 4.4636 0 -0.9345 1.7921
4.5175 4.5417 0 -0.8812 1.5450
4.7868 4.5775 0 -0.8202 1.2997
5.0582 4.5701 0 -0.7527 1.0562
5.3166 4.4966 0 -0.6798 0.8142
5.5655 4.3874 0 -0.6026 0.5735
5.8057 4.2601 0 -0.5222 0.3339
6.0302 4.1071 0 -0.4394 0.0951
6.2345 3.9281 0 -0.3552 -0.1432
6.4152 3.7253 0 -0.2703 -0.3812
6.5704 3.5023 0 -0.1853 -0.6192
6.7000 3.2632 0 -0.1006 -0.8574
6.8050 3.0121 0 -0.0164 -1.0957
6.8874 2.7524 0 0.0672 -1.3342
6.9496 2.4868 0 0.1503 -1.5729
6.9941 2.2173 0 0.2333 -1.8116
7.0245 1.9454 0 0.3170 -2.0501
7.0446 1.6720 0 0.4022 -2.2880
7.0579 1.3976 0 0.4902 -2.5250
7.0681 1.1226 0 0.5822 -2.7604
7.0782 0.8471 0 0.6800 -2.9934
7.0911 0.5712 0 0.7852 -3.2232
7.1095 0.2951 0 0.8998 -3.4484
7.1362 0.0193 0 1.0256 -3.6676
7.1739 -0.2555 0 1.1641 -3.8790
7.2251 -0.5285 0 1.3169 -4.0803
7.2922 -0.7984 0 1.4850 -4.2689
7.3770 -1.0635 0 1.6694 -4.4417
7.4810 -1.3219 0 1.8702 -4.5949
7.6051 -1.5716 0 2.0872 -4.7243
7.7498 -1.8101 0 2.3188 -4.8251
7.9148 -2.0354 0 2.5621 -4.8928
8.0995 -2.2450 0 2.8127 -4.9230
8.3027 -2.4371 0 3.0650 -4.9128
8.5229 -2.6097 0 3.3120 -4.8610
8.7581 -2.7617 0 3.5469 -4.7686
9.0062 -2.8922 0 3.7630 -4.6382
9.2650 -3.0007 0 3.9549 -4.4741
9.5321 -3.0875 0 4.1187 -4.2820
9.8055 -3.1530 0 4.2521 -4.0677
10.0834 -3.1980 0 4.3546 -3.8369
10.3642 -3.2233 0 4.4269 -3.5949
10.6464 -3.2292 0 4.4707 -3.3461
10.9243 -3.2085 0 4.4881 -3.0941
11.1976 -3.1691 0 4.4819 -2.8415
11.4711 -3.1270 0 4.4548 -2.5903
11.7441 -3.0781 0 4.4094 -2.3418
12.0163 -3.0218 0 4.3485 -2.0965
12.2874 -2.9584 0 4.2746 -1.8548
12.5575 -2.8884 0 4.1902 -1.6166
12.8267 -2.8132 0 4.0974 -1.3816
13.0953 -2.7341 0 3.9984 -1.1490
13.3636 -2.6524 0 3.8951 -0.9184
13.6319 -2.5696 0 3.7893 -0.6888
13.9005 -2.4868 0 3.6829 -0.4596
14.1697 -2.4046 0 3.5775 -0.2299
14.4393 -2.3234 0 3.4749 0.0011
14.7093 -2.2428 0 3.3766 0.2339
14.9792 -2.1613 0 3.2843 0.4692
15.2482 -2.0765 0 3.1997 0.7074
15.5147 -1.9847 0 3.1243 0.9486
15.7765 -1.8801 0 3.0597 1.1929
16.0290 -1.7558 0 3.0074 1.4401
16.2655 -1.6039 0 2.9687 1.6898
16.4751 -1.4181 0 2.9450 1.9414
16.6441 -1.1961 0 2.9377 2.1940
16.7571 -0.9425 0 2.9482 2.4464
16.8013 -0.6700 0 2.9777 2.6974
16.7702 -0.3969 0 3.0278 2.9450
16.6656 -0.1440 0 3.0998 3.1871
16.4975 0.0710 0 3.1949 3.4212
16.2807 0.2360 0 3.3139 3.6439
16.0317 0.3460 0 3.4573 3.8518
15.7653 0.4018 0 3.6250 4.0406
15.4930 0.4083 0 3.8157 4.2062
15.2229 0.3727 0 4.0270 4.3442
14.9592 0.3026 0 4.2559 4.4508
14.7038 0.2057 0 4.4978 4.5229
14.4560 0.0898 0 4.7478 4.5581
14.2140 -0.0386 0 5.0002 4.5557
13.9756 -0.1743 0 5.2495 4.5159
13.7389 -0.3136 0 5.4904 4.4405
13.5022 -0.4537 0 5.7186 4.3323
13.2645 -0.5927 0 5.9304 4.1948
13.0252 -0.7294 0 6.1234 4.0319
12.7839 -0.8628 0 6.2962 3.8478
12.5401 -0.9919 0 6.4484 3.6461
12.2934 -1.1156 0 6.5798 3.4304
12.0432 -1.2319 0 6.6912 3.2036
11.7883 -1.3376 0 6.7835 2.9684
11.5276 -1.4271 0 6.8582 2.7270
11.2601 -1.4920 0 6.9169 2.4813
10.9871 -1.5211 0 6.9618 2.2326
10.7143 -1.5016 0 6.9948 1.9820
10.4539 -1.4230 0 7.0184 1.7304
10.2238 -1.2810 0 7.0349 1.4782
10.0445 -1.0809 0 7.0470 1.2257
9.9328 -0.8381 0 7.0569 0.9732
9.8973 -0.5743 0 7.0674 0.7207
9.9370 -0.3117 0 7.0808 0.4683
10.0429 -0.0685 0 7.0996 0.2163
10.2023 0.1434 0 7.1262 -0.0351
10.4014 0.3190 0 7.1628 -0.2851
10.6270 0.4597 0 7.2113 -0.5331
10.8687 0.5715 0 7.2734 -0.7781
11.1193 0.6628 0 7.3505 -1.0187
11.3740 0.7433 0 7.4435 -1.2537
11.6294 0.8223 0 7.5528 -1.4815
11.8828 0.9082 0 7.6786 -1.7006
12.1308 1.0087 0 7.8209 -1.9094
12.3693 1.1299 0 7.9795 -2.1061
12.5931 1.2761 0 8.1536 -2.2892
12.7967 1.4491 0 8.3422 -2.4574
12.9749 1.6479 0 8.5440 -2.6093
13.1236 1.8697 0 8.7578 -2.7441
13.2400 2.1098 0 8.9816 -2.8613
13.3236 2.3634 0 9.2139 -2.9608
13.3751 2.6256 0 9.4529 -3.0427
13.3964 2.8920 0 9.6972 -3.1074
13.3905 3.1596 0 9.9453 -3.1555
13.3605 3.4257 0 10.1959 -3.1878
13.3099 3.6891 0 10.4480 -3.2050
13.2421 3.9490 0 10.7007 -3.2080
13.1603 4.2052 0 10.9532 -3.1977
13.0675 4.4580 0 11.2049 -3.1752
12.9663 4.7082 0 11.4554 -3.1416
12.8595 4.9566 0 11.7044 -3.0983
12.7489 5.2040 0 11.9517 -3.0463
12.6361 5.4510 0 12.1975 -2.9872
12.5218 5.6981 0 12.4417 -2.9224
12.4064 5.9452 0 12.6848 -2.8531
12.2896 6.1922 0 12.9270 -2.7807
12.1705 6.4388 0 13.1685 -2.7063
12.0481 6.6842 0 13.4098 -2.6311
11.9208 6.9276 0 13.6511 -2.5559
11.7866 7.1677 0 13.8926 -2.4815
11.6435 7.4030 0 14.1346 -2.4085
11.4894 7.6317 0 14.3770 -2.3368
11.3226 7.8516 0 14.6197 -2.2663
11.1416 8.0602 0 14.8624 -2.1958
10.9459 8.2553 0 15.1046 -2.1235
10.7343 8.4334 0 15.3454 -2.0468
10.5073 8.5915 0 15.5834 -1.9618
10.2660 8.7272 0 15.8163 -1.8639
10.0125 8.8390 0 16.0408 -1.7478
9.7494 8.9264 0 16.2515 -1.6085
9.4791 8.9895 0 16.4408 -1.4415
9.2041 9.0294 1 16.5989 -1.2448
8.9265 9.0474 1 16.7138 -1.0202
8.6479 9.0446 1 16.7730 -0.7806
8.3699 9.0224 1 16.7728 -0.5418
8.0933 8.9828 1 16.7152 -0.3136
7.8189 8.9283 1 16.6036 -0.1058
7.5468 8.8615 1 16.4426 0.0722
7.2765 8.7852 1 16.2381 0.2123
7.0077 8.7024 1 16.0041 0.3064
6.7396 8.6157 1 15.7563 0.3538
6.4713 8.5273 1 15.5040 0.3586
6.2023 8.4396 1 15.2534 0.3271
5.9317 8.3543 1 15.0083 0.2664
5.6593 8.2725 1 14.7696 0.1834
5.3849 8.1947 1 14.5373 0.0841
5.1086 8.1210 1 14.3100 -0.0265
4.8305 8.0508 1 14.0865 -0.1445
4.5508 7.9834 1 13.8654 -0.2668
4.2699 7.9181 1 13.6453 -0.3911
3.9879 7.8536 1 13.4255 -0.5158
3.7053 7.7888 1 13.2051 -0.6396
3.4224 7.7223 1 12.9838 -0.7616
3.1397 7.6524 1 12.7610 -0.8810
2.8575 7.5773 1 12.5364 -0.9970
2.5768 7.4953 1 12.3097 -1.1085
2.2982 7.4042 1 12.0800 -1.2140
2.0229 7.3023 1 11.8465 -1.3107
1.7519 7.1880 1 11.6082 -1.3947
1.4865 7.0601 1 11.3642 -1.4602
1.2280 6.9179 1 11.1147 -1.4992
0.9775 6.7610 1 10.8623 -1.5023
0.7362 6.5896 1 10.6138 -1.4594
0.5052 6.4040 1 10.3854 -1.3649
0.2855 6.2044 1 10.1975 -1.2254
0.0784 5.9914 1 10.0566 -1.0486
-0.1149 5.7652 1 9.9678 -0.8440
-0.2929 5.5264 1 9.9347 -0.6224
-0.4540 5.2754 1 9.9597 -0.3946
-0.5970 5.0134 1 10.0423 -0.1713
-0.7211 4.7414 1 10.1797 0.0379
-0.8258 4.4610 1 10.3577 0.2167
-0.9111 4.1738 1 10.5634 0.3631
-0.9775 3.8811 1 10.7869 0.4807
-1.0253 3.5844 1 11.0208 0.5763
-1.0551 3.2849 1 11.2600 0.6578
-1.0672 2.9838 1 11.5011 0.7337
-1.0622 2.6820 1 11.7414 0.8121
-1.0402 2.3804 1 11.9780 0.9008
-1.0015 2.0801 1 12.2077 1.0060
-0.9474 1.7814 1 12.4265 1.1323
-0.8801 1.4848 1 12.6299 1.2820
-0.8018 1.1903 1 12.8133 1.4556
-0.7148 0.8974 1 12.9727 1.6515
-0.6213 0.6058 1 13.1054 1.8663
-0.5230 0.3150 1 13.2100 2.0962
-0.4215 0.0247 1 13.2864 2.3369
-0.3182 -0.2656 1 13.3353 2.5847
-0.2139 -0.5562 1 13.3583 2.8363
-0.1094 -0.8473 1 13.3577 3.0889
-0.0052 -1.1390 1 13.3358 3.3406
0.0986 -1.4313 1 13.2954 3.5901
0.2025 -1.7240 1 13.2393 3.8365
0.3074 -2.0167 1 13.1702 4.0795
0.4145 -2.3089 1 13.0907 4.3194
0.5259 -2.5999 1 13.0032 4.5565
0.6440 -2.8884 1 12.9097 4.7913
0.7716 -3.1729 1 12.8120 5.0244
0.9118 -3.4515 1 12.7115 5.2563
1.0680 -3.7215 1 12.6093 5.4875
1.2435 -3.9793 1 12.5060 5.7181
1.4412 -4.2202 1 12.4018 5.9484
1.6633 -4.4384 1 12.2967 6.1782
1.9108 -4.6267 1 12.1898 6.4073
2.1823 -4.7769 1 12.0803 6.6350
2.4742 -4.8807 1 11.9668 6.8609
2.7791 -4.9306 1 11.8478 7.0838
3.0872 -4.9214 1 11.7214 7.3027
3.3777 -4.8307 1 11.5860 7.5160
3.6508 -4.6910 1 11.4398 7.7222
3.8994 -4.5124 1 11.2816 7.9192
4.1125 -4.2935 1 11.1106 8.1052
4.2829 -4.0405 1 10.9263 8.2781
4.4073 -3.7623 1 10.7289 8.4358
4.4860 -3.4679 1 10.5191 8.5765
4.5221 -3.1653 1 10.2979 8.6985
4.5203 -2.8604 1 10.0668 8.8007
4.4861 -2.5573 1 9.8277 8.8822
4.4246 -2.2582 0 9.5825 8.9434
4.3405 -1.9644 0 9.3338 8.9879
4.2385 -1.6759 0 9.0828 9.0166
4.1235 -1.3919 0 8.8303 9.0259
3.9997 -1.1111 0 8.5778 9.0164
3.8710 -0.8321 0 8.3263 8.9914
3.7405 -0.5533 0 8.0765 8.9530
3.6111 -0.2736 0 7.8287 8.9034
3.4854 0.0082 0 7.5829 8.8447
3.3662 0.2932 0 7.3388 8.7792
3.2562 0.5823 0 7.0961 8.7086
3.1583 0.8758 0 6.8544 8.6349
3.0752 1.1742 0 6.6131 8.5595
3.0098 1.4770 0 6.3719 8.4840
2.9649 1.7836 0 6.1305 8.4094
2.9431 2.0928 0 5.8885 8.3364
2.9472 2.4027 0 5.6458 8.2659
2.9798 2.7108 0 5.4023 8.1982
3.0435 3.0138 0 5.1580 8.1334
3.1408 3.3076 0 4.9129 8.0716
3.2736 3.5868 0 4.6672 8.0125
3.4428 3.8451 0 4.4209 7.9555
3.6479 4.0753 0 4.1744 7.9001
3.8865 4.2699 0 3.9276 7.8454
4.1538 4.4216 0 3.6809 7.7904
4.4429 4.5243 0 3.4345 7.7340
4.7452 4.5739 0 3.1888 7.6752
5.0511 4.5689 0 2.9439 7.6126
5.3462 4.4965 0 2.7004 7.5450
5.6285 4.3801 0 2.4587 7.4711
5.8928 4.2278 0 2.2194 7.3898
6.1329 4.0400 0 1.9831 7.3001
6.3445 3.8207 0 1.7507 7.2009
6.5252 3.5754 0 1.5229 7.0914
6.6748 3.3098 0 1.3006 6.9713
6.7945 3.0293 0 1.0845 6.8403
6.8865 2.7384 0 0.8754 6.6984
6.9537 2.4405 0 0.6737 6.5460
7.0001 2.1382 0 0.4800 6.3838
7.0306 1.8335 0 0.2945 6.2121
7.0502 1.5274 0 0.1179 6.0314
7.0635 1.2206 0 -0.0488 5.8415
7.0750 0.9132 0 -0.2047 5.6426
7.0887 0.6055 0 -0.3486 5.4349
7.1087 0.2978 0 -0.4795 5.2187
7.1387 -0.0094 0 -0.5967 4.9948
7.1827 -0.3152 0 -0.6999 4.7642
7.2441 -0.6182 0 -0.7891 4.5277
7.3259 -0.9166 0 -0.8646 4.2866
7.4306 -1.2078 0 -0.9270 4.0417
7.5597 -1.4892 0 -0.9766 3.7939
7.7140 -1.7577 0 -1.0138 3.5439
7.8934 -2.0102 0 -1.0383 3.2924
8.0971 -2.2437 0 -1.0502 3.0400
8.3235 -2.4554 0 -1.0496 2.7873
8.5704 -2.6430 0 -1.0369 2.5349
8.8349 -2.8050 0 -1.0127 2.2833
9.1142 -2.9404 0 -0.9777 2.0330
9.4051 -3.0489 0 -0.9329 1.7843
9.7048 -3.1312 0 -0.8794 1.5373
10.0106 -3.1879 0 -0.8182 1.2921
10.3203 -3.2197 0 -0.7505 1.0486
10.6319 -3.2277 0 -0.6774 0.8066
10.9441 -3.2237 0 -0.6001 0.5660
11.2786 -3.1916 0 -0.5196 0.3264
11.6256 -3.1362 0 -0.4368 0.0876
11.9691 -3.0605 0 -0.3526 -0.1506
12.3098 -2.9716 0 -0.2676 -0.3887
12.6485 -2.8740 0 -0.1826 -0.6267
12.9859 -2.7712 0 -0.0979 -0.8648
13.3229 -2.6660 0 -0.0138 -1.1031
13.6599 -2.5609 0 0.0698 -1.3417
13.9977 -2.4579 0 0.1529 -1.5804
14.3365 -2.3580 0 0.2359 -1.8191
14.6761 -2.2613 0 0.3197 -2.0576
15.0159 -2.1654 0 0.4049 -2.2955
15.3539 -2.0640 0 0.4930 -2.5324
15.6863 -1.9464 0 0.5852 -2.7677
16.0054 -1.7981 0 0.6832 -3.0007
16.2978 -1.6045 0 0.7887 -3.2303
16.5425 -1.3561 0 0.9036 -3.4554
16.7129 -1.0548 0 1.0297 -3.6744
16.7834 -0.7191 0 1.1687 -3.8854
16.7405 -0.3818 0 1.3219 -4.0864
16.5887 -0.0803 0 1.4906 -4.2745
16.3496 0.1553 0 1.6754 -4.4468
16.0526 0.3094 0 1.8768 -4.5993
15.7264 0.3812 0 2.0942 -4.7279
15.3926 0.3792 0 2.3262 -4.8277
15.0646 0.3169 0 2.5698 -4.8943
14.7480 0.2102 0 2.8206 -4.9234
14.4428 0.0734 0 3.0728 -4.9119
14.1464 -0.0822 0 3.3196 -4.8588
13.8553 -0.2479 0 3.5540 -4.7651
13.5664 -0.4178 0 3.7694 -4.6335
13.2777 -0.5881 0 3.9605 -4.4685
12.9876 -0.7562 0 4.1233 -4.2756
12.6953 -0.9205 0 4.2558 -4.0606
12.4001 -1.0791 0 4.3573 -3.8294
12.1003 -1.2286 0 4.4287 -3.5872
11.7934 -1.3623 0 4.4716 -3.3383
11.4765 -1.4683 0 4.4883 -3.0862
11.1491 -1.5300 0 4.4814 -2.8336
10.8177 -1.5273 0 4.4536 -2.5825
10.4999 -1.4422 0 4.4077 -2.3340
10.2253 -1.2667 0 4.3463 -2.0889
10.0276 -1.0115 0 4.2722 -1.8473
9.9323 -0.7060 0 4.1874 -1.6092
9.9470 -0.3883 0 4.0944 -1.3742
10.0615 -0.0929 0 3.9952 -1.1418
10.2541 0.1581 0 3.8918 -0.9112
10.4996 0.3577 0 3.7860 -0.6816
10.7769 0.5109 0 3.6796 -0.4524
11.0710 0.6297 0 3.5742 -0.2227
11.3725 0.7295 0 3.4717 0.0083
11.6753 0.8259 0 3.3736 0.2413
11.9743 0.9336 0 3.2816 0.4766
12.2633 1.0651 0 3.1972 0.7149
12.5345 1.2293 0 3.1221 0.9562
12.7790 1.4304 0 3.0579 1.2006
12.9881 1.6674 0 3.0060 1.4479
13.1555 1.9350 0 2.9677 1.6977
13.2778 2.2258 0 2.9445 1.9493
13.3550 2.5316 0 2.9377 2.2019
13.3897 2.8450 0 2.9488 2.4543
13.3859 3.1605 0 2.9790 2.7052
13.3490 3.4740 0 3.0297 2.9527
13.2845 3.7832 0 3.1024 3.1946
13.1976 4.0872 0 3.1982 3.4283
13.0934 4.3862 0 3.3180 3.6507
12.9769 4.6810 0 3.4622 3.8580
12.8524 4.9731 0 3.6306 4.0462
12.7230 5.2635 0 3.8220 4.2109
12.5907 5.5531 0 4.0340 4.3481
12.4566 5.8425 0 4.2633 4.4536
12.3208 6.1315 0 4.5055 4.5246
12.1824 6.4197 0 4.7557 4.5586
12.0398 6.7062 0 5.0081 4.5550
11.8903 6.9895 0 5.2572 4.5141
11.7310 7.2677 0 5.4978 4.4376
11.5586 7.5382 0 5.7255 4.3284
11.3700 7.7978 0 5.9367 4.1901
11.1629 8.0430 0 6.1291 4.0265
10.9351 8.2691 0 6.3013 3.8417
10.6859 8.4713 0 6.4528 3.6396
10.4166 8.6458 0 6.5836 3.4234
10.1297 8.7896 0 6.6944 3.1964
9.8287 8.9012 0 6.7861 2.9609
9.5175 8.9805 0 6.8602 2.7194
9.1998 9.0286 0 6.9185 2.4735
8.8788 9.0472 0 6.9630 2.2247
8.5572 9.0379 0 6.9957 1.9741
8.2370 9.0037 0 7.0190 1.7225
7.9194 8.9480 0 7.0354 1.4703
7.6049 8.8750 0 7.0473 1.2178
7.2933 8.7889 0 7.0572 0.9653
6.9838 8.6941 0 7.0677 0.7128
6.6752 8.5946 0 7.0813 0.4604
6.3664 8.4939 0 7.1003 0.2084
6.0564 8.3951 0 7.1272 -0.0429
5.7445 8.3000 0 7.1641 -0.2929
5.4304 8.2098 0 7.2130 -0.5409
5.1143 8.1246 0 7.2756 -0.7857
4.7962 8.0440 0 7.3532 -1.0262
4.4764 7.9671 0 7.4466 -1.2610
4.1554 7.8927 0 7.5564 -1.4885
3.8335 7.8190 0 7.6828 -1.7073
3.5113 7.7441 0 7.8257 -1.9157
3.1894 7.6658 0 7.9847 -2.1121
2.8685 7.5813 0 8.1593 -2.2947
2.5495 7.4879 0 8.3483 -2.4624
2.2338 7.3826 0 8.5506 -2.6138
1.9228 7.2629 1 8.7646 -2.7481
1.6184 7.1266 1 8.9888 -2.8647
1.3221 6.9726 1 9.2213 -2.9636
1.0357 6.8002 1 9.4605 -3.0450
0.7608 6.6093 1 9.7049 -3.1091
0.4991 6.4004 1 9.9531 -3.1567
0.2521 6.1739 1 10.2038 -3.1885
0.0216 5.9302 1 10.4559 -3.2053
-0.1904 5.6700 1 10.7086 -3.2079
-0.3818 5.3940 1 10.9611 -3.1972
-0.5509 5.1035 1 11.2128 -3.1743
-0.6963 4.8002 1 11.4632 -3.1404
-0.8173 4.4860 1 11.7122 -3.0968
-0.9139 4.1633 1 11.9595 -3.0446
-0.9866 3.8340 1 12.2051 -2.9853
-1.0359 3.5000 1 12.4494 -2.9203
-1.0626 3.1632 1 12.6924 -2.8509
-1.0671 2.8249 1 12.9345 -2.7784
-1.0494 2.4867 1 13.1761 -2.7040
-1.0104 2.1499 1 13.4173 -2.6287
-0.9523 1.8152 1 13.6586 -2.5535
-0.8779 1.4832 1 13.9002 -2.4792
-0.7901 1.1539 1 14.1422 -2.4062
-0.6921 0.8269 1 14.3846 -2.3346
-0.5864 0.5016 1 14.6273 -2.2641
-0.4755 0.1774 1 14.8700 -2.1935
-0.3614 -0.1462 1 15.1121 -2.1212
-0.2456 -0.4697 1 15.3529 -2.0443
-0.1294 -0.7935 1 15.5908 -1.9589
-0.0136 -1.1179 1 15.8235 -1.8605
0.1017 -1.4428 1 16.0476 -1.7439
0.2168 -1.7681 1 16.2578 -1.6037
0.3331 -2.0933 1 16.4463 -1.4358
0.4525 -2.4175 1 16.6033 -1.2381
0.5779 -2.7396 1 16.7165 -1.0128
0.7129 -3.0578 1 16.7739 -0.7731
0.8617 -3.3698 1 16.7718 -0.5344
1.0290 -3.6722 1 16.7125 -0.3067
1.2194 -3.9603 1 16.5993 -0.0997
1.4371 -4.2280 1 16.4368 0.0772
1.6850 -4.4671 1 16.2310 0.2160
1.9641 -4.6678 1 15.9965 0.3086
2.2718 -4.8191 1 15.7484 0.3545
2.6013 -4.9102 1 15.4960 0.3582
2.9413 -4.9323 1 15.2456 0.3256
3.2732 -4.8719 1 15.0007 0.2641
3.5553 -4.6948 1 14.7622 0.1805
3.8276 -4.4979 1 14.5300 0.0808
4.0707 -4.2674 1 14.3030 -0.0301
4.2678 -3.9977 1 14.0796 -0.1483
4.4092 -3.6959 1 13.8584 -0.2707
4.4930 -3.3737 1 13.6384 -0.3951
4.5234 -3.0422 1 13.4185 -0.5197
4.5078 -2.7096 1 13.1982 -0.6434
4.4543 -2.3808 1 12.9768 -0.7654
4.3704 -2.0582 1 12.7540 -0.8847
4.2633 -1.7422 1 12.5293 -1.0005
4.1397 -1.4318 1 12.3025 -1.1120
4.0054 -1.1255 1 12.0727 -1.2172
3.8652 -0.8215 1 11.8391 -1.3136
3.7230 -0.5179 1 11.6006 -1.3971
3.5826 -0.2131 1 11.3564 -1.4619
3.4472 0.0943 1 11.1068 -1.4999
3.3204 0.4055 1 10.8544 -1.5017
3.2058 0.7217 1 10.6062 -1.4572
3.1070 1.0433 1 10.3788 -1.3612
3.0276 1.3703 1 10.1923 -1.2204
2.9712 1.7020 1 10.0529 -1.0424
2.9412 2.0371 1 9.9659 -0.8372
2.9413 2.3734 1 9.9346 -0.6152
2.9747 2.7078 1 9.9615 -0.3874
3.0448 3.0361 1 10.0458 -0.1643
3.1548 3.3530 1 10.1848 0.0441
3.3068 3.6514 1 10.3639 0.2218
3.5016 3.9231 1 10.5703 0.3672
3.7377 4.1588 1 10.7943 0.4841
4.0110 4.3489 1 11.0284 0.5790
4.3139 4.4851 1 11.2677 0.6603
4.6365 4.5609 1 11.5088 0.7361
4.9670 4.5733 1 11.7490 0.8148
5.2892 4.5136 1 11.9855 0.9039
5.5944 4.3947 1 12.2149 1.0097
5.8801 4.2353 1 12.4333 1.1367
6.1377 4.0344 1 12.6361 1.2872
6.3622 3.7972 1 12.8187 1.4615
6.5510 3.5310 1 12.9773 1.6581
6.7044 3.2428 1 13.1091 1.8735
6.8240 2.9390 1 13.2129 2.1037
6.9127 2.6245 1 13.2884 2.3447
6.9748 2.3034 1 13.3364 2.5927
7.0160 1.9786 1 13.3586 2.8443
7.0422 1.6519 1 13.3573 3.0970
7.0591 1.3241 1 13.3348 3.3486
7.0722 0.9958 1 13.2939 3.5980
7.0863 0.6671 1 13.2373 3.8443
7.1064 0.3384 1 13.1679 4.0872
7.1373 0.0103 1 13.0880 4.3270
7.1836 -0.3161 1 13.0003 4.5640
7.2498 -0.6393 1 12.9066 4.7988
7.3393 -0.9569 1 12.8088 5.0318
7.4552 -1.2660 1 12.7083 5.2637
7.5990 -1.5631 1 12.6060 5.4948
7.7715 -1.8444 1 12.5027 5.7255
7.9723 -2.1064 1 12.3985 5.9558
8.2001 -2.3453 1 12.2933 6.1856
8.4523 -2.5581 0 12.1863 6.4146
8.7261 -2.7426 0 12.0767 6.6423
9.0178 -2.8972 0 11.9631 6.8680
9.3239 -3.0214 0 11.8439 7.0909
9.6406 -3.1156 0 11.7173 7.3096
9.9648 -3.1806 0 11.5815 7.5227
10.2937 -3.2169 0 11.4349 7.7286
10.6247 -3.2263 0 11.2763 7.9253
10.9540 -3.2219 0 11.1049 8.1109
11.3041 -3.2602 0 10.9202 8.2833
11.6670 -3.2488 0 10.7224 8.4405
12.0083 -3.1861 0 10.5122 8.5807
12.3379 -3.0768 0 10.2906 8.7021
12.6615 -2.9488 0 10.0593 8.8036
12.9840 -2.8175 0 9.8200 8.8845
13.3087 -2.6910 0 9.5747 8.9450
13.6366 -2.5726 0 9.3258 8.9891
