t g d
0.000 3.9641 0
0.150 3.9564 0
0.300 3.9488 0
0.450 3.9411 0
0.600 4.0336 0
0.750 4.0259 0
0.900 4.0183 0
1.050 4.0106 0
1.200 4.0030 0
1.350 3.9953 0
1.500 3.9877 0
1.650 3.9800 0
1.800 3.9724 0
1.950 3.9647 0
2.100 3.9570 0
2.250 3.9494 0
2.400 3.9417 0
2.550 3.9341 0
2.700 3.9264 0
2.850 3.8187 0
3.000 3.8110 0
3.150 3.8034 0
3.300 3.7957 0
3.450 3.7881 0
3.600 3.7804 0
3.750 3.7728 0
3.900 3.7651 0
4.050 3.7574 0
4.200 3.7498 0
4.350 3.6420 0
4.500 3.6344 0
4.650 3.6267 0
4.800 3.6191 0
4.950 3.6114 0
5.100 3.6038 0
5.250 3.4960 0
5.400 3.4884 0
5.550 3.4807 0
5.700 3.4730 0
5.850 3.4614 0
6.000 3.3438 0
6.150 3.3251 0
6.300 3.3050 0
6.450 3.2833 0
6.600 3.1596 0
6.750 3.1340 0
6.900 3.1065 0
7.050 3.0774 0
7.200 2.9471 0
7.350 2.9164 0
7.500 2.9009 0
7.650 2.8932 0
7.800 2.7855 0
7.950 2.7778 0
8.100 2.7702 0
8.250 2.6624 0
8.400 2.6547 0
8.550 2.6471 0
8.700 2.6394 0
8.850 2.5317 0
9.000 2.5240 0
9.150 2.5164 0
9.300 2.4086 0
9.450 2.4010 0
9.600 2.3933 0
9.750 2.2855 0
9.900 2.2779 0
10.050 2.1701 0
10.200 2.1625 0
10.350 2.1548 0
10.500 2.0471 1
10.650 2.0394 1
10.800 1.9316 1
10.950 1.9240 1
11.100 1.9163 1
11.250 1.8086 1
11.400 1.8009 1
11.550 1.6932 1
11.700 1.6855 1
11.850 1.5777 1
12.000 1.5701 1
12.150 1.4623 1
12.300 1.4547 1
12.450 1.4470 1
12.600 1.3393 1
12.750 1.3316 1
12.900 1.2239 1
13.050 1.2055 1
13.200 1.0873 1
13.350 1.0797 1
13.500 0.9719 1
13.650 0.9635 1
13.800 0.8474 1
13.950 0.8303 1
14.100 0.7200 1
14.250 0.7123 1
14.400 0.7046 1
14.550 0.5969 1
14.700 0.5892 1
14.850 0.5816 1
15.000 0.4738 1
15.150 0.4662 0
15.300 0.4585 0
15.450 0.3507 0
15.600 0.3431 0
15.750 0.2252 0
15.900 0.2172 0
16.050 0.2079 0
16.200 0.0970 0
16.350 0.0852 0
16.500 -0.0238 0
16.650 -0.0315 0
16.800 -0.1392 0
16.950 -0.1469 0
17.100 -0.2547 0
17.250 -0.2623 0
17.400 -0.3701 0
17.550 -0.3777 0
17.700 -0.4855 0
17.850 -0.4931 0
18.000 -0.6009 0
18.150 -0.6086 0
18.300 -0.7163 0
18.450 -0.7240 0
18.600 -0.8317 0
18.750 -0.8394 0
18.900 -0.9487 0
19.050 -1.0618 0
19.200 -1.0739 0
19.350 -1.1849 0
19.500 -1.1945 0
19.650 -1.3032 0
19.800 -1.3111 0
19.950 -1.4200 0
20.100 -1.5301 0
20.250 -1.5419 0
20.400 -1.6563 0
20.550 -1.6669 0
20.700 -1.7747 0
20.850 -1.8824 0
21.000 -1.8901 0
21.150 -1.9979 0
21.300 -2.0055 0
21.450 -2.1133 0
21.600 -2.1209 0
21.750 -2.2287 0
21.900 -2.3364 0
22.050 -2.3441 0
22.200 -2.4519 0
22.350 -2.4595 0
22.500 -2.5673 0
22.650 -2.5749 0
22.800 -2.6827 0
22.950 -2.6903 0
23.100 -2.7981 0
23.250 -2.8058 0
23.400 -2.9135 0
23.550 -3.0213 0
23.700 -3.0289 0
23.850 -3.1367 0
24.000 -3.1444 0
24.150 -3.2521 0
24.300 -3.2598 0
24.450 -3.3675 0
24.600 -3.5073 0
24.750 -3.5629 0
24.900 -3.7187 0
25.050 -3.8745 0
25.200 -3.8861 0
25.350 -3.9939 0
25.500 -4.0015 0
25.650 -4.1093 0
25.800 -4.2171 0
25.950 -4.2247 0
26.100 -4.3325 0
26.250 -4.4402 0
26.400 -4.4479 0
26.550 -4.5557 0
26.700 -4.6634 0
26.850 -4.6711 0
27.000 -4.7788 0
27.150 -4.8866 0
27.300 -4.8942 0
27.450 -5.0020 0
27.600 -5.1098 0
27.750 -5.1174 0
27.900 -5.2252 0
28.050 -5.3329 0
28.200 -5.3406 0
28.350 -5.4484 0
28.500 -5.5561 0
28.650 -5.5638 0
28.800 -5.6715 0
28.950 -5.7793 0
29.100 -5.8871 0
29.250 -5.8947 0
29.400 -6.0025 0
29.550 -6.1102 0
29.700 -6.2180 0
29.850 -6.2257 0
30.000 -6.3334 0
30.150 -6.4412 0
30.300 -6.5489 0
30.450 -6.5566 0
30.600 -6.6644 0
30.750 -6.7721 0
30.900 -6.8799 0
31.050 -6.8875 0
31.200 -6.9953 0
31.350 -7.1031 0
31.500 -7.2108 0
31.650 -7.2185 0
31.800 -7.3262 0
31.950 -7.4340 0
32.100 -7.4416 0
32.250 -7.5494 0
32.400 -7.6572 0
32.550 -7.6648 0
32.700 -7.7726 0
32.850 -7.7802 0
33.000 -7.8880 0
33.150 -7.9958 0
33.300 -8.0034 0
33.450 -8.1112 0
33.600 -8.1188 0
33.750 -8.2266 0
33.900 -8.3344 0
34.050 -8.4421 0
34.200 -8.4498 0
34.350 -8.5575 0
34.500 -8.6653 0
34.650 -8.6729 0
34.800 -8.7807 1
34.950 -8.8885 1
35.100 -8.9962 1
35.250 -9.0039 1
35.400 -9.1116 1
35.550 -9.2194 1
35.700 -9.2271 1
35.850 -9.3348 1
36.000 -9.4426 1
36.150 -9.4502 1
36.300 -9.5580 1
36.450 -9.6658 1
36.600 -9.6734 1
36.750 -9.7812 1
36.900 -9.7888 1
37.050 -9.8966 1
37.200 -9.9042 1
37.350 -10.0120 1
37.500 -10.0197 1
37.650 -10.1274 1
37.800 -10.1351 1
37.950 -10.2428 1
38.100 -10.3506 1
38.250 -10.3583 1
38.400 -10.4660 1
38.550 -10.5738 1
38.700 -10.5814 1
38.850 -10.6892 1
39.000 -10.7970 1
39.150 -10.8046 1
39.300 -10.9124 1
39.450 -10.9200 1
39.600 -11.0278 0
39.750 -11.1355 0
39.900 -11.1432 0
40.050 -11.2510 0
40.200 -11.2586 0
40.350 -11.3664 0
40.500 -11.4741 0
40.650 -11.4818 0
40.800 -11.5896 0
40.950 -11.6973 0
41.100 -11.7050 0
41.250 -11.8127 0
41.400 -11.9205 0
41.550 -12.0283 0
41.700 -12.0359 0
41.850 -12.1437 0
42.000 -12.2514 0
42.150 -12.2591 0
42.300 -12.3668 0
42.450 -12.4746 0
42.600 -12.5824 0
42.750 -12.5900 0
42.900 -12.6978 0
43.050 -12.8055 0
43.200 -12.9133 0
43.350 -12.9210 0
43.500 -13.0287 0
43.650 -13.1365 0
43.800 -13.1441 0
43.950 -13.2519 0
44.100 -13.3597 0
44.250 -13.4674 0
44.400 -13.4751 0
44.550 -13.5828 0
44.700 -13.6906 0
44.850 -13.7984 0
45.000 -13.8060 0
45.150 -13.9138 0
45.300 -14.0215 0
45.450 -14.1293 0
45.600 -14.2371 0
45.750 -14.2447 1
45.900 -14.3525 1
46.050 -14.4602 1
46.200 -14.5680 1
46.350 -14.6758 1
46.500 -14.6834 1
46.650 -14.7912 1
46.800 -14.8989 1
46.950 -15.0067 1
47.100 -15.1145 1
47.250 -15.2222 1
47.400 -15.3300 1
47.550 -15.4378 1
47.700 -15.4454 1
47.850 -15.5532 1
48.000 -15.6609 1
48.150 -15.7687 1
48.300 -15.8765 1
48.450 -15.9842 1
48.600 -16.0920 1
48.750 -16.1997 1
48.900 -16.3075 1
49.050 -16.4153 1
49.200 -16.5230 1
49.350 -16.6308 1
49.500 -16.7386 1
49.650 -16.8463 1
49.800 -16.8540 1
49.950 -16.9617 1
50.100 -17.0695 1
50.250 -17.1773 1
50.400 -17.2850 1
50.550 -17.3928 1
50.700 -17.5005 1
50.850 -17.6083 1
51.000 -17.7161 1
51.150 -17.8238 1
51.300 -17.9316 1
51.450 -18.0394 1
51.600 -18.1471 1
51.750 -18.2549 1
51.900 -18.3626 1
52.050 -18.4704 1
52.200 -18.5782 1
52.350 -18.6859 1
52.500 -18.7937 1
52.650 -18.9014 1
52.800 -19.0092 1
52.950 -19.1170 1
53.100 -19.3248 1
53.250 -19.4326 1
53.400 -19.5404 1
53.550 -19.6481 1
53.700 -19.7559 1
53.850 -19.8637 1
54.000 -19.9714 1
54.150 -20.0792 1
54.300 -20.1869 1
54.450 -20.2947 1
54.600 -20.4025 1
54.750 -20.6103 1
54.900 -20.7181 1
55.050 -20.8259 1
55.200 -20.9336 1
55.350 -21.0414 1
55.500 -21.1491 1
55.650 -21.2569 1
55.800 -21.3647 0
55.950 -21.4724 0
56.100 -21.5802 0
56.250 -21.6880 0
56.400 -21.7957 0
56.550 -21.9035 0
56.700 -22.0112 0
56.850 -22.1190 0
57.000 -22.2268 0
57.150 -22.3345 0
57.300 -22.4423 0
57.450 -22.5501 0
57.600 -22.6578 0
57.750 -22.7656 0
57.900 -22.8733 0
58.050 -22.9811 0
58.200 -23.0889 0
58.350 -23.1966 0
58.500 -23.3044 0
58.650 -23.4121 0
58.800 -23.5199 0
58.950 -23.6277 0
59.100 -23.7354 0
59.250 -23.8432 0
59.400 -23.9510 0
59.550 -24.0587 0
59.700 -24.1665 0
59.850 -24.3744 0
60.000 -24.4821 0
60.150 -24.5899 0
60.300 -24.6976 0
60.450 -24.8054 0
60.600 -24.9132 0
60.750 -25.0209 0
60.900 -25.1287 0
61.050 -25.2364 0
61.200 -25.3442 0
61.350 -25.4520 0
61.500 -25.5597 0
61.650 -25.6675 0
61.800 -25.7753 0
61.950 -25.8830 0
62.100 -25.9908 0
62.250 -26.0985 0
62.400 -26.2063 0
62.550 -26.3141 0
62.700 -26.4218 0
62.850 -26.5296 0
63.000 -26.6374 0
63.150 -26.7451 0
63.300 -26.8529 0
63.450 -26.9606 0
63.600 -27.0684 0
63.750 -27.1762 0
63.900 -27.2839 0
64.050 -27.3917 0
64.200 -27.4995 0
64.350 -27.6072 0
64.500 -27.7150 0
64.650 -27.8227 0
64.800 -28.0306 0
64.950 -28.1384 0
65.100 -28.2461 0
65.250 -28.3539 0
65.400 -28.4617 0
65.550 -28.5694 0
65.700 -28.6772 0
65.850 -28.7849 0
66.000 -28.8927 0
66.150 -29.0005 0
66.300 -29.1082 0
66.450 -29.2160 0
66.600 -29.3238 0
66.750 -29.4315 0
66.900 -29.6394 0
67.050 -29.7471 0
67.200 -29.9550 0
67.350 -30.2630 0
67.500 -30.4709 0
67.650 -30.6787 0
67.800 -30.8866 0
67.950 -31.0945 0
68.100 -31.3024 0
68.250 -31.5102 0
68.400 -31.7181 0
68.550 -31.9260 0
68.700 -32.1338 0
68.850 -32.3417 0
69.000 -32.5496 0
69.150 -32.7575 0
69.300 -32.9653 0
69.450 -33.1732 0
69.600 -33.2810 0
69.750 -33.4888 0
69.900 -33.6967 0
70.050 -33.8045 0
70.200 -34.0123 0
70.350 -34.1201 0
70.500 -34.3280 0
70.650 -34.5358 0
70.800 -34.6436 0
70.950 -34.8515 0
71.100 -35.0593 0
71.250 -35.1671 0
71.400 -35.3750 0
71.550 -35.4827 0
71.700 -35.6906 0
71.850 -35.8985 0
72.000 -36.0062 0
72.150 -36.2141 0
72.300 -36.3219 0
72.450 -36.5297 0
72.600 -36.6375 0
72.750 36.7348 0
72.900 36.6270 0
73.050 36.4191 0
73.200 36.3114 0
73.350 36.2036 0
73.500 35.9958 0
73.650 35.8880 0
73.800 35.7802 0
73.950 35.5724 0
74.100 35.4646 0
74.250 35.2567 0
74.400 35.1490 0
74.550 35.0412 0
74.700 34.8333 0
74.850 34.7256 0
75.000 34.6178 0
75.150 34.4099 0
75.300 34.3022 0
75.450 34.1944 0
75.600 33.9865 0
75.750 33.8788 0
75.900 33.7710 0
76.050 33.5631 0
76.200 33.4554 0
76.350 33.3476 0
76.500 33.1397 0
76.650 33.0320 0
76.800 32.8241 0
76.950 32.7164 0
77.100 32.6086 0
77.250 32.4007 0
77.400 32.2930 0
77.550 32.0851 0
77.700 31.9773 0
77.850 31.8696 0
78.000 31.6617 0
78.150 31.5539 0
78.300 31.3461 0
78.450 31.2383 0
78.600 31.1305 0
78.750 30.9227 0
78.900 30.8149 0
79.050 30.7071 0
79.200 30.4993 0
79.350 30.3915 0
79.500 30.1836 0
79.650 30.0759 0
79.800 29.9681 0
79.950 29.7602 0
80.100 29.6525 0
80.250 29.4446 0
80.400 29.3368 0
80.550 29.1290 0
80.700 29.0212 0
80.850 28.8133 0
81.000 28.7056 0
81.150 28.4977 0
81.300 28.3899 0
81.450 28.1821 1
81.600 28.0743 1
81.750 27.8664 1
81.900 27.7587 1
82.050 27.5508 1
82.200 27.4430 1
82.350 27.2352 1
82.500 27.1274 1
82.650 26.9195 1
82.800 26.8118 1
82.950 26.6039 1
83.100 26.4961 1
83.250 26.2883 1
83.400 26.1805 1
83.550 25.9726 1
83.700 25.8649 1
83.850 25.6570 1
84.000 25.5492 1
84.150 25.3414 1
84.300 25.2336 1
84.450 25.0257 1
84.600 24.9180 1
84.750 24.7101 1
84.900 24.5022 1
85.050 24.3945 1
85.200 24.1866 1
85.350 24.0788 1
85.500 23.8710 1
85.650 23.7632 1
85.800 23.5553 1
85.950 23.3475 1
86.100 23.2397 1
86.250 23.0318 1
86.400 22.9241 1
86.550 22.7162 1
86.700 22.5083 1
86.850 22.4006 1
87.000 22.1927 1
87.150 21.9848 1
87.300 21.8771 1
87.450 21.6692 1
87.600 21.5614 1
87.750 21.3536 1
87.900 21.1457 1
88.050 21.0379 1
88.200 20.8301 1
88.350 20.7223 1
88.500 20.5144 1
88.650 20.4067 1
88.800 20.1988 1
88.950 20.0910 1
89.100 19.8832 1
89.250 19.7754 1
89.400 19.6676 1
89.550 19.4598 1
89.700 19.3520 1
89.850 19.1441 1
90.000 19.0364 1
90.150 18.8285 1
90.300 18.7207 1
90.450 18.5129 1
90.600 18.4051 1
90.750 18.1972 1
90.900 18.0895 1
91.050 17.8816 1
91.200 17.7738 1
91.350 17.5660 1
91.500 17.4582 1
91.650 17.2503 1
91.800 17.1426 1
91.950 16.9347 1
92.100 16.8269 1
92.250 16.6191 1
92.400 16.5113 1
92.550 16.3034 1
92.700 16.1957 1
92.850 16.0879 1
93.000 15.8800 1
93.150 15.7723 1
93.300 15.5644 1
93.450 15.4566 1
93.600 15.2488 1
93.750 15.1410 1
93.900 15.0332 1
94.050 14.8254 1
94.200 14.7176 1
94.350 14.6099 1
94.500 14.4020 1
94.650 14.2942 1
94.800 14.0863 1
94.950 13.9786 1
95.100 13.8708 1
95.250 13.6630 1
95.400 13.5552 1
95.550 13.3473 1
95.700 13.2396 1
95.850 13.0317 1
96.000 12.9239 1
96.150 12.7161 1
96.300 12.6083 1
96.450 12.5005 1
96.600 12.2927 1
96.750 12.1849 1
96.900 11.9770 1
97.050 11.8693 1
97.200 11.6614 1
97.350 11.5536 1
97.500 11.4459 1
97.650 11.2380 1
97.800 11.1302 1
97.950 10.9224 1
98.100 10.8146 1
98.250 10.7068 1
98.400 10.5991 1
98.550 10.4913 0
98.700 10.2834 0
98.850 10.1757 0
99.000 10.0679 0
99.150 9.9602 0
99.300 9.8524 0
99.450 9.7446 0
99.600 9.6369 0
99.750 9.5291 0
99.900 9.4213 0
100.050 9.3136 0
100.200 9.2058 0
100.350 9.0981 0
100.500 8.9903 0
100.650 8.7824 0
100.800 8.6747 0
100.950 8.5669 0
101.100 8.4591 0
101.250 8.3514 0
101.400 8.2436 0
101.550 8.1359 0
101.700 8.0281 0
101.850 7.9203 0
102.000 7.8126 0
102.150 7.8049 0
102.300 7.6972 0
102.450 7.5894 0
102.600 7.4816 0
102.750 7.3739 0
102.900 7.2661 0
103.050 7.1583 0
103.200 7.0506 0
103.350 6.9428 0
103.500 6.8351 0
103.650 6.7273 0
103.800 6.6195 0
103.950 6.5118 0
104.100 6.4040 0
104.250 6.2962 0
104.400 6.1885 0
104.550 6.0807 0
104.700 5.9730 0
104.850 5.8652 0
105.000 5.7574 0
105.150 5.6497 0
105.300 5.5419 0
105.450 5.5343 0
105.600 5.4265 0
105.750 5.3187 0
105.900 5.2110 0
106.050 5.1032 0
106.200 5.0956 0
106.350 4.9878 0
106.500 4.8800 0
106.650 4.7723 0
106.800 4.6645 0
106.950 4.5567 0
107.100 4.5491 0
107.250 4.4413 0
107.400 4.3336 0
107.550 4.2258 0
107.700 4.1180 0
107.850 4.0103 0
108.000 3.9025 0
108.150 3.7948 0
108.300 3.7871 0
108.450 3.6793 0
108.600 3.5716 0
108.750 3.4158 0
108.900 3.2601 0
109.050 3.1043 0
109.200 2.9605 0
109.350 2.9529 0
109.500 2.8451 0
109.650 2.7374 0
109.800 2.6296 0
109.950 2.5218 0
110.100 2.4141 0
110.250 2.3063 0
110.400 2.1985 0
110.550 2.0770 0
110.700 1.9473 0
110.850 1.8184 0
111.000 1.6909 0
111.150 1.5654 0
111.300 1.4425 0
111.450 1.3228 0
111.600 1.3065 0
111.750 1.1935 0
111.900 1.0834 0
112.050 0.9752 0
112.200 0.8671 0
112.350 0.7591 0
112.500 0.6508 0
112.650 0.5418 0
112.800 0.4323 0
112.950 0.3226 0
113.100 0.2135 0
113.250 0.1051 0
113.400 -0.0032 0
113.550 -0.1129 1
113.700 -0.2238 1
113.850 -0.3360 1
114.000 -0.4493 1
114.150 -0.5634 1
114.300 -0.6783 1
114.450 -0.7936 1
114.600 -0.9093 1
114.750 -1.0252 1
114.900 -1.1414 1
115.050 -1.2578 1
115.200 -1.3742 1
115.350 -1.4905 1
115.500 -1.6061 1
115.650 -1.7207 1
115.800 -1.8341 1
115.950 -1.9459 1
116.100 -2.0563 1
116.250 -2.1655 1
116.400 -2.3740 1
116.550 -2.4818 1
116.700 -2.5900 1
116.850 -2.6985 1
117.000 -2.8072 1
117.150 -2.9161 1
117.300 -3.0250 1
117.450 -3.1339 1
117.600 -3.2425 1
117.750 -3.4666 1
117.900 -3.6224 1
118.050 -3.7781 1
118.200 -3.9185 1
118.350 -4.0262 1
118.500 -4.1340 1
118.650 -4.2418 1
118.800 -4.3495 1
118.950 -4.5574 1
119.100 -4.6652 0
119.250 -4.7729 0
119.400 -4.8807 0
119.550 -4.9884 0
119.700 -5.0962 0
119.850 -5.3041 0
120.000 -5.4118 0
120.150 -5.5196 0
120.300 -5.6274 0
120.450 -5.7351 0
120.600 -5.9430 0
120.750 -6.0508 0
120.900 -6.1585 0
121.050 -6.2663 0
121.200 -6.4741 0
121.350 -6.5819 0
121.500 -6.6897 0
121.650 -6.7974 0
121.800 -7.0053 0
121.950 -7.1131 0
122.100 -7.2208 0
122.250 -7.3286 0
122.400 -7.5365 0
122.550 -7.6442 0
122.700 -7.7520 0
122.850 -7.8597 0
123.000 -7.9675 0
123.150 -8.1754 0
123.300 -8.2831 0
123.450 -8.3909 0
123.600 -8.4987 0
123.750 -8.6064 0
123.900 -8.6141 0
124.050 -8.7218 0
124.200 -8.8296 0
124.350 -8.8373 0
124.500 -8.9450 0
124.650 -9.0528 0
124.800 -9.0604 0
124.950 -9.1682 0
125.100 -9.2760 0
125.250 -9.3837 0
125.400 -9.3914 0
125.550 -9.4991 0
125.700 -9.6069 0
125.850 -9.7147 0
126.000 -9.8224 0
126.150 -9.8301 0
126.300 -9.9378 0
126.450 -10.0456 0
126.600 -10.1534 0
126.750 -10.2611 0
126.900 -10.3689 0
127.050 -10.3765 0
127.200 -10.4843 0
127.350 -10.5921 0
127.500 -10.6998 0
127.650 -10.8076 0
127.800 -10.9153 0
127.950 -11.0231 0
128.100 -11.0308 0
128.250 -11.1385 0
128.400 -11.2463 0
128.550 -11.3540 0
128.700 -11.4618 0
128.850 -11.5696 0
129.000 -11.5772 0
129.150 -11.6850 0
129.300 -11.7928 0
129.450 -11.9005 0
129.600 -12.0083 0
129.750 -12.0159 0
129.900 -12.1237 0
130.050 -12.2315 0
130.200 -12.2391 0
130.350 -12.3469 0
130.500 -12.3545 0
130.650 -12.4623 0
130.800 -12.5700 0
130.950 -12.5777 0
131.100 -12.6855 0
131.250 -12.6931 0
131.400 -12.8009 0
131.550 -12.9086 0
131.700 -12.9163 0
131.850 -13.0241 0
132.000 -13.1318 0
132.150 -13.1395 0
132.300 -13.2472 0
132.450 -13.3550 0
132.600 -13.3626 0
132.750 -13.4704 0
132.900 -13.5782 0
133.050 -13.5858 0
133.200 -13.6936 0
133.350 -13.8013 0
133.500 -13.8090 0
133.650 -13.9168 0
133.800 -14.0245 0
133.950 -14.1323 0
134.100 -14.1399 0
134.250 -14.2477 0
134.400 -14.3555 0
134.550 -14.3631 0
134.700 -14.4709 0
134.850 -14.5786 0
135.000 -14.5863 0
135.150 -14.6941 0
135.300 -14.8018 0
135.450 -14.9096 0
135.600 -14.9172 0
135.750 -15.0250 0
135.900 -15.1328 0
136.050 -15.1404 0
136.200 -15.2482 0
136.350 -15.3559 0
136.500 -15.4637 0
136.650 -15.4713 0
136.800 -15.5791 0
136.950 -15.6869 0
137.100 -15.7946 0
137.250 -15.8023 0
137.400 -15.9100 0
137.550 -16.0178 0
137.700 -16.1256 0
137.850 -16.1332 0
138.000 -16.2410 0
138.150 -16.3487 0
138.300 -16.4565 0
138.450 -16.5643 0
138.600 -16.5719 0
138.750 -16.6797 0
138.900 -16.7874 0
139.050 -16.8952 0
139.200 -16.9029 0
139.350 -17.0106 0
139.500 -17.1184 0
139.650 -17.1260 0
139.800 -17.2338 0
139.950 -17.3416 0
140.100 -17.3492 0
140.250 -17.4570 0
140.400 -17.4646 0
140.550 -17.5724 0
140.700 -17.6802 0
140.850 -17.6878 0
141.000 -17.7956 0
141.150 -17.9033 0
141.300 -17.9110 0
141.450 -18.0187 0
141.600 -18.1265 0
141.750 -18.1342 0
141.900 -18.2419 0
142.050 -18.3497 0
142.200 -18.4575 0
142.350 -18.4651 0
142.500 -18.5729 0
142.650 -18.6806 0
142.800 -18.7884 0
142.950 -18.7960 0
143.100 -18.9038 0
143.250 -19.0116 0
143.400 -19.0192 0
143.550 -19.1270 0
143.700 -19.2347 0
143.850 -19.2424 0
144.000 -19.3502 0
144.150 -19.3578 0
144.300 -19.4656 0
144.450 -19.4732 0
144.600 -19.5810 0
144.750 -19.5886 0
144.900 -19.6964 0
145.050 -19.8042 0
145.200 -19.8118 0
145.350 -19.9196 0
145.500 -19.9272 0
145.650 -20.0350 0
145.800 -20.1428 0
145.950 -20.1504 0
146.100 -20.2582 0
146.250 -20.3659 0
146.400 -20.3736 0
146.550 -20.4814 0
146.700 -20.5891 0
146.850 -20.5968 0
147.000 -20.7045 0
147.150 -20.8123 0
147.300 -20.8199 0
147.450 -20.9277 0
147.600 -20.9354 0
147.750 -21.0431 0
147.900 -21.1509 0
148.050 -21.1585 0
148.200 -21.2663 0
148.350 -21.3741 0
148.500 -21.3817 0
148.650 -21.4895 0
148.800 -21.5972 0
148.950 -21.7050 0
149.100 -21.7127 0
149.250 -21.8204 0
149.400 -21.9282 0
149.550 -21.9358 0
149.700 -22.0436 0
149.850 -22.1514 0
150.000 -22.2591 0
150.150 -22.2668 0
150.300 -22.3745 0
150.450 -22.4823 0
150.600 -22.5901 0
150.750 -22.5977 0
150.900 -22.7055 0
151.050 -22.8132 0
151.200 -22.9210 0
151.350 -22.9286 0
151.500 -23.0364 0
151.650 -23.1442 0
151.800 -23.2519 0
151.950 -23.2596 1
152.100 -23.3673 1
152.250 -23.4751 1
152.400 -23.5829 1
152.550 -23.5905 1
152.700 -23.6983 1
152.850 -23.8060 1
153.000 -23.9138 1
153.150 -24.0216 1
153.300 -24.0292 1
153.450 -24.1370 1
153.600 -24.2447 1
153.750 -24.3525 1
153.900 -24.4603 1
154.050 -24.5680 1
154.200 -24.5757 1
154.350 -24.6834 1
154.500 -24.7912 1
154.650 -24.8990 1
154.800 -25.0067 1
154.950 -25.1145 1
155.100 -25.2223 1
155.250 -25.3300 1
155.400 -25.4378 1
155.550 -25.4454 1
155.700 -25.5532 1
155.850 -25.6610 1
156.000 -25.7687 1
156.150 -25.8765 1
156.300 -25.9842 1
156.450 -26.0920 1
156.600 -26.1998 1
156.750 -26.3075 1
156.900 -26.4153 1
157.050 -26.5231 1
157.200 -26.6308 1
157.350 -26.7386 1
157.500 -26.8463 1
157.650 -26.9541 1
157.800 -27.0619 1
157.950 -27.1696 1
158.100 -27.2774 1
158.250 -27.3852 1
158.400 -27.4929 1
158.550 -27.6007 1
158.700 -27.7084 1
158.850 -27.8162 1
159.000 -27.9240 1
159.150 -28.0317 1
159.300 -28.1395 1
159.450 -28.2473 1
159.600 -28.3550 1
159.750 -28.4628 1
159.900 -28.5705 1
160.050 -28.6783 1
160.200 -28.7861 1
160.350 -28.8938 1
160.500 -29.0016 1
160.650 -29.1093 1
160.800 -29.2171 1
160.950 -29.3249 1
161.100 -29.4326 1
161.250 -29.5404 1
161.400 -29.7483 1
161.550 -29.8560 1
161.700 -29.9638 1
161.850 -30.0716 1
162.000 -30.1793 1
162.150 -30.2871 1
162.300 -30.3948 1
162.450 -30.5026 1
162.600 -30.6104 1
162.750 -30.7181 1
162.900 -30.8259 1
163.050 -31.0338 1
163.200 -31.1415 1
163.350 -31.2493 1
163.500 -31.3570 1
163.650 -31.4648 1
163.800 -31.5726 1
163.950 -31.6803 1
164.100 -31.7881 1
164.250 -31.7957 1
164.400 -31.9035 1
164.550 -32.0113 1
164.700 -32.1190 1
164.850 -32.2268 1
165.000 -32.3346 1
165.150 -32.5424 1
165.300 -32.6502 1
165.450 -32.7579 1
165.600 -32.8657 1
165.750 -32.9735 1
165.900 -33.0812 1
166.050 -33.1890 1
166.200 -33.2968 1
166.350 -33.4045 1
166.500 -33.5123 1
166.650 -33.6200 1
166.800 -33.7278 1
166.950 -33.8356 1
167.100 -33.9433 1
167.250 -34.1512 1
167.400 -34.2590 1
167.550 -34.3667 1
167.700 -34.4745 1
167.850 -34.5823 1
168.000 -34.6900 1
168.150 -34.7978 1
168.300 -34.9055 1
168.450 -35.0133 1
168.600 -35.1211 1
168.750 -35.2288 1
168.900 -35.3366 1
169.050 -35.4443 1
169.200 -35.5521 1
169.350 -35.6599 0
169.500 -35.7676 0
169.650 -35.8754 0
169.800 -35.9832 0
169.950 -36.0909 0
170.100 -36.1987 0
170.250 -36.3064 0
170.400 -36.4142 0
170.550 -36.5220 0
170.700 -36.6297 0
170.850 -36.7375 0
171.000 36.6348 0
171.150 36.5270 0
171.300 36.4193 0
171.450 36.3115 0
171.600 36.2037 0
171.750 36.0960 0
171.900 35.9882 0
172.050 35.8805 0
172.200 35.7727 0
172.350 35.6649 0
172.500 35.5572 0
172.650 35.3493 0
172.800 35.2415 0
172.950 35.1338 0
173.100 35.0260 0
173.250 34.9183 0
173.400 34.8105 0
173.550 34.7027 0
173.700 34.5950 0
173.850 34.4872 0
174.000 34.3794 0
174.150 34.2717 0
174.300 34.1639 0
174.450 33.9561 0
174.600 33.8483 0
174.750 33.7405 0
174.900 33.6328 0
175.050 33.5250 0
175.200 33.4172 0
175.350 33.2094 0
175.500 33.1016 0
175.650 32.9938 0
175.800 32.8861 0
175.950 32.7783 0
176.100 32.6706 0
176.250 32.4627 0
176.400 32.3549 0
176.550 32.2472 0
176.700 32.1394 0
176.850 32.0316 0
177.000 31.9239 0
177.150 31.7160 0
177.300 31.6082 0
177.450 31.5005 0
177.600 31.3927 0
177.750 31.2850 0
177.900 31.1772 0
178.050 31.0694 0
178.200 30.9617 0
178.350 30.8539 0
178.500 30.7462 0
178.650 30.7385 0
178.800 30.5306 0
178.950 30.4229 0
179.100 30.3151 0
179.250 30.2073 0
179.400 30.0996 0
179.550 29.9918 0
179.700 29.8841 0
179.850 29.7763 0
