t g d
0.000 -8.0159 1
0.150 -7.9633 1
0.300 -7.9108 1
0.450 -7.8583 1
0.600 -7.7057 1
0.750 -7.6531 1
0.900 -7.6006 1
1.050 -7.5481 1
1.200 -7.4956 1
1.350 -7.4430 1
1.500 -7.3905 1
1.650 -7.3380 1
1.800 -7.2855 1
1.950 -7.2329 1
2.100 -7.1804 1
2.250 -7.1279 1
2.400 -7.0754 1
2.550 -7.0229 1
2.700 -7.0704 1
2.850 -7.0179 1
3.000 -6.9654 1
3.150 -6.9129 1
3.300 -6.8603 1
3.450 -6.8078 1
3.600 -6.7553 1
3.750 -6.7028 1
3.900 -6.6502 1
4.050 -6.5977 1
4.200 -6.6453 1
4.350 -6.5928 1
4.500 -6.5403 1
4.650 -6.4877 1
4.800 -6.4352 1
4.950 -6.3827 1
5.100 -6.4303 1
5.250 -6.3778 1
5.400 -6.3252 1
5.550 -6.2727 1
5.700 -6.3203 1
5.850 -6.2678 1
6.000 -6.2152 1
6.150 -6.1627 1
6.300 -6.2103 1
6.450 -6.1578 1
6.600 -6.1053 1
6.750 -6.0527 1
6.900 -6.1003 1
7.050 -6.0478 1
7.200 -5.9953 1
7.350 -6.0429 1
7.500 -5.9903 1
7.650 -5.9378 1
7.800 -5.9854 1
7.950 -5.9329 1
8.100 -5.8803 1
8.250 -5.8278 1
8.400 -5.8754 1
8.550 -5.8229 1
8.700 -5.7704 1
8.850 -5.8179 1
9.000 -5.7654 1
9.150 -5.7129 1
9.300 -5.7605 1
9.450 -5.7080 1
9.600 -5.7555 0
9.750 -5.7030 0
9.900 -5.6505 0
10.050 -5.6981 0
10.200 -5.6456 0
10.350 -5.6931 0
10.500 -5.6406 0
10.650 -5.5881 0
10.800 -5.6357 0
10.950 -5.5832 0
11.100 -5.6307 0
11.250 -5.5782 0
11.400 -5.6258 0
11.550 -5.5733 0
11.700 -5.6209 0
11.850 -5.5683 0
12.000 -5.6159 0
12.150 -5.5634 0
12.300 -5.6110 0
12.450 -5.5585 0
12.600 -5.6061 0
12.750 -5.5535 0
12.900 -5.6011 0
13.050 -5.5486 0
13.200 -5.5962 0
13.350 -5.5437 0
13.500 -5.5912 0
13.650 -5.6388 0
13.800 -5.5863 0
13.950 -5.6339 0
14.100 -5.5814 0
14.250 -5.6290 0
14.400 -5.6765 0
14.550 -5.6240 0
14.700 -5.6716 0
14.850 -5.6191 0
15.000 -5.6667 0
15.150 -5.7142 0
15.300 -5.6617 0
15.450 -5.6092 0
15.600 -5.6568 0
15.750 -5.6043 0
15.900 -5.6518 0
16.050 -5.5993 0
16.200 -5.6469 0
16.350 -5.5944 0
16.500 -5.5419 0
16.650 -5.5894 0
16.800 -5.5369 0
16.950 -5.5845 0
17.100 -5.5320 0
17.250 -5.5796 0
17.400 -5.5270 0
17.550 -5.5746 0
17.700 -5.5221 0
17.850 -5.5697 0
18.000 -5.5172 0
18.150 -5.5648 0
18.300 -5.6123 0
18.450 -5.5598 0
18.600 -5.6074 0
18.750 -5.5549 0
18.900 -5.6025 0
19.050 -5.6501 0
19.200 -5.5975 0
19.350 -5.6451 0
19.500 -5.5926 0
19.650 -5.6402 0
19.800 -5.6878 0
19.950 -5.6352 0
20.100 -5.6828 0
20.250 -5.7304 0
20.400 -5.6779 0
20.550 -5.7255 0
20.700 -5.7731 0
20.850 -5.7205 0
21.000 -5.7681 0
21.150 -5.8157 0
21.300 -5.7632 0
21.450 -5.8108 0
21.600 -5.7582 0
21.750 -5.8058 0
21.900 -5.8534 0
22.050 -5.8009 0
22.200 -5.8485 0
22.350 -5.7959 0
22.500 -5.8435 0
22.650 -5.7910 0
22.800 -5.8386 0
22.950 -5.8862 0
23.100 -5.8337 0
23.250 -5.8812 0
23.400 -5.8287 0
23.550 -5.8763 0
23.700 -5.8238 0
23.850 -5.8714 0
24.000 -5.9190 0
24.150 -5.8664 0
24.300 -5.9140 0
24.450 -5.9616 0
24.600 -5.9091 0
24.750 -5.9567 0
24.900 -6.0042 0
25.050 -5.9517 0
25.200 -5.9993 0
25.350 -6.0469 0
25.500 -6.0945 0
25.650 -6.0420 0
25.800 -6.0895 0
25.950 -6.1371 0
26.100 -6.0846 0
26.250 -6.1322 0
26.400 -6.1798 0
26.550 -6.1272 0
26.700 -6.1748 0
26.850 -6.2224 0
27.000 -6.2700 0
27.150 -6.2175 0
27.300 -6.2651 0
27.450 -6.3127 0
27.600 -6.2601 0
27.750 -6.3077 0
27.900 -6.3553 0
28.050 -6.4029 0
28.200 -6.4505 0
28.350 -6.4981 0
28.500 -6.5456 0
28.650 -6.6933 0
28.800 -6.7409 0
28.950 -6.7885 0
29.100 -6.8361 0
29.250 -6.9838 0
29.400 -7.0314 0
29.550 -7.0790 0
29.700 -7.1265 0
29.850 -7.2742 0
30.000 -7.3218 0
30.150 -7.3694 0
30.300 -7.4170 0
30.450 -7.5647 0
30.600 -7.6123 0
30.750 -7.6599 0
30.900 -7.8076 0
31.050 -7.8551 0
31.200 -7.9027 0
31.350 -7.9503 0
31.500 -7.9979 0
31.650 -8.0455 0
31.800 -8.0931 0
31.950 -8.1407 0
32.100 -8.1882 0
32.250 -8.2358 0
32.400 -8.2834 0
32.550 -8.3310 0
32.700 -8.4787 0
32.850 -8.5263 0
33.000 -8.5739 0
33.150 -8.6214 0
33.300 -8.6690 0
33.450 -8.7166 1
33.600 -8.7642 1
33.750 -8.9119 1
33.900 -8.9595 1
34.050 -9.0071 1
34.200 -9.0547 1
34.350 -9.1022 1
34.500 -9.1498 1
34.650 -9.1974 1
34.800 -9.2450 1
34.950 -9.2926 1
35.100 -9.3402 1
35.250 -9.3878 1
35.400 -9.4353 1
35.550 -9.4876 1
35.700 -9.5480 1
35.850 -9.6122 1
36.000 -9.6760 1
36.150 -9.7360 1
36.300 -9.7883 1
36.450 -9.8359 1
36.600 -9.8835 1
36.750 -9.9311 1
36.900 -9.9787 1
37.050 -10.0262 1
37.200 -10.0738 1
37.350 -10.1214 0
37.500 -10.1690 0
37.650 -10.2166 0
37.800 -10.2642 0
37.950 -10.3118 0
38.100 -10.3593 0
38.250 -10.4069 0
38.400 -10.4545 0
38.550 -10.5021 0
38.700 -10.5497 0
38.850 -10.5973 0
39.000 -10.6449 0
39.150 -10.6924 0
39.300 -10.7400 0
39.450 -10.7876 0
39.600 -10.8352 0
39.750 -10.8828 0
39.900 -10.9304 0
40.050 -10.9821 0
40.200 -11.0471 0
40.350 -11.1201 0
40.500 -11.1967 0
40.650 -11.3727 0
40.800 -11.4438 0
40.950 -11.5061 0
41.100 -11.5564 0
41.250 -11.6040 0
41.400 -11.6515 0
41.550 -11.6991 0
41.700 -11.7467 0
41.850 -11.7943 0
42.000 -11.8419 0
42.150 -11.8895 0
42.300 -11.9371 0
42.450 -11.9846 0
42.600 -12.0322 1
42.750 -12.0798 1
42.900 -12.1274 1
43.050 -12.1750 1
43.200 -12.3227 1
43.350 -12.3703 1
43.500 -12.4179 1
43.650 -12.4654 1
43.800 -12.5130 1
43.950 -12.5606 1
44.100 -12.6082 1
44.250 -12.7559 1
44.400 -12.8035 1
44.550 -12.8511 1
44.700 -12.8986 1
44.850 -12.9462 1
45.000 -12.9938 1
45.150 -13.1415 1
45.300 -13.1891 1
45.450 -13.2367 1
45.600 -13.2843 1
45.750 -13.4320 1
45.900 -13.4795 1
46.050 -13.5271 1
46.200 -13.5747 1
46.350 -13.7224 1
46.500 -13.7700 1
46.650 -13.8176 1
46.800 -13.8652 1
46.950 -13.9128 1
47.100 -14.0605 1
47.250 -14.1080 1
47.400 -14.1556 1
47.550 -14.2032 1
47.700 -14.3509 1
47.850 -14.3985 1
48.000 -14.4461 1
48.150 -14.4937 1
48.300 -14.6414 1
48.450 -14.6889 1
48.600 -14.7365 1
48.750 -14.7841 1
48.900 -14.9318 1
49.050 -14.9794 1
49.200 -15.0270 1
49.350 -15.1747 1
49.500 -15.2223 1
49.650 -15.2698 1
49.800 -15.3174 1
49.950 -15.4651 1
50.100 -15.5127 1
50.250 -15.5603 0
50.400 -15.7080 0
50.550 -15.7556 0
50.700 -15.8032 0
50.850 -15.9508 0
51.000 -15.9984 0
51.150 -16.1461 0
51.300 -16.1937 0
51.450 -16.2413 0
51.600 -16.3890 0
51.750 -16.4366 0
51.900 -16.4842 0
52.050 -16.6319 0
52.200 -16.6794 0
52.350 -16.7270 0
52.500 -16.8747 0
52.650 -16.9223 0
52.800 -16.9699 0
52.950 -17.0175 0
53.100 -17.1652 0
53.250 -17.2128 0
53.400 -17.2603 0
53.550 -17.3079 0
53.700 -17.3555 0
53.850 -17.4031 0
54.000 -17.5508 0
54.150 -17.5984 0
54.300 -17.6460 0
54.450 -17.6936 0
54.600 -17.7411 0
54.750 -17.8888 0
54.900 -17.9364 0
55.050 -17.9840 0
55.200 -18.0316 0
55.350 -18.1793 0
55.500 -18.2269 0
55.650 -18.2745 0
55.800 -18.4222 0
55.950 -18.4697 0
56.100 -18.5173 0
56.250 -18.5649 0
56.400 -18.7126 0
56.550 -18.7602 0
56.700 -18.8078 0
56.850 -18.9555 0
57.000 -19.0031 0
57.150 -19.0506 0
57.300 -19.0982 0
57.450 -19.2459 0
57.600 -19.2935 0
57.750 -19.3411 0
57.900 -19.3887 0
58.050 -19.3362 0
58.200 -19.3837 0
58.350 -19.4313 0
58.500 -19.4789 0
58.650 -19.5265 0
58.800 -19.5741 0
58.950 -19.6217 0
59.100 -19.5691 0
59.250 -19.6167 0
59.400 -19.6643 0
59.550 -19.7119 0
59.700 -19.7595 0
59.850 -19.8071 0
60.000 -19.8547 0
60.150 -19.9022 0
60.300 -19.9498 0
60.450 -19.9974 0
60.600 -20.0450 0
60.750 -20.0926 0
60.900 -20.0401 0
61.050 -20.0876 0
61.200 -20.1352 0
61.350 -20.1828 0
61.500 -20.2304 0
61.650 -20.2780 0
61.800 -20.3256 0
61.950 -20.3732 0
62.100 -20.4207 0
62.250 -20.4683 0
62.400 -20.5159 0
62.550 -20.5635 0
62.700 -20.6111 0
62.850 -20.6587 0
63.000 -20.7063 0
63.150 -20.7538 0
63.300 -20.8014 0
63.450 -20.8490 0
63.600 -20.8966 0
63.750 -20.9442 0
63.900 -20.8917 0
64.050 -20.9392 0
64.200 -20.9868 0
64.350 -21.1345 0
64.500 -21.1821 0
64.650 -21.2297 0
64.800 -21.2773 0
64.950 -21.3249 0
65.100 -21.3724 0
65.250 -21.4200 0
65.400 -21.4676 0
65.550 -21.5152 0
65.700 -21.5628 0
65.850 -21.6104 0
66.000 -21.6580 0
66.150 -21.7055 0
66.300 -21.7531 0
66.450 -21.8007 0
66.600 -21.8483 0
66.750 -21.8959 0
66.900 -21.9435 0
67.050 -21.9911 0
67.200 -22.0386 0
67.350 -21.9861 0
67.500 -22.0337 0
67.650 -22.0813 0
67.800 -22.1289 0
67.950 -22.0764 0
68.100 -22.1239 0
68.250 -22.1715 0
68.400 -22.2191 0
68.550 -22.2667 0
68.700 -22.3143 0
68.850 -22.3619 0
69.000 -22.4095 0
69.150 -22.4570 0
69.300 -22.5046 0
69.450 -22.5522 0
69.600 -22.5998 0
69.750 -22.6474 0
69.900 -22.5949 0
70.050 -22.6424 0
70.200 -22.6900 0
70.350 -22.7376 0
70.500 -22.7852 0
70.650 -22.8328 0
70.800 -22.8804 0
70.950 -22.9280 0
71.100 -22.8754 0
71.250 -22.9230 0
71.400 -22.9706 0
71.550 -22.9181 0
71.700 -22.9657 0
71.850 -23.0132 0
72.000 -22.9607 0
72.150 -23.0083 0
72.300 -23.0559 0
72.450 -23.1035 0
72.600 -23.1511 0
72.750 -23.1987 0
72.900 -23.2462 0
73.050 -23.2938 0
73.200 -23.3414 0
73.350 -23.3890 0
73.500 -23.3365 0
73.650 -23.3841 0
73.800 -23.4316 0
73.950 -23.4792 0
74.100 -23.4267 0
74.250 -23.4743 0
74.400 -23.5219 0
74.550 -23.5695 0
74.700 -23.6170 0
74.850 -23.5645 0
75.000 -23.6121 0
75.150 -23.6597 0
75.300 -23.7073 0
75.450 -23.7549 0
75.600 -23.8024 0
75.750 -23.8500 0
75.900 -23.7975 0
76.050 -23.8451 0
76.200 -23.8927 0
76.350 -23.9403 0
76.500 -23.9878 0
76.650 -24.0354 0
76.800 -24.0830 0
76.950 -24.1306 0
77.100 -24.1782 0
77.250 -24.2258 0
77.400 -24.2734 0
77.550 -24.3209 0
77.700 -24.2684 0
77.850 -24.3160 0
78.000 -24.3636 0
78.150 -24.4112 0
78.300 -24.4588 0
78.450 -24.5064 1
78.600 -24.5539 1
78.750 -24.6015 1
78.900 -24.6491 1
79.050 -24.6967 1
79.200 -24.6442 1
79.350 -24.6968 1
79.500 -24.7574 1
79.650 -24.8215 1
79.800 -24.8854 1
79.950 -24.9451 1
80.100 -24.9972 1
80.250 -25.0447 1
80.400 -25.0923 1
80.550 -25.1399 1
80.700 -25.1875 1
80.850 -25.2351 1
81.000 -25.2827 1
81.150 -25.3303 1
81.300 -25.4780 1
81.450 -25.5255 1
81.600 -25.5731 1
81.750 -25.6207 1
81.900 -25.6683 1
82.050 -25.7159 1
82.200 -25.7635 1
82.350 -25.8111 1
82.500 -25.8586 1
82.650 -25.9062 1
82.800 -25.9538 1
82.950 -26.1015 1
83.100 -26.1491 1
83.250 -26.1967 1
83.400 -26.2443 1
83.550 -26.2918 1
83.700 -26.3394 1
83.850 -26.3915 1
84.000 -26.4568 1
84.150 -26.5300 1
84.300 -26.6067 1
84.450 -26.7825 1
84.600 -26.8534 1
84.750 -26.9154 1
84.900 -26.9654 1
85.050 -27.0130 1
85.200 -27.0605 1
85.350 -27.1081 1
85.500 -27.1557 1
85.650 -27.3034 1
85.800 -27.3510 1
85.950 -27.3986 1
86.100 -27.4462 1
86.250 -27.4938 1
86.400 -27.6414 1
86.550 -27.6890 1
86.700 -27.7366 1
86.850 -27.7842 1
87.000 -27.8318 1
87.150 -27.9795 1
87.300 -28.0271 1
87.450 -28.0747 1
87.600 -28.1222 1
87.750 -28.2699 1
87.900 -28.3175 1
88.050 -28.3651 1
88.200 -28.4127 1
88.350 -28.5604 1
88.500 -28.6080 1
88.650 -28.6556 1
88.800 -28.8033 1
88.950 -28.8508 1
89.100 -28.8984 1
89.250 -28.9460 1
89.400 -28.9936 1
89.550 -29.0412 1
89.700 -29.0888 1
89.850 -29.1363 1
90.000 -29.2840 1
90.150 -29.3316 1
90.300 -29.3792 1
90.450 -29.4268 1
90.600 -29.4744 1
90.750 -29.5220 1
90.900 -29.5696 1
91.050 -29.6171 1
91.200 -29.6647 1
91.350 -29.8124 1
91.500 -29.8600 1
91.650 -29.9076 1
91.800 -29.9552 1
91.950 -30.0028 1
92.100 -30.1505 1
92.250 -30.1980 1
92.400 -30.2456 1
92.550 -30.2932 1
92.700 -30.4409 1
92.850 -30.4885 1
93.000 -30.5361 1
93.150 -30.5837 1
93.300 -30.6312 1
93.450 -30.7789 0
93.600 -30.8265 0
93.750 -30.8741 0
93.900 -30.9217 0
94.050 -30.9693 0
94.200 -31.1170 0
94.350 -31.1646 0
94.500 -31.1120 0
94.650 -31.1596 0
94.800 -31.2072 0
94.950 -31.2548 0
95.100 -31.2023 0
95.250 -31.2499 0
95.400 -31.2974 0
95.550 -31.2449 0
95.700 -31.2925 0
95.850 -31.3401 0
96.000 -31.3877 0
96.150 -31.3352 0
96.300 -31.3827 0
96.450 -31.4303 0
96.600 -31.3778 0
96.750 -31.4254 0
96.900 -31.4730 0
97.050 -31.5206 0
97.200 -31.5681 0
97.350 -31.5156 0
97.500 -31.5632 0
97.650 -31.6108 0
97.800 -31.6584 0
97.950 -31.7060 0
98.100 -31.7535 0
98.250 -31.7010 0
98.400 -31.7486 0
98.550 -31.7962 0
98.700 -31.8438 0
98.850 -31.8914 0
99.000 -31.8388 0
99.150 -31.8864 0
99.300 -31.9340 0
99.450 -31.9816 0
99.600 -32.0292 0
99.750 -31.9767 0
99.900 -32.0242 0
100.050 -32.0718 0
100.200 -32.1194 0
100.350 -32.1670 0
100.500 -32.2146 0
100.650 -32.2622 0
100.800 -32.3098 0
100.950 -32.4575 0
101.100 -32.5050 0
101.250 -32.5526 0
101.400 -32.6002 0
101.550 -32.7479 0
101.700 -32.7955 0
101.850 -32.8431 0
102.000 -32.8907 0
102.150 -33.0384 0
102.300 -33.0859 0
102.450 -33.1335 0
102.600 -33.1811 0
102.750 -33.3288 0
102.900 -33.3764 0
103.050 -33.4240 0
103.200 -33.4716 0
103.350 -33.6193 0
103.500 -33.6668 0
103.650 -33.7144 0
103.800 -33.7620 0
103.950 -33.8096 0
104.100 -33.8572 0
104.250 -33.9048 0
104.400 -33.9524 0
104.550 -33.9999 0
104.700 -34.0475 0
104.850 -34.0951 0
105.000 -34.1427 0
105.150 -34.1903 0
105.300 -34.2379 0
105.450 -34.3856 0
105.600 -34.4331 0
105.750 -34.4807 0
105.900 -34.5283 0
106.050 -34.5759 0
106.200 -34.6235 0
106.350 -34.6711 0
106.500 -34.7187 0
106.650 -34.8664 0
106.800 -34.9139 0
106.950 -34.9615 0
107.100 -35.0091 0
107.250 -35.0567 0
107.400 -35.1043 0
107.550 -35.1519 0
107.700 -35.1995 0
107.850 -35.1469 0
108.000 -35.1945 0
108.150 -35.2421 0
108.300 -35.2897 0
108.450 -35.3373 0
108.600 -35.3849 0
108.750 -35.4324 0
108.900 -35.4800 0
109.050 -35.5276 0
109.200 -35.6753 0
109.350 -35.7229 0
109.500 -35.7705 0
109.650 -35.8181 0
109.800 -35.8656 0
109.950 -35.9132 0
110.100 -35.8607 0
110.250 -35.9083 0
110.400 -35.9559 0
110.550 -36.0035 0
110.700 -36.0511 0
110.850 -36.0986 0
111.000 -36.1462 0
111.150 -36.1938 0
111.300 -36.2414 0
111.450 -36.2890 0
111.600 -36.3366 0
111.750 -36.3841 0
111.900 -36.4317 0
112.050 -36.4793 0
112.200 -36.5269 0
112.350 -36.5745 0
112.500 -36.6221 0
112.650 -36.6697 0
112.800 -36.7172 0
112.950 -36.7648 0
113.100 36.6676 0
113.250 36.6200 0
113.400 36.5725 0
113.550 36.5249 0
113.700 36.4773 0
113.850 36.4297 0
114.000 36.3821 0
114.150 36.3345 0
114.300 36.2870 0
114.450 36.2394 0
114.600 36.1918 0
114.750 36.1442 0
114.900 36.0966 0
115.050 36.0490 0
115.200 36.0014 0
115.350 35.9539 0
115.500 35.9063 0
115.650 35.8587 0
115.800 35.7110 0
115.950 35.6634 0
116.100 35.6158 0
116.250 35.5682 0
116.400 35.5206 0
116.550 35.4731 0
116.700 35.4255 0
116.850 35.2778 0
117.000 35.2302 0
117.150 35.1826 0
117.300 35.1350 0
117.450 35.0874 0
117.600 35.0399 1
117.750 34.8922 1
117.900 34.8446 1
118.050 34.7970 1
118.200 34.7494 1
118.350 34.6017 1
118.500 34.5541 1
118.650 34.5065 1
118.800 34.4590 1
118.950 34.4114 1
119.100 34.2637 1
119.250 34.2161 1
119.400 34.1685 1
119.550 34.1209 1
119.700 33.9732 1
119.850 33.9256 1
120.000 33.8781 1
120.150 33.8305 1
120.300 33.7829 1
120.450 33.6352 1
120.600 33.5876 1
120.750 33.5400 1
120.900 33.4924 1
121.050 33.3447 1
121.200 33.2971 1
121.350 33.2496 1
121.500 33.2020 1
121.650 33.0543 1
121.800 33.0067 1
121.950 32.9591 1
122.100 32.8114 1
122.250 32.7638 1
122.400 32.7162 1
122.550 32.5686 1
122.700 32.5210 1
122.850 32.4734 1
123.000 32.3257 1
123.150 32.2728 1
123.300 32.2120 1
123.450 32.0477 1
123.600 31.9839 1
123.750 31.9243 1
123.900 31.7725 1
124.050 31.7249 1
124.200 31.5772 1
124.350 31.5296 1
124.500 31.4820 1
124.650 31.3343 1
124.800 31.2868 1
124.950 31.2392 1
125.100 31.1916 1
125.250 31.0439 1
125.400 30.9963 1
125.550 30.9487 1
125.700 30.9011 1
125.850 30.8535 1
126.000 30.7059 1
126.150 30.6583 1
126.300 30.6107 1
126.450 30.5631 1
126.600 30.5155 1
126.750 30.3678 1
126.900 30.3202 1
127.050 30.2726 1
127.200 30.2251 1
127.350 30.0774 1
127.500 30.0298 1
127.650 29.9774 1
127.800 29.9117 1
127.950 29.7382 1
128.100 29.6616 1
128.250 29.5859 1
128.400 29.4151 1
128.550 29.3534 1
128.700 29.3038 1
128.850 29.1561 1
129.000 29.1086 1
129.150 29.0610 1
129.300 29.0134 1
129.450 28.8657 1
129.600 28.8181 1
129.750 28.7705 1
129.900 28.7229 1
130.050 28.6753 1
130.200 28.5277 1
130.350 28.4801 1
130.500 28.4325 1
130.650 28.4850 1
130.800 28.4374 1
130.950 28.3898 1
131.100 28.3422 1
131.250 28.2947 1
131.400 28.2471 1
131.550 28.1995 1
131.700 28.1519 1
131.850 28.1043 1
132.000 28.0567 1
132.150 28.0092 1
132.300 27.9616 1
132.450 27.9140 1
132.600 27.8664 1
132.750 27.8188 1
132.900 27.6711 1
133.050 27.6235 1
133.200 27.5759 1
133.350 27.5284 1
133.500 27.4808 1
133.650 27.4332 1
133.800 27.3856 0
133.950 27.3380 0
134.100 27.2904 0
134.250 27.2428 0
134.400 27.1953 0
134.550 27.1477 0
134.700 27.1001 0
134.850 27.0525 0
135.000 26.9048 0
135.150 26.8572 0
135.300 26.8096 0
135.450 26.7621 0
135.600 26.7145 0
135.750 26.6669 0
135.900 26.6193 0
136.050 26.5717 0
136.200 26.5241 0
136.350 26.4765 0
136.500 26.4290 0
136.650 26.3814 0
136.800 26.3338 0
136.950 26.1861 0
137.100 26.1385 0
137.250 26.0909 0
137.400 26.0433 0
137.550 25.9957 0
137.700 25.9482 0
137.850 25.9006 0
138.000 25.8530 0
138.150 25.7053 0
138.300 25.6577 0
138.450 25.6101 0
138.600 25.5625 0
138.750 25.5150 0
138.900 25.4674 0
139.050 25.4198 0
139.200 25.3722 0
139.350 25.3246 0
139.500 25.2770 0
139.650 25.3296 0
139.800 25.2820 0
139.950 25.2344 0
140.100 25.1868 0
140.250 25.1392 0
140.400 25.0916 0
140.550 25.0440 0
140.700 24.9965 0
140.850 24.9489 0
141.000 24.9013 0
141.150 24.8537 0
141.300 24.8061 0
141.450 24.7585 0
141.600 24.7109 0
141.750 24.6634 0
141.900 24.6158 0
142.050 24.5682 0
142.200 24.5206 0
142.350 24.4730 0
142.500 24.4254 0
142.650 24.3778 0
142.800 24.3303 0
142.950 24.2827 0
143.100 24.3352 0
143.250 24.2876 0
143.400 24.2400 0
143.550 24.1924 0
143.700 24.2450 0
143.850 24.1974 0
144.000 24.1498 0
144.150 24.1022 0
144.300 24.0546 0
144.450 24.0070 0
144.600 23.9595 0
144.750 23.9119 0
144.900 23.8643 0
145.050 23.8167 0
145.200 23.7691 0
145.350 23.7215 0
145.500 23.6739 0
145.650 23.6264 0
145.800 23.6789 0
145.950 23.6313 0
146.100 23.5837 0
146.250 23.5361 0
146.400 23.4885 0
146.550 23.4409 0
146.700 23.4935 0
146.850 23.4459 0
147.000 23.3983 0
147.150 23.3507 0
147.300 23.3031 0
147.450 23.2555 0
147.600 23.2080 0
147.750 23.1604 0
147.900 23.1128 0
148.050 23.0652 0
148.200 23.0176 0
148.350 22.9700 0
148.500 22.9224 0
148.650 22.8749 0
148.800 22.8273 0
148.950 22.7797 0
149.100 22.7321 0
149.250 22.6845 0
149.400 22.6369 0
149.550 22.5893 0
149.700 22.5418 0
149.850 22.4942 0
150.000 22.5467 0
150.150 22.4991 0
150.300 22.4515 0
150.450 22.4039 0
150.600 22.3564 0
150.750 22.3088 0
150.900 22.2612 0
151.050 22.2136 0
151.200 22.1660 0
151.350 22.1184 0
151.500 22.0708 0
151.650 22.0233 0
151.800 21.9757 0
151.950 21.9281 0
152.100 21.7804 0
152.250 21.7328 0
152.400 21.6852 0
152.550 21.6376 0
152.700 21.5901 0
152.850 21.5425 0
153.000 21.4949 0
153.150 21.4473 0
153.300 21.3997 0
153.450 21.3521 0
153.600 21.2044 0
153.750 21.1568 0
153.900 21.1093 0
154.050 21.0617 0
154.200 21.0141 0
154.350 20.9665 1
154.500 20.9189 1
154.650 20.7712 1
154.800 20.7236 1
154.950 20.6761 1
155.100 20.6285 1
155.250 20.5809 1
155.400 20.5333 1
155.550 20.4857 1
155.700 20.3380 1
155.850 20.2904 1
156.000 20.2428 1
156.150 20.1953 1
156.300 20.1477 1
156.450 20.1001 1
156.600 19.9524 1
156.750 19.9048 1
156.900 19.8572 1
157.050 19.8096 1
157.200 19.7621 1
157.350 19.6144 1
157.500 19.5668 1
157.650 19.5192 1
157.800 19.4716 1
157.950 19.3239 1
158.100 19.2763 1
158.250 19.2287 1
158.400 19.1812 1
158.550 19.0335 1
158.700 18.9859 1
158.850 18.9383 1
159.000 18.8907 1
159.150 18.7430 1
159.300 18.6954 1
159.450 18.6478 1
159.600 18.5001 1
159.750 18.4526 1
159.900 18.4050 1
160.050 18.2573 1
160.200 18.2097 1
160.350 18.1621 1
160.500 18.1145 1
160.650 18.0669 1
160.800 17.9192 1
160.950 17.8717 1
161.100 17.8241 1
161.250 17.7765 1
161.400 17.7289 1
161.550 17.6813 1
161.700 17.6337 1
161.850 17.5861 1
162.000 17.5386 1
162.150 17.4910 1
162.300 17.4434 1
162.450 17.2957 1
162.600 17.2481 1
162.750 17.2005 1
162.900 17.1529 1
163.050 17.1054 1
163.200 17.0578 1
163.350 16.9101 1
163.500 16.8625 1
163.650 16.8149 1
163.800 16.7673 1
163.950 16.6196 1
164.100 16.5720 1
164.250 16.5245 1
164.400 16.4769 1
164.550 16.3292 1
164.700 16.2816 1
164.850 16.2340 1
165.000 16.1864 1
165.150 16.1388 1
165.300 15.9911 1
165.450 15.9435 1
165.600 15.8960 1
165.750 15.8484 1
165.900 15.8008 1
166.050 15.7532 1
166.200 15.7056 1
166.350 15.6580 1
166.500 15.6105 1
166.650 15.5629 1
166.800 15.5153 1
166.950 15.4620 1
167.100 15.4011 1
167.250 15.4369 1
167.400 15.3733 1
167.550 15.3139 1
167.700 15.2624 1
167.850 15.2149 1
168.000 15.1673 1
168.150 15.1197 1
168.300 15.0721 1
168.450 15.0245 1
168.600 14.9769 1
168.750 14.9293 1
168.900 14.8818 1
169.050 14.8342 1
169.200 14.7866 1
169.350 14.7390 1
169.500 14.6914 1
169.650 14.6438 1
169.800 14.5962 1
169.950 14.5487 1
170.100 14.5011 1
170.250 14.4535 1
170.400 14.5060 1
170.550 14.4584 1
170.700 14.4108 1
170.850 14.3633 1
171.000 14.3157 1
171.150 14.2681 0
171.300 14.2205 0
171.450 14.1677 0
171.600 14.1018 0
171.750 14.0282 0
171.900 13.9515 0
172.050 13.8760 0
172.200 13.8055 0
172.350 13.7442 0
172.500 13.6949 0
172.650 13.6473 0
172.800 13.5997 0
172.950 13.5521 0
173.100 13.5045 0
173.250 13.4570 0
173.400 13.4094 0
173.550 13.3618 0
173.700 13.3142 0
173.850 13.2666 0
174.000 13.2190 0
174.150 13.0713 0
174.300 13.0237 0
174.450 12.9762 0
174.600 12.9286 0
174.750 12.8810 0
174.900 12.8334 0
175.050 12.7858 0
175.200 12.7382 0
175.350 12.6906 0
175.500 12.7432 0
175.650 12.6956 0
175.800 12.6480 0
175.950 12.6004 0
176.100 12.6529 0
176.250 12.6054 0
176.400 12.5578 0
176.550 12.5102 0
176.700 12.4626 0
176.850 12.4150 0
177.000 12.3674 0
177.150 12.3198 0
177.300 12.2723 0
177.450 12.2247 0
177.600 12.1771 0
177.750 12.2296 0
177.900 12.1820 0
178.050 12.1344 0
178.200 12.0869 0
178.350 12.0393 0
178.500 11.9917 0
178.650 11.9441 0
178.800 11.8965 0
178.950 11.8489 0
179.100 11.8013 0
179.250 11.7538 0
179.400 11.8063 0
179.550 11.7587 0
179.700 11.8112 0
179.850 11.7636 0
