t g d
0.000 -8.0159 1
0.150 -7.9633 1
0.300 -7.9108 1
0.450 -7.8583 1
0.600 -7.7057 1
0.750 -7.6531 1
0.900 -7.6006 1
1.050 -7.5481 1
1.200 -7.4956 1
1.350 -7.4430 1
1.500 -7.3905 1
1.650 -7.3380 1
1.800 -7.2855 1
1.950 -7.2329 1
2.100 -7.1804 1
2.250 -7.1279 1
2.400 -7.0754 1
2.550 -7.1230 1
2.700 -7.0704 1
2.850 -7.0179 1
3.000 -6.9654 1
3.150 -6.9129 1
3.300 -6.8603 1
3.450 -6.8078 1
3.600 -6.7553 1
3.750 -6.7028 1
3.900 -6.6502 1
4.050 -6.6978 1
4.200 -6.6453 1
4.350 -6.5928 1
4.500 -6.5403 1
4.650 -6.4877 1
4.800 -6.4352 1
4.950 -6.4828 1
5.100 -6.4303 1
5.250 -6.3778 1
5.400 -6.3252 1
5.550 -6.2727 1
5.700 -6.3203 1
5.850 -6.2678 1
6.000 -6.2152 1
6.150 -6.1627 1
6.300 -6.2103 1
6.450 -6.1578 1
6.600 -6.1053 1
6.750 -6.0527 1
6.900 -6.1003 1
7.050 -6.0478 1
7.200 -5.9953 1
7.350 -6.0429 1
7.500 -5.9903 1
7.650 -5.9378 1
7.800 -5.8853 1
7.950 -5.9329 1
8.100 -5.8803 1
8.250 -5.8278 1
8.400 -5.8754 1
8.550 -5.8229 1
8.700 -5.7704 1
8.850 -5.8179 1
9.000 -5.7654 1
9.150 -5.7129 1
9.300 -5.7605 1
9.450 -5.7080 1
9.600 -5.7555 0
9.750 -5.7030 0
9.900 -5.6505 0
10.050 -5.6981 0
10.200 -5.6456 0
10.350 -5.6931 0
10.500 -5.6406 0
10.650 -5.5881 0
10.800 -5.6357 0
10.950 -5.5832 0
11.100 -5.6307 0
11.250 -5.5782 0
11.400 -5.6258 0
11.550 -5.5733 0
11.700 -5.6209 0
11.850 -5.5683 0
12.000 -5.6159 0
12.150 -5.5634 0
12.300 -5.6110 0
12.450 -5.5585 0
12.600 -5.6061 0
12.750 -5.5535 0
12.900 -5.6011 0
13.050 -5.5486 0
13.200 -5.5962 0
13.350 -5.5437 0
13.500 -5.5912 0
13.650 -5.6388 0
13.800 -5.5863 0
13.950 -5.6339 0
14.100 -5.5814 0
14.250 -5.6290 0
14.400 -5.5764 0
14.550 -5.6240 0
14.700 -5.5715 0
14.850 -5.6191 0
15.000 -5.5666 0
15.150 -5.6141 0
15.300 -5.5616 0
15.450 -5.6092 0
15.600 -5.5567 0
15.750 -5.6043 0
15.900 -5.5517 0
16.050 -5.5993 0
16.200 -5.5468 0
16.350 -5.5944 0
16.500 -5.5419 0
16.650 -5.5894 0
16.800 -5.5369 0
16.950 -5.5845 0
17.100 -5.5320 0
17.250 -5.5796 0
17.400 -5.5270 0
17.550 -5.5746 0
17.700 -5.5221 0
17.850 -5.5697 0
18.000 -5.6173 0
18.150 -5.5648 0
18.300 -5.6123 0
18.450 -5.5598 0
18.600 -5.6074 0
18.750 -5.6550 0
18.900 -5.6025 0
19.050 -5.6501 0
19.200 -5.5975 0
19.350 -5.6451 0
19.500 -5.6927 0
19.650 -5.6402 0
19.800 -5.6878 0
19.950 -5.7353 0
20.100 -5.6828 0
20.250 -5.7304 0
20.400 -5.6779 0
20.550 -5.7255 0
20.700 -5.7731 0
20.850 -5.7205 0
21.000 -5.7681 0
21.150 -5.7156 0
21.300 -5.7632 0
21.450 -5.8108 0
21.600 -5.7582 0
21.750 -5.8058 0
21.900 -5.7533 0
22.050 -5.8009 0
22.200 -5.8485 0
22.350 -5.7959 0
22.500 -5.8435 0
22.650 -5.7910 0
22.800 -5.8386 0
22.950 -5.7861 0
23.100 -5.8337 0
23.250 -5.8812 0
23.400 -5.8287 0
23.550 -5.8763 0
23.700 -5.8238 0
23.850 -5.8714 0
24.000 -5.9190 0
24.150 -5.8664 0
24.300 -5.9140 0
24.450 -5.9616 0
24.600 -5.9091 0
24.750 -5.9567 0
24.900 -6.0042 0
25.050 -5.9517 0
25.200 -5.9993 0
25.350 -6.0469 0
25.500 -5.9944 0
25.650 -6.0420 0
25.800 -6.0895 0
25.950 -6.0370 0
26.100 -6.0846 0
26.250 -6.1322 0
26.400 -6.0797 0
26.550 -6.1272 0
26.700 -6.1748 0
26.850 -6.1223 0
27.000 -6.1699 0
27.150 -6.2175 0
27.300 -6.2651 0
27.450 -6.2125 0
27.600 -6.2601 0
27.750 -6.3077 0
27.900 -6.2552 0
28.050 -6.3028 0
28.200 -6.3504 0
28.350 -6.3979 0
28.500 -6.3454 0
28.650 -6.3930 0
28.800 -6.4406 0
28.950 -6.4882 0
29.100 -6.4357 0
29.250 -6.4832 0
29.400 -6.5308 0
29.550 -6.5784 0
29.700 -6.5259 0
29.850 -6.5735 0
30.000 -6.6211 0
30.150 -6.6686 0
30.300 -6.7162 0
30.450 -6.6637 0
30.600 -6.7113 0
30.750 -6.7589 0
30.900 -6.8065 0
31.050 -6.8540 0
31.200 -6.8015 0
31.350 -6.8491 0
31.500 -6.8967 0
31.650 -6.8442 0
31.800 -6.8918 0
31.950 -6.9393 0
32.100 -6.8868 0
32.250 -6.9344 0
32.400 -6.8819 0
32.550 -6.9295 0
32.700 -6.9771 0
32.850 -6.9245 0
33.000 -6.9721 0
33.150 -7.0197 0
33.300 -6.9672 0
33.450 -7.0148 0
33.600 -7.0623 0
33.750 -7.0098 0
33.900 -7.0574 1
34.050 -7.1050 1
34.200 -7.1526 1
34.350 -7.1001 1
34.500 -7.1476 1
34.650 -7.1952 1
34.800 -7.2428 1
34.950 -7.1903 1
35.100 -7.2379 1
35.250 -7.2855 1
35.400 -7.2329 1
35.550 -7.2852 1
35.700 -7.3456 1
35.850 -7.3097 1
36.000 -7.3735 1
36.150 -7.4335 1
36.300 -7.3857 1
36.450 -7.4333 1
36.600 -7.3808 1
36.750 -7.4283 1
36.900 -7.3758 1
37.050 -7.4234 1
37.200 -7.3709 1
37.350 -7.4185 1
37.500 -7.4661 1
37.650 -7.4135 1
37.800 -7.4611 1
37.950 -7.5087 1
38.100 -7.4562 0
38.250 -7.5038 0
38.400 -7.5513 0
38.550 -7.4988 0
38.700 -7.5464 0
38.850 -7.5940 0
39.000 -7.5415 0
39.150 -7.5891 0
39.300 -7.5365 0
39.450 -7.5841 0
39.600 -7.6317 0
39.750 -7.5792 0
39.900 -7.6268 0
40.050 -7.6785 0
40.200 -7.6434 0
40.350 -7.7164 0
40.500 -7.7930 0
40.650 -7.7687 0
40.800 -7.8399 0
40.950 -7.9022 0
41.100 -7.8523 0
41.250 -7.8999 0
41.400 -7.9475 0
41.550 -7.9951 0
41.700 -7.9426 0
41.850 -7.9902 0
42.000 -8.0377 0
42.150 -8.0853 0
42.300 -8.0328 0
42.450 -8.0804 0
42.600 -8.1280 0
42.750 -8.1756 0
42.900 -8.1230 0
43.050 -8.1706 0
43.200 -8.2182 0
43.350 -8.1657 0
43.500 -8.2133 0
43.650 -8.2609 0
43.800 -8.3084 1
43.950 -8.2559 1
44.100 -8.3035 1
44.250 -8.3511 1
44.400 -8.3987 1
44.550 -8.3462 1
44.700 -8.3937 1
44.850 -8.4413 1
45.000 -8.4889 1
45.150 -8.5365 1
45.300 -8.4840 1
45.450 -8.5316 1
45.600 -8.5791 1
45.750 -8.6267 1
45.900 -8.6743 1
46.050 -8.7219 1
46.200 -8.6694 1
46.350 -8.7170 1
46.500 -8.7645 1
46.650 -8.8121 1
46.800 -8.8597 1
46.950 -8.9073 1
47.100 -8.9549 1
47.250 -9.0025 1
47.400 -9.0501 1
47.550 -9.0976 1
47.700 -9.0451 1
47.850 -9.0927 1
48.000 -9.1403 1
48.150 -9.1879 1
48.300 -9.2355 1
48.450 -9.2830 1
48.600 -9.3306 1
48.750 -9.3782 1
48.900 -9.4258 1
49.050 -9.4734 1
49.200 -9.5210 1
49.350 -9.5686 1
49.500 -9.6161 1
49.650 -9.6637 1
49.800 -9.7113 1
49.950 -9.7589 1
50.100 -9.8065 1
50.250 -9.8541 1
50.400 -9.9017 1
50.550 -9.9492 1
50.700 -9.9968 1
50.850 -10.0444 1
51.000 -10.0920 1
51.150 -10.1396 1
51.300 -10.1872 1
51.450 -10.2348 1
51.600 -10.2823 1
51.750 -10.3299 1
51.900 -10.3775 0
52.050 -10.4251 0
52.200 -10.4727 0
52.350 -10.5203 0
52.500 -10.5679 0
52.650 -10.6154 0
52.800 -10.6630 0
52.950 -10.8107 0
53.100 -10.8583 0
53.250 -10.9059 0
53.400 -10.9535 0
53.550 -11.0011 0
53.700 -11.0486 0
53.850 -11.0962 0
54.000 -11.1438 0
54.150 -11.1914 0
54.300 -11.2390 0
54.450 -11.3867 0
54.600 -11.4343 0
54.750 -11.4819 0
54.900 -11.5294 0
55.050 -11.5770 0
55.200 -11.6246 0
55.350 -11.5721 0
55.500 -11.6197 0
55.650 -11.5671 0
55.800 -11.6147 0
55.950 -11.5622 0
56.100 -11.6098 0
56.250 -11.5573 0
56.400 -11.6049 0
56.550 -11.5523 0
56.700 -11.5999 0
56.850 -11.5474 0
57.000 -11.5950 0
57.150 -11.6426 0
57.300 -11.5900 0
57.450 -11.6376 0
57.600 -11.6852 0
57.750 -11.6327 0
57.900 -11.6803 0
58.050 -11.7279 0
58.200 -11.6753 0
58.350 -11.7229 0
58.500 -11.7705 0
58.650 -11.7180 0
58.800 -11.7656 0
58.950 -11.8132 0
59.100 -11.7606 0
59.250 -11.8082 0
59.400 -11.8558 0
59.550 -11.8033 0
59.700 -11.8509 0
59.850 -11.8985 0
60.000 -11.9460 0
60.150 -11.8935 0
60.300 -11.9411 0
60.450 -11.9887 0
60.600 -11.9362 0
60.750 -11.9837 0
60.900 -12.0313 0
61.050 -12.0789 0
61.200 -12.0264 0
61.350 -12.0740 0
61.500 -12.1216 0
61.650 -12.0690 0
61.800 -12.1166 0
61.950 -12.1642 0
62.100 -12.1117 0
62.250 -12.1593 0
62.400 -12.2069 0
62.550 -12.1543 0
62.700 -12.2019 0
62.850 -12.2495 0
63.000 -12.1970 0
63.150 -12.2446 0
63.300 -12.2922 0
63.450 -12.2396 0
63.600 -12.2872 0
63.750 -12.3348 0
63.900 -12.2823 0
64.050 -12.3299 0
64.200 -12.3774 0
64.350 -12.3249 0
64.500 -12.3725 0
64.650 -12.4201 0
64.800 -12.4677 0
64.950 -12.4152 0
65.100 -12.4627 0
65.250 -12.5103 0
65.400 -12.5579 0
65.550 -12.5054 0
65.700 -12.5530 0
65.850 -12.6006 0
66.000 -12.6481 0
66.150 -12.5956 0
66.300 -12.6432 0
66.450 -12.6908 0
66.600 -12.7384 0
66.750 -12.6859 0
66.900 -12.7334 0
67.050 -12.7810 0
67.200 -12.8286 0
67.350 -12.8762 0
67.500 -12.8237 0
67.650 -12.8713 0
67.800 -12.9188 0
67.950 -12.9664 0
68.100 -12.9139 0
68.250 -12.9615 0
68.400 -13.0091 0
68.550 -13.0567 0
68.700 -13.1042 0
68.850 -13.0517 0
69.000 -13.0993 0
69.150 -13.1469 0
69.300 -13.1945 0
69.450 -13.2421 0
69.600 -13.1895 0
69.750 -13.2371 0
69.900 -13.2847 0
70.050 -13.3323 0
70.200 -13.3799 0
70.350 -13.4275 0
70.500 -13.3749 0
70.650 -13.4225 0
70.800 -13.4701 0
70.950 -13.5177 0
71.100 -13.5653 0
71.250 -13.5128 0
71.400 -13.5603 0
71.550 -13.6079 0
71.700 -13.5554 0
71.850 -13.6030 0
72.000 -13.6506 0
72.150 -13.5981 0
72.300 -13.6456 0
72.450 -13.6932 0
72.600 -13.6407 0
72.750 -13.6883 0
72.900 -13.7359 0
73.050 -13.6834 0
73.200 -13.7309 0
73.350 -13.7785 0
73.500 -13.8261 0
73.650 -13.7736 0
73.800 -13.8212 0
73.950 -13.8688 0
74.100 -13.9163 0
74.250 -13.8638 0
74.400 -13.9114 0
74.550 -13.9590 0
74.700 -14.0066 0
74.850 -13.9540 0
75.000 -14.0016 0
75.150 -14.0492 0
75.300 -14.0968 0
75.450 -14.0443 1
75.600 -14.0919 1
75.750 -14.1395 1
75.900 -14.0869 1
76.050 -14.1345 1
76.200 -14.0820 1
76.350 -14.1296 1
76.500 -14.0771 1
76.650 -14.1246 1
76.800 -14.1722 1
76.950 -14.1197 1
77.100 -14.1673 1
77.250 -14.2149 1
77.400 -14.1623 1
77.550 -14.2099 1
77.700 -14.2575 1
77.850 -14.2050 0
78.000 -14.2526 0
78.150 -14.3002 0
78.300 -14.2476 0
78.450 -14.2952 0
78.600 -14.3428 0
78.750 -14.2903 0
78.900 -14.3379 0
79.050 -14.3855 0
79.200 -14.3329 1
79.350 -14.3855 1
79.500 -14.4461 1
79.650 -14.4102 1
79.800 -14.4740 1
79.950 -14.5338 1
80.100 -14.4857 1
80.250 -14.5333 1
80.400 -14.5809 1
80.550 -14.6285 0
80.700 -14.5759 0
80.850 -14.6235 0
81.000 -14.6711 0
81.150 -14.6186 0
81.300 -14.6662 0
81.450 -14.7138 0
81.600 -14.7613 0
81.750 -14.7088 0
81.900 -14.7564 0
82.050 -14.8040 0
82.200 -14.8516 0
82.350 -14.8992 0
82.500 -14.8466 0
82.650 -14.8942 0
82.800 -14.9418 0
82.950 -14.9894 0
83.100 -14.9369 0
83.250 -14.9845 0
83.400 -15.0320 0
83.550 -15.0796 0
83.700 -15.0271 0
83.850 -15.0792 0
84.000 -15.1445 0
84.150 -15.2177 0
84.300 -15.2943 0
84.450 -15.2700 0
84.600 -15.3409 0
84.750 -15.4029 0
84.900 -15.4528 0
85.050 -15.5004 0
85.200 -15.5480 1
85.350 -15.4955 1
85.500 -15.5431 1
85.650 -15.5907 1
85.800 -15.6382 1
85.950 -15.6858 1
86.100 -15.7334 1
86.250 -15.7810 1
86.400 -15.8286 1
86.550 -15.8762 1
86.700 -15.8236 1
86.850 -15.8712 1
87.000 -15.9188 1
87.150 -15.9664 1
87.300 -16.0140 1
87.450 -16.0616 1
87.600 -16.1092 1
87.750 -16.1567 1
87.900 -16.2043 1
88.050 -16.2519 1
88.200 -16.2995 1
88.350 -16.3471 1
88.500 -16.3947 1
88.650 -16.4423 1
88.800 -16.4898 1
88.950 -16.5374 1
89.100 -16.5850 1
89.250 -16.6326 1
89.400 -16.6802 1
89.550 -16.7278 1
89.700 -16.7753 1
89.850 -16.8229 1
90.000 -16.8705 1
90.150 -16.9181 1
90.300 -16.9657 1
90.450 -17.0133 1
90.600 -17.0609 1
90.750 -17.1084 1
90.900 -17.1560 1
91.050 -17.2036 1
91.200 -17.2512 1
91.350 -17.2988 1
91.500 -17.3464 1
91.650 -17.3940 1
91.800 -17.4415 1
91.950 -17.4891 1
92.100 -17.6368 1
92.250 -17.6844 1
92.400 -17.7320 1
92.550 -17.7796 1
92.700 -17.8272 1
92.850 -17.8748 1
93.000 -17.9223 1
93.150 -17.9699 1
93.300 -18.0175 1
93.450 -18.1652 1
93.600 -18.2128 0
93.750 -18.2604 0
93.900 -18.3080 0
94.050 -18.3555 0
94.200 -18.4031 0
94.350 -18.4507 0
94.500 -18.4983 0
94.650 -18.5459 0
94.800 -18.5935 0
94.950 -18.6411 0
95.100 -18.5885 0
95.250 -18.6361 0
95.400 -18.6837 0
95.550 -18.6312 0
95.700 -18.6788 0
95.850 -18.6262 0
96.000 -18.6738 0
96.150 -18.6213 0
96.300 -18.6689 0
96.450 -18.7165 0
96.600 -18.6640 0
96.750 -18.7115 0
96.900 -18.7591 0
97.050 -18.7066 0
97.200 -18.7542 0
97.350 -18.8018 0
97.500 -18.7492 0
97.650 -18.7968 0
97.800 -18.8444 0
97.950 -18.7919 0
98.100 -18.8395 0
98.250 -18.8871 0
98.400 -18.9346 0
98.550 -18.8821 0
98.700 -18.9297 0
98.850 -18.9773 0
99.000 -18.9248 0
99.150 -18.9724 0
99.300 -19.0199 0
99.450 -19.0675 0
99.600 -19.0150 0
99.750 -19.0626 0
99.900 -19.1102 0
100.050 -19.1578 0
100.200 -19.1052 0
100.350 -19.1528 0
100.500 -19.2004 0
100.650 -19.1479 0
100.800 -19.1955 0
100.950 -19.2431 0
101.100 -19.2906 0
101.250 -19.2381 0
101.400 -19.2857 0
101.550 -19.3333 0
101.700 -19.2808 0
101.850 -19.3284 0
102.000 -19.3759 0
102.150 -19.4235 0
102.300 -19.3710 0
102.450 -19.4186 0
102.600 -19.4662 0
102.750 -19.4136 0
102.900 -19.4612 0
103.050 -19.5088 0
103.200 -19.4563 0
103.350 -19.5039 0
103.500 -19.5515 0
103.650 -19.5990 0
103.800 -19.5465 0
103.950 -19.5941 0
104.100 -19.6417 0
104.250 -19.6893 0
104.400 -19.6368 0
104.550 -19.6843 0
104.700 -19.7319 0
104.850 -19.7795 0
105.000 -19.8271 0
105.150 -19.7746 0
105.300 -19.8222 0
105.450 -19.8697 0
105.600 -19.9173 0
105.750 -19.9649 0
105.900 -19.9124 0
106.050 -19.9600 0
106.200 -20.0076 0
106.350 -20.0552 0
106.500 -20.1027 0
106.650 -20.0502 0
106.800 -20.0978 0
106.950 -20.1454 0
107.100 -20.1930 0
107.250 -20.1404 0
107.400 -20.1880 0
107.550 -20.2356 0
107.700 -20.2832 0
107.850 -20.3308 0
108.000 -20.2783 0
108.150 -20.3258 0
108.300 -20.3734 0
108.450 -20.4210 0
108.600 -20.4686 0
108.750 -20.4161 0
108.900 -20.4637 0
109.050 -20.5113 0
109.200 -20.5588 0
109.350 -20.6064 0
109.500 -20.5539 0
109.650 -20.6015 0
109.800 -20.6491 0
109.950 -20.6967 0
110.100 -20.7442 0
110.250 -20.6917 0
110.400 -20.7393 0
110.550 -20.7869 0
110.700 -20.8345 0
110.850 -20.7819 0
111.000 -20.8295 0
111.150 -20.8771 0
111.300 -20.8246 0
111.450 -20.8722 0
111.600 -20.9198 0
111.750 -20.8672 0
111.900 -20.9148 0
112.050 -20.9624 0
112.200 -20.9099 0
112.350 -20.9575 0
112.500 -21.0051 0
112.650 -20.9525 0
112.800 -21.0001 0
112.950 -21.0477 0
113.100 -21.0953 0
113.250 -21.0428 0
113.400 -21.0904 0
113.550 -21.1379 0
113.700 -21.1855 0
113.850 -21.1330 0
114.000 -21.1806 0
114.150 -21.2282 0
114.300 -21.2758 0
114.450 -21.2232 0
114.600 -21.2708 0
114.750 -21.3184 0
114.900 -21.3660 0
115.050 -21.3135 0
115.200 -21.3611 0
115.350 -21.3085 0
115.500 -21.3561 0
115.650 -21.4037 0
115.800 -21.3512 0
115.950 -21.3988 0
116.100 -21.3462 0
116.250 -21.3938 0
116.400 -21.3413 0
116.550 -21.3889 0
116.700 -21.4365 0
116.850 -21.3839 0
117.000 -21.4315 0
117.150 -21.4791 0
117.300 -21.4266 0
117.450 -21.4742 0
117.600 -21.5218 0
117.750 -21.5694 0
117.900 -21.5168 0
118.050 -21.5644 0
118.200 -21.5119 0
118.350 -21.5595 0
118.500 -21.6071 0
118.650 -21.5545 0
118.800 -21.6021 0
118.950 -21.6497 0
119.100 -21.5972 0
119.250 -21.6448 0
119.400 -21.6924 0
119.550 -21.6398 0
119.700 -21.6874 0
119.850 -21.7350 0
120.000 -21.6825 0
120.150 -21.7301 0
120.300 -21.7777 0
120.450 -21.8252 0
120.600 -21.7727 0
120.750 -21.8203 0
120.900 -21.8679 0
121.050 -21.9155 0
121.200 -21.8629 0
121.350 -21.9105 0
121.500 -21.9581 0
121.650 -22.0057 0
121.800 -21.9532 0
121.950 -22.0008 0
122.100 -22.0483 0
122.250 -22.0959 0
122.400 -22.0434 0
122.550 -22.0910 0
122.700 -22.1386 0
122.850 -22.1862 1
123.000 -22.2338 1
123.150 -22.1866 1
123.300 -22.2473 1
123.450 -22.3116 1
123.600 -22.3753 1
123.750 -22.3348 1
123.900 -22.3865 1
124.050 -22.4341 1
124.200 -22.4817 1
124.350 -22.5293 1
124.500 -22.4768 1
124.650 -22.5243 1
124.800 -22.5719 1
124.950 -22.6195 1
125.100 -22.6671 1
125.250 -22.7147 1
125.400 -22.7623 1
125.550 -22.7097 1
125.700 -22.7573 1
125.850 -22.8049 1
126.000 -22.8525 1
126.150 -22.9001 1
126.300 -22.9477 1
126.450 -22.9953 1
126.600 -23.0428 1
126.750 -23.0904 1
126.900 -23.1380 1
127.050 -23.1856 1
127.200 -23.2332 1
127.350 -23.2808 1
127.500 -23.3284 1
127.650 -23.3808 1
127.800 -23.3463 1
127.950 -23.4197 1
128.100 -23.4963 1
128.250 -23.5720 1
128.400 -23.6427 1
128.550 -23.7044 1
128.700 -23.7540 1
128.850 -23.8016 1
129.000 -23.8491 1
129.150 -23.8967 1
129.300 -23.9443 1
129.450 -23.9919 1
129.600 -24.0395 1
129.750 -24.0871 1
129.900 -24.1347 1
130.050 -24.1822 1
130.200 -24.2298 1
130.350 -24.2774 1
130.500 -24.3250 1
130.650 -24.3726 1
130.800 -24.5203 1
130.950 -24.5679 1
131.100 -24.6154 1
131.250 -24.6630 1
131.400 -24.7106 1
131.550 -24.7582 1
131.700 -24.8058 1
131.850 -24.8534 1
132.000 -24.9010 1
132.150 -24.9485 1
132.300 -24.9961 1
132.450 -25.1438 1
132.600 -25.1914 1
132.750 -25.2390 1
132.900 -25.2866 1
133.050 -25.3342 1
133.200 -25.3818 1
133.350 -25.4293 1
133.500 -25.4769 1
133.650 -25.5245 1
133.800 -25.6722 1
133.950 -25.7198 1
134.100 -25.7674 1
134.250 -25.8150 1
134.400 -25.8625 1
134.550 -25.9101 1
134.700 -25.9577 1
134.850 -26.0053 1
135.000 -26.0529 1
135.150 -26.1005 1
135.300 -26.1481 1
135.450 -26.1956 1
135.600 -26.2432 1
135.750 -26.2908 1
135.900 -26.3384 0
136.050 -26.3860 0
136.200 -26.4336 0
136.350 -26.4812 0
136.500 -26.5287 0
136.650 -26.5763 0
136.800 -26.6239 0
136.950 -26.7716 0
137.100 -26.8192 0
137.250 -26.8668 0
137.400 -26.9144 0
137.550 -26.9619 0
137.700 -27.0095 0
137.850 -27.0571 0
138.000 -27.1047 0
138.150 -27.1523 0
138.300 -27.1999 0
138.450 -27.3476 0
138.600 -27.3952 0
138.750 -27.4427 0
138.900 -27.4903 0
139.050 -27.5379 0
139.200 -27.5855 0
139.350 -27.6331 0
139.500 -27.6807 0
139.650 -27.7283 0
139.800 -27.7758 0
139.950 -27.8234 0
140.100 -27.8710 0
140.250 -27.9186 0
140.400 -27.9662 0
140.550 -28.0138 0
140.700 -28.0613 0
140.850 -28.1089 0
141.000 -28.1565 0
141.150 -28.2041 0
141.300 -28.2517 0
141.450 -28.2993 0
141.600 -28.4470 0
141.750 -28.4946 0
141.900 -28.5421 0
142.050 -28.5897 0
142.200 -28.6373 0
142.350 -28.6849 0
142.500 -28.7325 0
142.650 -28.7801 0
142.800 -28.8277 0
142.950 -28.8752 0
143.100 -28.9228 0
143.250 -28.9704 0
143.400 -29.0180 0
143.550 -29.1657 0
143.700 -29.2133 0
143.850 -29.2609 0
144.000 -29.3084 0
144.150 -29.3560 0
144.300 -29.4036 0
144.450 -29.4512 0
144.600 -29.4988 0
144.750 -29.5464 0
144.900 -29.5940 0
145.050 -29.6415 0
145.200 -29.7892 0
145.350 -29.8368 0
145.500 -29.8844 0
145.650 -30.0321 0
145.800 -30.0797 0
145.950 -30.2274 0
146.100 -30.2750 0
146.250 -30.4227 0
146.400 -30.4703 0
146.550 -30.6179 0
146.700 -30.6655 0
146.850 -30.8132 0
147.000 -30.8608 0
147.150 -31.0085 0
147.300 -31.0561 0
147.450 -31.2038 0
147.600 -31.2514 0
147.750 -31.3991 0
147.900 -31.4466 0
148.050 -31.5943 0
148.200 -31.6419 0
148.350 -31.6895 0
148.500 -31.8372 0
148.650 -31.8848 0
148.800 -31.9324 0
148.950 -32.0801 0
149.100 -32.1277 0
149.250 -32.1752 0
149.400 -32.3229 0
149.550 -32.3705 0
149.700 -32.4181 0
149.850 -32.5658 0
150.000 -32.6134 0
150.150 -32.6610 0
150.300 -32.8087 0
150.450 -32.8563 0
150.600 -32.9038 0
150.750 -33.0515 0
150.900 -33.0991 0
151.050 -33.1467 0
151.200 -33.2944 0
151.350 -33.3420 0
151.500 -33.3896 0
151.650 -33.4372 0
151.800 -33.5849 0
151.950 -33.6324 0
152.100 -33.6800 0
152.250 -33.7276 0
152.400 -33.7752 0
152.550 -33.8228 0
152.700 -33.8704 0
152.850 -33.9180 0
153.000 -34.0656 0
153.150 -34.1132 0
153.300 -34.1608 0
153.450 -34.2084 0
153.600 -34.2560 0
153.750 -34.4037 0
153.900 -34.4513 0
154.050 -34.4989 0
154.200 -34.5464 0
154.350 -34.5940 0
154.500 -34.6416 0
154.650 -34.6892 0
154.800 -34.8369 0
154.950 -34.8845 0
155.100 -34.9321 0
155.250 -34.9796 0
155.400 -35.0272 0
155.550 -35.0748 0
155.700 -35.1224 0
155.850 -35.2701 0
156.000 -35.3177 0
156.150 -35.3653 0
156.300 -35.4129 0
156.450 -35.4604 0
156.600 -35.6081 0
156.750 -35.6557 0
156.900 -35.7033 0
157.050 -35.7509 0
157.200 -35.7985 0
157.350 -35.9462 0
157.500 -35.9938 0
157.650 -36.0413 0
157.800 -36.0889 0
157.950 -36.1365 0
158.100 -36.2842 0
158.250 -36.3318 0
158.400 -36.3794 0
158.550 -36.4270 0
158.700 -36.4745 0
158.850 -36.6222 0
159.000 -36.6698 0
159.150 -36.7174 0
159.300 -36.7650 0
159.450 36.6675 0
159.600 36.6199 0
159.750 36.5723 0
159.900 36.5247 0
160.050 36.3770 0
160.200 36.3294 0
160.350 36.2818 0
160.500 36.2343 0
160.650 36.0866 0
160.800 36.0390 0
160.950 35.9914 0
161.100 35.8437 0
161.250 35.7961 0
161.400 35.7485 0
161.550 35.6008 0
161.700 35.5533 1
161.850 35.5057 1
162.000 35.3580 1
162.150 35.3104 1
162.300 35.2628 1
162.450 35.1151 1
162.600 35.0675 1
162.750 35.0199 1
162.900 34.8722 1
163.050 34.8247 1
163.200 34.7771 1
163.350 34.6294 1
163.500 34.5818 1
163.650 34.5342 1
163.800 34.3865 1
163.950 34.3389 1
164.100 34.2913 1
164.250 34.1436 1
164.400 34.0961 1
164.550 33.9484 1
164.700 33.9008 1
164.850 33.8532 1
165.000 33.7055 1
165.150 33.6579 1
165.300 33.5102 1
165.450 33.4626 1
165.600 33.4150 1
165.750 33.2674 1
165.900 33.2198 1
166.050 33.0721 1
166.200 33.0245 1
166.350 32.8768 1
166.500 32.8292 1
166.650 32.6815 1
166.800 32.6339 1
166.950 32.5807 1
167.100 32.4196 1
167.250 32.3554 1
167.400 32.1916 1
167.550 32.1322 1
167.700 31.9807 1
167.850 31.9331 1
168.000 31.7854 1
168.150 31.7378 1
168.300 31.6902 1
168.450 31.5425 1
168.600 31.4949 1
168.750 31.3472 1
168.900 31.2996 1
169.050 31.2521 1
169.200 31.1044 1
169.350 31.0568 1
169.500 31.0092 1
169.650 30.8615 1
169.800 30.8139 1
169.950 30.7663 1
170.100 30.6186 1
170.250 30.5710 1
170.400 30.5235 1
170.550 30.3758 1
170.700 30.3282 1
170.850 30.2806 1
171.000 30.1329 1
171.150 30.0853 1
171.300 30.0377 1
171.450 29.8849 1
171.600 29.8189 1
171.750 29.7454 1
171.900 29.5686 1
172.050 29.4930 1
172.200 29.3224 1
172.350 29.2611 1
172.500 29.2118 1
172.650 29.0641 1
172.800 29.0165 1
172.950 28.9689 1
173.100 28.9213 1
173.250 28.7736 1
173.400 28.7261 1
173.550 28.6785 1
173.700 28.5308 1
173.850 28.4832 1
174.000 28.4356 1
174.150 28.3880 1
174.300 28.2403 1
174.450 28.1927 1
174.600 28.1452 1
174.750 28.0976 1
174.900 27.9499 1
175.050 27.9023 1
175.200 27.8547 1
175.350 27.8071 1
175.500 27.6594 1
175.650 27.6118 1
175.800 27.5643 1
175.950 27.4166 1
176.100 27.3690 1
176.250 27.3214 1
176.400 27.2738 1
176.550 27.1261 1
176.700 27.0785 1
176.850 27.0309 1
177.000 26.8832 1
177.150 26.8357 1
177.300 26.7881 1
177.450 26.6404 0
177.600 26.5928 0
177.750 26.5452 0
177.900 26.4976 0
178.050 26.3499 0
178.200 26.3023 0
178.350 26.2548 0
178.500 26.1071 0
178.650 26.0595 0
178.800 26.0119 0
178.950 25.8642 0
179.100 25.8166 0
179.250 25.6689 0
179.400 25.6213 0
179.550 25.5737 0
179.700 25.4260 0
179.850 25.3785 0
