t g d
0.000 3.9641 0
0.050 4.0283 0
0.100 3.9923 0
0.150 3.9564 0
0.200 4.0206 0
0.250 3.9847 0
0.300 3.9488 0
0.350 4.0130 0
0.400 3.9770 0
0.450 3.9411 0
0.500 4.0053 0
0.550 3.9694 0
0.600 3.9335 0
0.650 3.9977 0
0.700 3.9617 0
0.750 3.9258 0
0.800 3.9900 0
0.850 3.9541 0
0.900 3.9182 0
0.950 3.9823 0
1.000 3.9464 0
1.050 3.9105 0
1.100 3.9747 0
1.150 3.9388 0
1.200 3.9029 0
1.250 3.9670 0
1.300 3.9311 0
1.350 3.8952 0
1.400 3.9594 0
1.450 3.9235 0
1.500 3.8875 0
1.550 3.8516 0
1.600 3.9158 0
1.650 3.8799 0
1.700 3.8440 0
1.750 3.9082 0
1.800 3.8722 0
1.850 3.8363 0
1.900 3.9005 0
1.950 3.8646 0
2.000 3.8287 0
2.050 3.7927 0
2.100 3.8569 0
2.150 3.8210 0
2.200 3.7851 0
2.250 3.7492 0
2.300 3.8134 0
2.350 3.7774 0
2.400 3.7415 0
2.450 3.7056 0
2.500 3.7698 0
2.550 3.7339 0
2.600 3.6979 0
2.650 3.6620 0
2.700 3.7262 0
2.750 3.6903 0
2.800 3.6544 0
2.850 3.6185 0
2.900 3.6826 0
2.950 3.6467 0
3.000 3.6108 0
3.050 3.5749 0
3.100 3.6391 0
3.150 3.6031 0
3.200 3.5672 0
3.250 3.5153 0
3.300 3.4634 0
3.350 3.5116 0
3.400 3.4597 0
3.450 3.4077 0
3.500 3.3558 0
3.550 3.3039 0
3.600 3.2520 0
3.650 3.3091 0
3.700 3.2707 0
3.750 3.2318 0
3.800 3.1926 0
3.850 3.1532 0
3.900 3.2135 0
3.950 3.1735 0
4.000 3.1333 0
4.050 3.0928 0
4.100 3.0520 0
4.150 3.0110 0
4.200 2.9699 0
4.250 3.0286 0
4.300 2.9871 0
4.350 2.9455 0
4.400 2.9038 0
4.450 2.8621 0
4.500 2.8203 0
4.550 2.7786 0
4.600 2.8370 0
4.650 2.7953 0
4.700 2.7538 0
4.750 2.7124 0
4.800 2.6712 0
4.850 2.6303 0
4.900 2.5895 0
4.950 2.5490 0
5.000 2.6090 0
5.050 2.5691 0
5.100 2.5327 0
5.150 2.4968 0
5.200 2.4609 0
5.250 2.4249 0
5.300 2.3890 0
5.350 2.3531 0
5.400 2.3172 0
5.450 2.2813 0
5.500 2.2453 0
5.550 2.3095 0
5.600 2.2736 0
5.650 2.2377 0
5.700 2.2018 0
5.750 2.1658 0
5.800 2.1299 0
5.850 2.0940 0
5.900 2.0581 0
5.950 2.0222 0
6.000 1.9861 0
6.050 1.9470 0
6.100 1.9080 0
6.150 1.8688 0
6.200 1.9296 0
6.250 1.8901 0
6.300 1.8505 0
6.350 1.8108 0
6.400 1.7709 0
6.450 1.7309 0
6.500 1.6907 0
6.550 1.6504 0
6.600 1.6098 0
6.650 1.5691 0
6.700 1.5281 0
6.750 1.4869 0
6.800 1.4455 0
6.850 1.4039 0
6.900 1.3620 0
6.950 1.3199 0
7.000 1.2776 0
7.050 1.2351 0
7.100 1.2925 0
7.150 1.2496 0
7.200 1.2066 0
7.250 1.1634 0
7.300 1.1201 0
7.350 1.0767 0
7.400 1.0332 0
7.450 0.9896 0
7.500 0.9460 0
7.550 0.9024 0
7.600 0.8588 0
7.650 0.8211 0
7.700 0.7852 0
7.750 0.7492 1
7.800 0.7133 1
7.850 0.6774 1
7.900 0.6415 1
7.950 0.6056 1
8.000 0.5696 1
8.050 0.5337 1
8.100 0.4978 1
8.150 0.4619 1
8.200 0.4260 1
8.250 0.4901 1
8.300 0.4542 1
8.350 0.4183 1
8.400 0.3824 1
8.450 0.3465 1
8.500 0.3105 1
8.550 0.2746 1
8.600 0.2387 1
8.650 0.2028 1
8.700 0.1669 1
8.750 0.1309 1
8.800 0.0950 1
8.850 0.0591 1
8.900 0.0232 1
8.950 -0.0127 1
9.000 -0.0487 1
9.050 -0.0846 1
9.100 -0.1205 1
9.150 -0.1564 1
9.200 -0.1923 1
9.250 -0.2283 1
9.300 -0.2642 1
9.350 -0.3001 1
9.400 -0.3360 1
9.450 -0.3720 1
9.500 -0.4079 1
9.550 -0.4438 0
9.600 -0.5798 0
9.650 -0.6157 0
9.700 -0.6517 0
9.750 -0.6876 0
9.800 -0.7235 0
9.850 -0.7594 0
9.900 -0.7953 0
9.950 -0.8313 0
10.000 -0.8672 0
10.050 -0.9031 0
10.100 -0.9390 0
10.150 -0.9750 0
10.200 -1.0109 0
10.250 -1.0468 0
10.300 -1.0827 0
10.350 -1.1186 0
10.400 -1.2547 0
10.450 -1.2906 0
10.500 -1.3265 0
10.550 -1.3624 0
10.600 -1.3983 0
10.650 -1.4343 0
10.700 -1.4702 0
10.750 -1.5061 0
10.800 -1.5420 0
10.850 -1.5780 0
10.900 -1.6139 0
10.950 -1.6498 0
11.000 -1.7858 0
11.050 -1.8217 0
11.100 -1.8577 0
11.150 -1.8936 0
11.200 -1.9295 0
11.250 -1.9654 0
11.300 -2.0013 0
11.350 -2.0373 0
11.400 -2.0732 0
11.450 -2.1091 0
11.500 -2.2451 0
11.550 -2.2811 0
11.600 -2.3170 0
11.650 -2.3529 0
11.700 -2.3888 0
11.750 -2.4247 0
11.800 -2.4607 0
11.850 -2.4966 0
11.900 -2.5325 0
11.950 -2.6685 0
12.000 -2.7045 0
12.050 -2.7404 0
12.100 -2.7763 0
12.150 -2.8122 0
12.200 -2.8481 0
12.250 -2.8841 0
12.300 -2.9200 0
12.350 -2.9559 0
12.400 -2.9918 0
12.450 -3.0277 0
12.500 -3.0637 0
12.550 -3.0996 0
12.600 -3.2356 0
12.650 -3.2715 0
12.700 -3.3075 0
12.750 -3.3434 0
12.800 -3.3793 0
12.850 -3.4152 0
12.900 -3.4671 0
12.950 -3.5191 0
13.000 -3.5710 0
13.050 -3.6229 0
13.100 -3.6748 0
13.150 -3.7267 0
13.200 -3.7787 0
13.250 -3.8306 0
13.300 -3.8825 0
13.350 -3.9344 0
13.400 -3.9863 0
13.450 -4.0263 0
13.500 -4.0622 0
13.550 -4.0981 0
13.600 -4.1340 0
13.650 -4.1699 0
13.700 -4.2059 0
13.750 -4.2418 0
13.800 -4.2777 0
13.850 -4.3136 0
13.900 -4.3495 0
13.950 -4.3855 0
14.000 -4.4214 0
14.050 -4.5574 0
14.100 -4.5933 0
14.150 -4.6293 0
14.200 -4.6652 0
14.250 -4.7011 0
14.300 -4.7370 0
14.350 -4.7729 0
14.400 -4.8089 0
14.450 -4.8448 0
14.500 -4.8807 0
14.550 -4.9166 0
14.600 -4.9525 0
14.650 -4.9885 0
14.700 -5.0244 0
14.750 -5.0603 0
14.800 -5.0962 0
14.850 -5.2323 0
14.900 -5.2682 0
14.950 -5.3041 0
15.000 -5.3400 0
15.050 -5.3759 0
15.100 -5.4119 0
15.150 -5.4478 0
15.200 -5.4837 0
15.250 -5.5196 0
15.300 -5.5555 0
15.350 -5.6916 0
15.400 -5.7275 0
15.450 -5.7634 0
15.500 -5.7993 0
15.550 -5.8353 0
15.600 -5.8712 0
15.650 -5.9071 0
15.700 -5.9430 0
15.750 -5.9789 0
15.800 -6.1150 0
15.850 -6.1509 0
15.900 -6.1868 0
15.950 -6.2227 0
16.000 -6.2587 0
16.050 -6.2946 0
16.100 -6.3305 0
16.150 -6.3664 0
16.200 -6.5024 0
16.250 -6.5384 0
16.300 -6.5743 0
16.350 -6.6102 0
16.400 -6.6461 0
16.450 -6.6820 0
16.500 -6.7180 0
16.550 -6.8540 0
16.600 -6.8899 0
16.650 -6.9258 0
16.700 -6.9618 0
16.750 -6.9977 0
16.800 -7.0336 0
16.850 -7.0695 0
16.900 -7.1054 0
16.950 -7.1414 0
17.000 -7.2774 0
17.050 -7.3133 0
17.100 -7.3492 0
17.150 -7.3852 0
17.200 -7.4211 0
17.250 -7.4570 0
17.300 -7.4929 0
17.350 -7.5288 0
17.400 -7.5648 0
17.450 -7.7008 0
17.500 -7.7367 0
17.550 -7.7726 0
17.600 -7.8086 0
17.650 -7.8445 0
17.700 -7.8804 0
17.750 -7.9163 0
17.800 -7.9522 0
17.850 -7.9882 0
17.900 -8.0241 0
17.950 -8.0600 0
18.000 -8.0959 0
18.050 -8.2319 0
18.100 -8.2679 0
18.150 -8.3038 0
18.200 -8.3397 0
18.250 -8.3756 0
18.300 -8.4115 0
18.350 -8.4475 0
18.400 -8.4834 0
18.450 -8.5193 0
18.500 -8.5552 0
18.550 -8.5912 0
18.600 -8.6271 0
18.650 -8.6630 0
18.700 -8.6989 0
18.750 -8.7348 0
18.800 -8.7708 0
18.850 -8.8067 0
18.900 -8.9427 0
18.950 -8.9786 0
19.000 -9.0145 0
19.050 -9.0505 0
19.100 -9.0864 0
19.150 -9.1223 0
19.200 -9.1582 0
19.250 -9.1942 0
19.300 -9.2301 0
19.350 -9.2660 0
19.400 -9.3019 0
19.450 -9.3378 0
19.500 -9.3738 0
19.550 -9.4097 0
19.600 -9.5457 0
19.650 -9.5816 0
19.700 -9.6175 0
19.750 -9.6535 0
19.800 -9.6894 0
19.850 -9.7253 0
19.900 -9.7612 0
19.950 -9.7972 0
20.000 -9.8331 0
20.050 -9.9691 0
20.100 -10.0050 0
20.150 -10.0409 0
20.200 -10.0769 0
20.250 -10.1128 0
20.300 -10.1487 0
20.350 -10.1846 0
20.400 -10.2205 0
20.450 -10.3566 0
20.500 -10.3925 0
20.550 -10.4284 0
20.600 -10.4643 0
20.650 -10.5003 0
20.700 -10.5362 0
20.750 -10.5721 0
20.800 -10.7081 0
20.850 -10.7440 0
20.900 -10.7800 0
20.950 -10.8159 0
21.000 -10.8518 0
21.050 -10.8877 0
21.100 -10.9237 0
21.150 -11.0597 0
21.200 -11.0956 0
21.250 -11.1315 0
21.300 -11.1674 0
21.350 -11.2034 0
21.400 -11.2393 0
21.450 -11.2752 0
21.500 -11.3111 0
21.550 -11.4472 0
21.600 -11.4831 0
21.650 -11.5190 0
21.700 -11.5549 0
21.750 -11.5908 0
21.800 -11.6268 0
21.850 -11.6627 0
21.900 -11.7987 0
21.950 -11.8346 0
22.000 -11.8706 0
22.050 -11.9065 0
22.100 -11.9424 0
22.150 -11.9783 0
22.200 -12.0142 0
22.250 -12.0502 0
22.300 -12.1862 0
22.350 -12.2221 0
22.400 -12.2580 0
22.450 -12.2939 0
22.500 -12.3299 0
22.550 -12.3658 0
22.600 -12.4017 0
22.650 -12.5377 0
22.700 -12.5737 0
22.750 -12.6096 0
22.800 -12.6455 0
22.850 -12.6814 0
22.900 -12.7173 0
22.950 -12.8534 0
23.000 -12.8893 0
23.050 -12.9252 0
23.100 -12.9611 0
23.150 -13.0972 0
23.200 -13.1331 0
23.250 -13.1690 0
23.300 -13.3050 0
23.350 -13.3410 0
23.400 -13.3769 0
23.450 -13.4128 0
23.500 -13.5488 0
23.550 -13.5847 0
23.600 -13.6207 0
23.650 -13.7567 0
23.700 -13.7926 0
23.750 -13.8285 0
23.800 -13.9646 0
23.850 -14.0005 0
23.900 -14.0364 0
23.950 -14.1724 0
24.000 -14.2084 0
24.050 -14.2443 0
24.100 -14.3803 0
24.150 -14.4162 0
24.200 -14.4522 0
24.250 -14.5882 0
24.300 -14.6241 0
24.350 -14.6600 0
24.400 -14.7961 0
24.450 -14.8320 0
24.500 -14.8679 0
24.550 -15.0039 0
24.600 -15.0398 0
24.650 -15.0758 0
24.700 -15.2118 0
24.750 -15.2477 0
24.800 -15.2836 0
24.850 -15.3196 0
24.900 -15.4556 0
24.950 -15.4915 0
25.000 -15.5274 0
25.050 -15.6635 0
25.100 -15.6994 0
25.150 -15.7353 0
25.200 -15.7712 0
25.250 -15.9073 0
25.300 -15.9432 0
25.350 -15.9791 0
25.400 -16.0150 0
25.450 -16.1510 0
25.500 -16.1870 0
25.550 -16.2229 0
25.600 -16.2588 0
25.650 -16.3948 0
25.700 -16.4308 0
25.750 -16.4667 0
25.800 -16.5026 0
25.850 -16.6386 0
25.900 -16.6745 0
25.950 -16.7105 0
26.000 -16.7464 0
26.050 -16.7823 0
26.100 -16.9183 0
26.150 -16.9543 0
26.200 -16.9902 0
26.250 -17.0261 0
26.300 -17.0620 0
26.350 -17.1981 0
26.400 -17.2340 0
26.450 -17.2699 0
26.500 -17.3058 0
26.550 -17.3417 0
26.600 -17.4778 0
26.650 -17.5137 0
26.700 -17.5496 0
26.750 -17.5855 0
26.800 -17.6214 0
26.850 -17.7575 0
26.900 -17.7934 0
26.950 -17.8293 0
27.000 -17.8652 0
27.050 -18.0013 0
27.100 -18.0372 0
27.150 -18.0731 0
27.200 -18.1090 0
27.250 -18.2451 0
27.300 -18.2810 0
27.350 -18.3169 0
27.400 -18.3528 0
27.450 -18.3887 0
27.500 -18.5248 0
27.550 -18.5607 0
27.600 -18.5966 0
27.650 -18.6325 0
27.700 -18.7686 0
27.750 -18.8045 0
27.800 -18.8404 0
27.850 -18.8763 0
27.900 -18.9122 0
27.950 -19.0483 0
28.000 -19.0842 0
28.050 -19.1201 0
28.100 -19.1560 0
28.150 -19.1920 0
28.200 -19.3280 0
28.250 -19.3639 0
28.300 -19.3998 0
28.350 -19.4358 0
28.400 -19.4717 0
28.450 -19.5076 0
28.500 -19.6436 0
28.550 -19.6795 0
28.600 -19.7155 0
28.650 -19.7514 0
28.700 -19.7873 0
28.750 -19.8232 0
28.800 -19.9593 0
28.850 -19.9952 0
28.900 -20.0311 0
28.950 -20.0670 0
29.000 -20.1029 0
29.050 -20.1389 0
29.100 -20.1748 0
29.150 -20.3108 0
29.200 -20.3467 0
29.250 -20.3827 0
29.300 -20.4186 0
29.350 -20.4545 0
29.400 -20.4904 0
29.450 -20.5263 0
29.500 -20.5623 0
29.550 -20.6983 0
29.600 -20.7342 0
29.650 -20.7701 0
29.700 -20.8060 0
29.750 -20.8420 0
29.800 -20.8779 0
29.850 -20.9138 0
29.900 -20.9497 0
29.950 -21.0858 0
30.000 -21.1217 0
30.050 -21.1576 0
30.100 -21.1935 0
30.150 -21.2294 0
30.200 -21.3655 0
30.250 -21.4014 0
30.300 -21.4373 0
30.350 -21.4732 0
30.400 -21.5092 0
30.450 -21.5451 0
30.500 -21.6811 0
30.550 -21.7170 0
30.600 -21.7529 0
30.650 -21.7889 0
30.700 -21.8248 0
30.750 -21.8607 0
30.800 -21.8966 0
30.850 -21.9325 0
30.900 -22.0686 0
30.950 -22.1045 0
31.000 -22.1404 0
31.050 -22.1763 0
31.100 -22.2123 0
31.150 -22.2482 0
31.200 -22.2841 0
31.250 -22.3200 0
31.300 -22.4561 0
31.350 -22.4920 0
31.400 -22.5279 0
31.450 -22.5638 0
31.500 -22.5997 0
31.550 -22.6357 0
31.600 -22.6716 0
31.650 -22.7075 0
31.700 -22.7434 0
31.750 -22.8794 0
31.800 -22.9154 0
31.850 -22.9513 0
31.900 -22.9872 0
31.950 -23.0231 0
32.000 -23.0591 0
32.050 -23.1951 0
32.100 -23.2310 0
32.150 -23.2669 0
32.200 -23.3028 0
32.250 -23.3388 0
32.300 -23.3747 0
32.350 -23.4106 0
32.400 -23.5466 0
32.450 -23.5826 0
32.500 -23.6185 0
32.550 -23.6544 0
32.600 -23.6903 0
32.650 -23.8263 0
32.700 -23.8623 0
32.750 -23.8982 0
32.800 -23.9341 0
32.850 -23.9700 0
32.900 -24.0060 0
32.950 -24.1420 0
33.000 -24.1779 0
33.050 -24.2138 0
33.100 -24.2497 0
33.150 -24.2857 0
33.200 -24.4217 0
33.250 -24.4576 0
33.300 -24.4935 0
33.350 -24.5295 0
33.400 -24.5654 0
33.450 -24.7014 0
33.500 -24.7373 0
33.550 -24.7732 0
33.600 -24.8092 0
33.650 -24.8451 0
33.700 -24.9811 0
33.750 -25.0170 0
33.800 -25.0530 0
33.850 -25.0889 0
33.900 -25.1248 0
33.950 -25.2608 0
34.000 -25.2968 0
34.050 -25.3327 0
34.100 -25.3686 0
34.150 -25.4045 0
34.200 -25.5405 0
34.250 -25.5765 0
34.300 -25.6124 0
34.350 -25.6483 0
34.400 -25.6842 0
34.450 -25.7201 0
34.500 -25.8562 0
34.550 -25.8921 0
34.600 -25.9280 0
34.650 -25.9639 0
34.700 -25.9999 0
34.750 -26.1359 0
34.800 -26.1718 0
34.850 -26.2077 0
34.900 -26.2437 0
34.950 -26.2796 0
35.000 -26.4156 0
35.050 -26.4515 0
35.100 -26.4874 0
35.150 -26.5234 0
35.200 -26.5593 0
35.250 -26.6953 0
35.300 -26.7312 0
35.350 -26.7672 0
35.400 -26.8031 1
35.450 -26.8390 1
35.500 -26.9750 1
35.550 -27.0109 1
35.600 -27.0469 1
35.650 -27.0828 1
35.700 -27.1187 1
35.750 -27.2547 1
35.800 -27.2907 1
35.850 -27.3266 1
35.900 -27.3625 1
35.950 -27.4985 1
36.000 -27.5345 1
36.050 -27.5704 1
36.100 -27.6063 1
36.150 -27.7423 1
36.200 -27.7782 1
36.250 -27.8142 1
36.300 -27.8501 1
36.350 -27.9861 1
36.400 -28.0220 1
36.450 -28.0580 1
36.500 -28.0939 1
36.550 -28.2299 1
36.600 -28.2658 1
36.650 -28.3017 1
36.700 -28.4378 1
36.750 -28.4737 1
36.800 -28.5096 1
36.850 -28.5455 1
36.900 -28.6816 1
36.950 -28.7175 1
37.000 -28.7534 1
37.050 -28.8894 1
37.100 -28.9254 1
37.150 -28.9613 1
37.200 -28.9972 1
37.250 -29.1332 1
37.300 -29.1692 1
37.350 -29.2051 1
37.400 -29.3411 1
37.450 -29.3770 1
37.500 -29.4129 1
37.550 -29.5490 1
37.600 -29.5849 1
37.650 -29.6208 1
37.700 -29.6567 1
37.750 -29.7928 1
37.800 -29.8287 1
37.850 -29.8646 1
37.900 -30.0006 1
37.950 -30.0366 1
38.000 -30.0725 1
38.050 -30.2085 1
38.100 -30.2444 1
38.150 -30.2803 1
38.200 -30.4164 1
38.250 -30.4523 1
38.300 -30.4882 1
38.350 -30.6242 1
38.400 -30.6602 1
38.450 -30.6961 1
38.500 -30.8321 1
38.550 -30.8680 1
38.600 -30.9040 1
38.650 -31.0400 1
38.700 -31.0759 1
38.750 -31.1118 1
38.800 -31.1478 1
38.850 -31.2838 1
38.900 -31.3197 1
38.950 -31.3556 1
39.000 -31.4917 1
39.050 -31.5276 1
39.100 -31.5635 1
39.150 -31.6995 1
39.200 -31.7354 1
39.250 -31.7714 1
39.300 -31.9074 1
39.350 -31.9433 1
39.400 -31.9792 1
39.450 -32.1153 1
39.500 -32.1512 1
39.550 -32.1871 1
39.600 -32.3231 1
39.650 -32.3591 1
39.700 -32.3950 1
39.750 -32.5310 1
39.800 -32.5669 1
39.850 -32.6029 1
39.900 -32.7389 1
39.950 -32.7748 1
40.000 -32.8107 1
40.050 -32.9468 1
40.100 -32.9827 1
40.150 -33.0186 1
40.200 -33.1546 1
40.250 -33.1905 1
40.300 -33.2265 1
40.350 -33.3625 1
40.400 -33.3984 1
40.450 -33.4343 1
40.500 -33.5704 1
40.550 -33.6063 1
40.600 -33.6422 1
40.650 -33.7782 1
40.700 -33.8142 1
40.750 -33.9502 1
40.800 -33.9861 1
40.850 -34.0220 1
40.900 -34.1581 1
40.950 -34.1940 1
41.000 -34.2299 1
41.050 -34.3659 1
41.100 -34.4019 1
41.150 -34.5379 1
41.200 -34.5738 1
41.250 -34.6097 1
41.300 -34.7458 1
41.350 -34.7817 1
41.400 -34.8176 1
41.450 -34.9536 1
41.500 -34.9895 1
41.550 -35.1256 1
41.600 -35.1615 1
41.650 -35.1974 1
41.700 -35.3334 1
41.750 -35.3694 1
41.800 -35.4053 1
41.850 -35.5413 1
41.900 -35.5772 1
41.950 -35.7133 1
42.000 -35.7492 1
42.050 -35.7851 1
42.100 -35.9211 1
42.150 -35.9571 1
42.200 -36.0931 1
42.250 -36.1290 1
42.300 -36.1649 1
42.350 -36.3010 1
42.400 -36.3369 1
42.450 -36.3728 1
42.500 -36.5088 1
42.550 -36.5447 1
42.600 -36.6808 1
42.650 -36.7167 1
42.700 -36.7526 1
42.750 36.6915 1
42.800 36.6556 1
42.850 36.6197 1
42.900 36.4836 1
42.950 36.4477 1
43.000 36.4118 1
43.050 36.2758 1
43.100 36.2398 1
43.150 36.2039 1
43.200 36.0679 1
43.250 36.0320 1
43.300 35.9961 1
43.350 35.8600 1
43.400 35.8241 1
43.450 35.6881 1
43.500 35.6522 1
43.550 35.6162 1
43.600 35.4802 1
43.650 35.4443 1
43.700 35.4084 1
43.750 35.2723 1
43.800 35.2364 1
43.850 35.2005 1
43.900 35.0645 1
43.950 35.0285 1
44.000 34.9926 1
44.050 34.9567 1
44.100 34.8207 1
44.150 34.7848 1
44.200 34.7488 1
44.250 34.6128 1
44.300 34.5769 1
44.350 34.5410 1
44.400 34.4049 1
44.450 34.3690 1
44.500 34.3331 1
44.550 34.2972 1
44.600 34.1611 1
44.650 34.1252 1
44.700 34.0893 1
44.750 33.9533 1
44.800 33.9173 1
44.850 33.8814 1
44.900 33.7454 1
44.950 33.7095 1
45.000 33.6736 1
45.050 33.5375 1
45.100 33.5016 1
45.150 33.4657 1
45.200 33.3297 1
45.250 33.2937 1
45.300 33.1577 1
45.350 33.1218 1
45.400 33.0859 1
45.450 32.9498 1
45.500 32.9139 1
45.550 32.8780 1
45.600 32.7420 1
45.650 32.7060 1
45.700 32.6701 1
45.750 32.5341 1
45.800 32.4982 1
45.850 32.4622 1
45.900 32.3262 1
45.950 32.2903 1
46.000 32.2544 1
46.050 32.1183 1
46.100 32.0824 1
46.150 31.9464 1
46.200 31.9105 1
46.250 31.8746 1
46.300 31.7385 1
46.350 31.7026 1
46.400 31.6667 1
46.450 31.5307 1
46.500 31.4947 1
46.550 31.4588 1
46.600 31.3228 1
46.650 31.2869 1
46.700 31.2509 1
46.750 31.1149 1
46.800 31.0790 1
46.850 31.0431 1
46.900 30.9070 1
46.950 30.8711 1
47.000 30.8352 1
47.050 30.6992 1
47.100 30.6632 1
47.150 30.6273 1
47.200 30.5914 1
47.250 30.4554 1
47.300 30.4195 1
47.350 30.3835 1
47.400 30.2475 1
47.450 30.2116 1
47.500 30.1757 1
47.550 30.0396 1
47.600 30.0037 1
47.650 29.9678 1
47.700 29.8318 1
47.750 29.7958 1
47.800 29.7599 1
47.850 29.6239 1
47.900 29.5880 1
47.950 29.5521 1
48.000 29.4160 1
48.050 29.3801 1
48.100 29.3442 1
48.150 29.3083 1
48.200 29.1722 1
48.250 29.1363 1
48.300 29.1004 1
48.350 28.9644 1
48.400 28.9284 1
48.450 28.8925 1
48.500 28.7565 1
48.550 28.7206 1
48.600 28.6846 1
48.650 28.6487 1
48.700 28.5127 1
48.750 28.4768 1
48.800 28.4409 1
48.850 28.3048 1
48.900 28.2689 1
48.950 28.2330 1
49.000 28.0970 1
49.050 28.0610 1
49.100 28.0251 1
49.150 27.8891 1
49.200 27.8532 1
49.250 27.8172 1
49.300 27.6812 1
49.350 27.6453 1
49.400 27.6094 1
49.450 27.4733 1
49.500 27.4374 1
49.550 27.4015 1
49.600 27.2655 1
49.650 27.2295 1
49.700 27.1936 1
49.750 27.0576 1
49.800 27.0217 1
49.850 26.9858 1
49.900 26.8497 1
49.950 26.8138 1
50.000 26.6778 1
50.050 26.6419 1
50.100 26.6059 1
50.150 26.4699 1
50.200 26.4340 1
50.250 26.3981 1
50.300 26.2620 1
50.350 26.2261 1
50.400 26.1902 1
50.450 26.0542 1
50.500 26.0182 1
50.550 25.9823 1
50.600 25.8463 1
50.650 25.8104 1
50.700 25.7745 1
50.750 25.6384 1
50.800 25.6025 1
50.850 25.5666 0
50.900 25.4306 0
50.950 25.3946 0
51.000 25.3587 0
51.050 25.2227 0
51.100 25.1868 0
51.150 25.1508 0
51.200 25.0148 0
51.250 24.9789 0
51.300 24.9430 0
51.350 24.8069 0
51.400 24.7710 0
51.450 24.7351 0
51.500 24.5991 0
51.550 24.5631 0
51.600 24.5272 0
51.650 24.3912 0
51.700 24.3553 0
51.750 24.3194 0
51.800 24.1833 0
51.850 24.1474 0
51.900 24.1115 0
51.950 23.9755 0
52.000 23.9395 0
52.050 23.8035 0
52.100 23.7676 0
52.150 23.7317 0
52.200 23.5956 0
52.250 23.5597 0
52.300 23.4237 0
52.350 23.3878 0
52.400 23.3518 0
52.450 23.2158 0
52.500 23.1799 0
52.550 23.0439 0
52.600 23.0079 0
52.650 22.9720 0
52.700 22.8360 0
52.750 22.8001 0
52.800 22.7641 0
52.850 22.6281 0
52.900 22.5922 0
52.950 22.4562 0
53.000 22.4202 0
53.050 22.3843 0
53.100 22.2483 0
53.150 22.2124 0
53.200 22.0763 0
53.250 22.0404 0
53.300 22.0045 0
53.350 21.8685 0
53.400 21.8326 0
53.450 21.7966 0
53.500 21.6606 0
53.550 21.6247 0
53.600 21.5888 0
53.650 21.4527 0
53.700 21.4168 0
53.750 21.3809 0
53.800 21.2449 0
53.850 21.2089 0
53.900 21.1730 0
53.950 21.1371 0
54.000 21.0011 0
54.050 20.9651 0
54.100 20.9292 0
54.150 20.8933 0
54.200 20.7573 0
54.250 20.7214 0
54.300 20.6854 0
54.350 20.5494 0
54.400 20.5135 0
54.450 20.4776 0
54.500 20.3415 0
54.550 20.3056 0
54.600 20.2697 0
54.650 20.2338 0
54.700 20.0977 0
54.750 20.0618 0
54.800 20.0259 0
54.850 19.9900 0
54.900 19.9541 0
54.950 19.8180 0
55.000 19.7821 0
55.050 19.7462 0
55.100 19.7103 0
55.150 19.5742 0
55.200 19.5383 0
55.250 19.5024 0
55.300 19.4665 0
55.350 19.4306 0
55.400 19.2945 0
55.450 19.2586 0
55.500 19.2227 0
55.550 19.1868 0
55.600 19.0507 0
55.650 19.0148 0
55.700 18.9789 0
55.750 18.9430 0
55.800 18.8069 0
55.850 18.7710 0
55.900 18.7351 0
55.950 18.6992 0
56.000 18.5632 0
56.050 18.5272 0
56.100 18.4913 0
56.150 18.4554 0
56.200 18.3194 0
56.250 18.2834 0
56.300 18.2475 0
56.350 18.2116 0
56.400 18.0756 0
56.450 18.0396 0
56.500 18.0037 0
56.550 17.9678 0
56.600 17.8318 0
56.650 17.7959 0
56.700 17.7599 0
56.750 17.7240 0
56.800 17.6881 0
56.850 17.5521 0
56.900 17.5161 0
56.950 17.4802 0
57.000 17.4443 0
57.050 17.4084 0
57.100 17.3725 0
57.150 17.2364 0
57.200 17.2005 0
57.250 17.1646 0
57.300 17.1287 0
57.350 17.0927 0
57.400 17.0568 0
57.450 16.9208 0
57.500 16.8849 0
57.550 16.8490 0
57.600 16.8130 0
57.650 16.7771 0
57.700 16.7412 0
57.750 16.6052 0
57.800 16.5692 0
57.850 16.5333 0
57.900 16.4974 0
57.950 16.4615 0
58.000 16.4256 0
58.050 16.3896 0
58.100 16.3537 0
58.150 16.3178 0
58.200 16.1818 0
58.250 16.1458 0
58.300 16.1099 0
58.350 16.0740 0
58.400 16.0381 0
58.450 16.0022 0
58.500 15.9662 0
58.550 15.8302 0
58.600 15.7943 0
58.650 15.7584 0
58.700 15.7225 0
58.750 15.6865 0
58.800 15.6506 0
58.850 15.5146 0
58.900 15.4787 0
58.950 15.4427 0
59.000 15.4068 0
59.050 15.3709 0
59.100 15.2349 0
59.150 15.1989 0
59.200 15.1630 0
59.250 15.1271 0
59.300 15.0912 0
59.350 15.0553 0
59.400 15.0193 0
59.450 14.8833 0
59.500 14.8474 0
59.550 14.8115 0
59.600 14.7756 0
59.650 14.7396 0
59.700 14.7037 0
59.750 14.6678 0
59.800 14.6319 0
59.850 14.5960 0
59.900 14.4599 0
59.950 14.4240 0
60.000 14.3881 0
60.050 14.3522 0
60.100 14.3162 0
60.150 14.2803 0
60.200 14.2444 0
60.250 14.2085 0
60.300 14.0724 0
60.350 14.0365 0
60.400 14.0006 0
60.450 13.9647 0
60.500 13.9288 0
60.550 13.8928 0
60.600 13.8569 0
60.650 13.7209 0
60.700 13.6850 0
60.750 13.6491 0
60.800 13.6131 0
60.850 13.5772 0
60.900 13.5413 0
60.950 13.4053 0
61.000 13.3693 0
61.050 13.3334 0
61.100 13.2975 0
61.150 13.2616 0
61.200 13.2257 0
61.250 13.0896 0
61.300 13.0537 0
61.350 13.0178 0
61.400 12.9819 0
61.450 12.9459 0
61.500 12.9100 0
61.550 12.7740 0
61.600 12.7381 0
61.650 12.7022 0
61.700 12.6662 0
61.750 12.6303 0
61.800 12.4943 0
61.850 12.4584 0
61.900 12.4224 0
61.950 12.3865 0
62.000 12.3506 0
62.050 12.2146 0
62.100 12.1786 0
62.150 12.1427 0
62.200 12.1068 0
62.250 12.0709 0
62.300 11.9349 0
62.350 11.8989 0
62.400 11.8630 0
62.450 11.8271 0
62.500 11.7912 0
62.550 11.6551 0
62.600 11.6192 0
62.650 11.5833 0
62.700 11.5474 0
62.750 11.5115 0
62.800 11.3754 0
62.850 11.3395 0
62.900 11.3036 0
62.950 11.2677 0
63.000 11.2317 0
63.050 11.0957 0
63.100 11.0598 0
63.150 11.0239 0
63.200 10.9880 0
63.250 10.9520 0
63.300 10.9161 0
63.350 10.7801 0
63.400 10.7442 0
63.450 10.7082 0
63.500 10.6723 0
63.550 10.6364 0
63.600 10.5004 0
63.650 10.4645 0
63.700 10.4285 0
63.750 10.3926 0
63.800 10.3567 0
63.850 10.2207 0
63.900 10.1847 0
63.950 10.1488 0
64.000 10.1129 0
64.050 10.0770 0
64.100 9.9409 0
64.150 9.9050 0
64.200 9.8691 0
64.250 9.8332 0
64.300 9.6972 0
64.350 9.6612 0
64.400 9.6253 0
64.450 9.5894 0
64.500 9.5535 0
64.550 9.4174 0
64.600 9.3815 0
64.650 9.3456 0
64.700 9.3097 0
64.750 9.1737 0
64.800 9.1377 0
64.850 9.1018 0
64.900 9.0659 0
64.950 8.9299 0
65.000 8.8939 0
65.050 8.8580 0
65.100 8.7220 0
65.150 8.6861 0
65.200 8.6501 0
65.250 8.6142 0
65.300 8.4782 0
65.350 8.4423 0
65.400 8.4064 0
65.450 8.3704 0
65.500 8.2344 0
65.550 8.1985 0
65.600 8.1626 0
65.650 8.0265 0
65.700 7.9906 0
65.750 7.9547 0
65.800 7.9188 0
65.850 7.7827 0
65.900 7.7468 0
65.950 7.7109 0
66.000 7.5749 0
66.050 7.5390 0
66.100 7.5030 0
66.150 7.3670 0
66.200 7.3311 0
66.250 7.2952 0
66.300 7.2592 0
66.350 7.1232 0
66.400 7.0873 0
66.450 7.0514 0
66.500 6.9153 0
66.550 6.8794 0
66.600 6.8435 0
66.650 6.7075 0
66.700 6.6715 0
66.750 6.6356 0
66.800 6.4996 0
66.850 6.4637 0
66.900 6.4278 0
66.950 6.2917 0
67.000 6.2558 0
67.050 6.2199 0
67.100 6.0839 0
67.150 6.0479 0
67.200 6.0120 0
67.250 5.8760 0
67.300 5.8401 0
67.350 5.8041 0
67.400 5.6681 0
67.450 5.6322 0
67.500 5.5963 0
67.550 5.5603 0
67.600 5.4243 0
67.650 5.3884 0
67.700 5.3525 0
67.750 5.2164 0
67.800 5.1805 0
67.850 5.1446 0
67.900 5.0086 0
67.950 4.9727 0
68.000 4.9367 0
68.050 4.8007 0
68.100 4.7648 0
68.150 4.7289 0
68.200 4.5928 0
68.250 4.5569 0
68.300 4.5210 0
68.350 4.3850 0
68.400 4.3490 0
68.450 4.3131 0
68.500 4.1771 0
68.550 4.1412 0
68.600 4.1053 0
68.650 3.9692 0
68.700 3.9333 0
68.750 3.8974 0
68.800 3.7613 0
68.850 3.7254 0
68.900 3.6895 0
68.950 3.5375 0
69.000 3.4856 0
69.050 3.4336 0
69.100 3.2816 0
69.150 3.2297 0
69.200 3.1778 0
69.250 3.0257 0
69.300 2.9738 0
69.350 2.8218 0
69.400 2.7699 0
69.450 2.7179 0
69.500 2.5779 0
69.550 2.5420 0
69.600 2.5061 1
69.650 2.3700 1
69.700 2.3341 1
69.750 2.1981 1
69.800 2.1622 1
69.850 2.1263 1
69.900 1.9902 1
69.950 1.9543 1
70.000 1.8183 1
70.050 1.7824 1
70.100 1.7464 1
70.150 1.6104 1
70.200 1.5745 1
70.250 1.5386 1
70.300 1.4025 1
70.350 1.3666 1
70.400 1.2306 1
70.450 1.1947 1
70.500 1.1587 1
70.550 1.0227 1
70.600 0.9868 1
70.650 0.9509 1
70.700 0.8148 1
70.750 0.7789 1
70.800 0.7430 1
70.850 0.6070 1
70.900 0.5710 1
70.950 0.5351 1
71.000 0.3991 1
71.050 0.3632 1
71.100 0.3273 1
71.150 0.1912 1
71.200 0.1553 1
71.250 0.1194 1
71.300 0.0835 1
71.350 -0.0526 1
71.400 -0.0885 1
71.450 -0.1244 0
71.500 -0.1603 0
71.550 -0.2964 0
71.600 -0.3323 0
71.650 -0.3682 0
71.700 -0.4041 0
71.750 -0.5413 0
71.800 -0.5784 0
71.850 -0.6143 0
71.900 -0.7504 0
71.950 -0.7863 0
72.000 -0.8222 0
72.050 -0.9582 0
72.100 -0.9942 0
72.150 -1.0301 0
72.200 -1.1661 0
72.250 -1.2020 0
72.300 -1.2380 0
72.350 -1.3740 0
72.400 -1.4099 0
72.450 -1.4458 0
72.500 -1.5819 0
72.550 -1.6178 0
72.600 -1.6537 0
72.650 -1.6896 0
72.700 -1.8256 0
72.750 -1.8616 0
72.800 -1.8975 0
72.850 -2.0335 0
72.900 -2.0694 0
72.950 -2.1054 0
73.000 -2.1413 0
73.050 -2.2773 0
73.100 -2.3132 0
73.150 -2.3491 0
73.200 -2.4852 0
73.250 -2.5211 0
73.300 -2.5570 0
73.350 -2.5929 0
73.400 -2.7290 0
73.450 -2.7649 0
73.500 -2.8008 0
73.550 -2.9368 0
73.600 -2.9728 0
73.650 -3.0087 0
73.700 -3.1447 0
73.750 -3.1806 0
73.800 -3.2166 0
73.850 -3.2525 0
73.900 -3.3885 0
73.950 -3.4244 0
74.000 -3.4763 0
74.050 -3.6284 0
74.100 -3.6803 0
74.150 -3.7322 0
74.200 -3.8842 0
74.250 -3.9362 0
74.300 -3.9881 0
74.350 -4.1401 0
74.400 -4.1920 0
74.450 -4.2440 0
74.500 -4.3960 0
74.550 -4.4359 0
74.600 -4.4718 0
74.650 -4.6079 0
74.700 -4.6438 0
74.750 -4.6797 0
74.800 -4.8157 0
74.850 -4.8517 0
74.900 -4.8876 0
74.950 -5.0236 0
75.000 -5.0595 0
75.050 -5.0954 0
75.100 -5.2315 0
75.150 -5.2674 0
75.200 -5.3033 0
75.250 -5.4393 0
75.300 -5.4753 0
75.350 -5.5112 0
75.400 -5.6472 0
75.450 -5.6831 0
75.500 -5.7191 0
75.550 -5.8551 0
75.600 -5.8910 0
75.650 -5.9269 0
75.700 -5.9628 0
75.750 -6.0989 0
75.800 -6.1348 0
75.850 -6.1707 0
75.900 -6.3068 0
75.950 -6.3427 0
76.000 -6.3786 0
76.050 -6.5146 0
76.100 -6.5505 0
76.150 -6.5865 0
76.200 -6.6224 0
76.250 -6.7584 0
76.300 -6.7943 0
76.350 -6.8303 0
76.400 -6.9663 0
76.450 -7.0022 0
76.500 -7.0381 0
76.550 -7.1742 0
76.600 -7.2101 0
76.650 -7.2460 0
76.700 -7.3820 0
76.750 -7.4179 0
76.800 -7.4539 0
76.850 -7.4898 0
76.900 -7.6258 0
76.950 -7.6617 0
77.000 -7.6977 0
77.050 -7.8337 0
77.100 -7.8696 0
77.150 -7.9055 0
77.200 -8.0416 0
77.250 -8.0775 0
77.300 -8.1134 0
77.350 -8.2494 0
77.400 -8.2854 0
77.450 -8.3213 0
77.500 -8.3572 0
77.550 -8.4932 0
77.600 -8.5291 0
77.650 -8.5651 0
77.700 -8.7011 0
77.750 -8.7370 0
77.800 -8.7729 0
77.850 -8.9090 0
77.900 -8.9449 0
77.950 -8.9808 0
78.000 -9.1168 0
78.050 -9.1528 0
78.100 -9.1887 0
78.150 -9.3247 0
78.200 -9.3606 0
78.250 -9.3965 0
78.300 -9.5326 0
78.350 -9.5685 0
78.400 -9.6044 0
78.450 -9.7404 0
78.500 -9.7764 0
78.550 -9.9124 0
78.600 -9.9483 0
78.650 -9.9842 0
78.700 -10.1203 0
78.750 -10.1562 0
78.800 -10.1921 0
78.850 -10.3281 0
78.900 -10.3641 0
78.950 -10.4000 0
79.000 -10.5360 0
79.050 -10.5719 0
79.100 -10.6079 0
79.150 -10.7439 0
79.200 -10.7798 0
79.250 -10.8157 0
79.300 -10.9518 0
79.350 -10.9877 0
79.400 -11.1237 0
79.450 -11.1596 0
79.500 -11.1955 0
79.550 -11.3316 0
79.600 -11.3675 0
79.650 -11.4034 0
79.700 -11.5394 0
79.750 -11.5754 0
79.800 -11.6113 0
79.850 -11.7473 0
79.900 -11.7832 0
79.950 -11.8192 0
80.000 -11.9552 0
80.050 -11.9911 0
80.100 -12.0270 0
80.150 -12.0630 0
80.200 -12.1990 0
80.250 -12.2349 0
80.300 -12.3709 0
80.350 -12.4069 0
80.400 -12.4428 0
80.450 -12.5788 0
80.500 -12.6147 0
80.550 -12.6506 0
80.600 -12.7867 0
80.650 -12.8226 0
80.700 -12.9586 0
80.750 -12.9945 0
80.800 -13.0305 0
80.850 -13.1665 0
80.900 -13.2024 0
80.950 -13.3384 0
81.000 -13.3744 0
81.050 -13.4103 0
81.100 -13.5463 0
81.150 -13.5822 0
81.200 -13.7183 0
81.250 -13.7542 0
81.300 -13.8902 0
81.350 -13.9261 0
81.400 -13.9621 0
81.450 -14.0981 0
81.500 -14.1340 0
81.550 -14.2700 0
81.600 -14.3060 0
81.650 -14.4420 0
81.700 -14.4779 0
81.750 -14.5138 0
81.800 -14.6499 0
81.850 -14.6858 0
81.900 -14.8218 0
81.950 -14.8577 0
82.000 -14.8937 0
82.050 -15.0297 0
82.100 -15.0656 0
82.150 -15.1015 0
82.200 -15.2376 0
82.250 -15.2735 0
82.300 -15.3094 0
82.350 -15.4454 0
82.400 -15.4813 0
82.450 -15.5173 0
82.500 -15.6533 0
82.550 -15.6892 0
82.600 -15.7251 0
82.650 -15.8612 0
82.700 -15.8971 0
82.750 -15.9330 0
82.800 -15.9689 0
82.850 -16.1050 0
82.900 -16.1409 0
82.950 -16.1768 0
83.000 -16.3128 0
83.050 -16.3488 0
83.100 -16.3847 0
83.150 -16.5207 0
83.200 -16.5566 0
83.250 -16.5925 0
83.300 -16.6285 0
83.350 -16.7645 0
83.400 -16.8004 0
83.450 -16.8363 0
83.500 -16.8723 0
83.550 -17.0083 0
83.600 -17.0442 0
83.650 -17.0801 0
83.700 -17.1160 0
83.750 -17.1520 0
83.800 -17.2880 0
83.850 -17.3239 0
83.900 -17.3598 0
83.950 -17.3958 0
84.000 -17.5318 0
84.050 -17.5677 0
84.100 -17.6036 0
84.150 -17.6396 0
84.200 -17.7756 0
84.250 -17.8115 0
84.300 -17.8474 0
84.350 -17.8833 0
84.400 -18.0194 0
84.450 -18.0553 0
84.500 -18.0912 0
84.550 -18.1271 0
84.600 -18.2632 0
84.650 -18.2991 0
84.700 -18.3350 0
84.750 -18.3709 0
84.800 -18.5070 0
84.850 -18.5429 0
84.900 -18.5788 0
84.950 -18.6147 0
85.000 -18.7507 0
85.050 -18.7867 0
85.100 -18.8226 0
85.150 -18.8585 0
85.200 -18.9945 0
85.250 -19.0305 0
85.300 -19.0664 0
85.350 -19.1023 0
85.400 -19.1382 0
85.450 -19.2743 0
85.500 -19.3102 0
85.550 -19.3461 0
85.600 -19.3820 0
85.650 -19.4179 0
85.700 -19.5540 0
85.750 -19.5899 0
85.800 -19.6258 0
85.850 -19.6617 0
85.900 -19.6976 0
85.950 -19.8337 0
86.000 -19.8696 0
86.050 -19.9055 0
86.100 -19.9414 0
86.150 -19.9774 0
86.200 -20.1134 0
86.250 -20.1493 0
86.300 -20.1852 0
86.350 -20.2212 0
86.400 -20.2571 0
86.450 -20.2930 0
86.500 -20.4290 0
86.550 -20.4649 0
86.600 -20.5009 0
86.650 -20.5368 0
86.700 -20.5727 0
86.750 -20.6086 0
86.800 -20.6445 0
86.850 -20.6805 0
86.900 -20.8165 0
86.950 -20.8524 0
87.000 -20.8883 0
87.050 -20.9243 0
87.100 -20.9602 0
87.150 -20.9961 0
87.200 -21.0320 0
87.250 -21.1681 0
87.300 -21.2040 0
87.350 -21.2399 0
87.400 -21.2758 0
87.450 -21.3117 0
87.500 -21.3477 0
87.550 -21.4837 0
87.600 -21.5196 0
87.650 -21.5555 0
87.700 -21.5914 0
87.750 -21.6274 0
87.800 -21.6633 0
87.850 -21.7993 0
87.900 -21.8352 0
87.950 -21.8712 0
88.000 -21.9071 0
88.050 -21.9430 0
88.100 -21.9789 0
88.150 -22.1150 0
88.200 -22.1509 0
88.250 -22.1868 0
88.300 -22.2227 0
88.350 -22.2586 0
88.400 -22.2946 0
88.450 -22.3305 0
88.500 -22.3664 0
88.550 -22.4023 0
88.600 -22.5383 0
88.650 -22.5743 0
88.700 -22.6102 0
88.750 -22.6461 0
88.800 -22.6820 0
88.850 -22.7179 0
88.900 -22.7539 0
88.950 -22.7898 0
89.000 -22.9258 0
89.050 -22.9617 0
89.100 -22.9977 0
89.150 -23.0336 0
89.200 -23.0695 0
89.250 -23.1054 0
89.300 -23.1413 0
89.350 -23.2774 0
89.400 -23.3133 0
89.450 -23.3492 0
89.500 -23.3851 0
89.550 -23.4211 0
89.600 -23.4570 0
89.650 -23.5930 0
89.700 -23.6289 0
89.750 -23.6648 0
89.800 -23.7008 0
89.850 -23.7367 0
89.900 -23.7726 0
89.950 -23.9086 0
90.000 -23.9446 0
90.050 -23.9805 0
90.100 -24.0164 0
90.150 -24.0523 0
90.200 -24.0882 0
90.250 -24.2243 0
90.300 -24.2602 0
90.350 -24.2961 0
90.400 -24.3320 0
90.450 -24.3680 0
90.500 -24.5040 0
90.550 -24.5399 0
90.600 -24.5758 0
90.650 -24.6117 0
90.700 -24.6477 0
90.750 -24.7837 0
90.800 -24.8196 0
90.850 -24.8555 0
90.900 -24.8915 0
90.950 -24.9274 0
91.000 -25.0634 0
91.050 -25.0993 0
91.100 -25.1353 0
91.150 -25.1712 0
91.200 -25.2071 0
91.250 -25.3431 0
91.300 -25.3790 0
91.350 -25.4150 0
91.400 -25.4509 0
91.450 -25.4868 0
91.500 -25.6228 0
91.550 -25.6588 0
91.600 -25.6947 0
91.650 -25.7306 0
91.700 -25.7665 0
91.750 -25.9025 0
91.800 -25.9385 0
91.850 -25.9744 0
91.900 -26.0103 0
91.950 -26.0462 0
92.000 -26.1823 0
92.050 -26.2182 0
92.100 -26.2541 0
92.150 -26.2900 0
92.200 -26.3259 0
92.250 -26.3619 0
92.300 -26.4979 0
92.350 -26.5338 0
92.400 -26.5697 0
92.450 -26.6057 0
92.500 -26.6416 0
92.550 -26.7776 0
92.600 -26.8135 0
92.650 -26.8494 0
92.700 -26.8854 0
92.750 -26.9213 0
92.800 -27.0573 0
92.850 -27.0932 1
92.900 -27.1292 1
92.950 -27.1651 1
93.000 -27.3011 1
93.050 -27.3370 1
93.100 -27.3730 1
93.150 -27.4089 1
93.200 -27.5449 1
93.250 -27.5808 1
93.300 -27.6167 1
93.350 -27.6527 1
93.400 -27.7887 1
93.450 -27.8246 1
93.500 -27.8605 1
93.550 -27.8965 1
93.600 -28.0325 1
93.650 -28.0684 1
93.700 -28.1043 1
93.750 -28.1402 1
93.800 -28.2763 1
93.850 -28.3122 1
93.900 -28.3481 1
93.950 -28.3840 1
94.000 -28.5201 1
94.050 -28.5560 1
94.100 -28.5919 1
94.150 -28.6278 1
94.200 -28.7639 1
94.250 -28.7998 1
94.300 -28.8357 1
94.350 -28.9717 1
94.400 -29.0077 1
94.450 -29.0436 1
94.500 -29.0795 1
94.550 -29.2155 1
94.600 -29.2514 1
94.650 -29.2874 1
94.700 -29.4234 1
94.750 -29.4593 1
94.800 -29.4952 1
94.850 -29.6313 1
94.900 -29.6672 1
94.950 -29.7031 1
95.000 -29.8391 1
95.050 -29.8751 1
95.100 -29.9110 1
95.150 -29.9469 1
95.200 -30.0829 1
95.250 -30.1189 1
95.300 -30.1548 1
95.350 -30.2908 1
95.400 -30.3267 1
95.450 -30.3626 1
95.500 -30.4987 1
95.550 -30.5346 1
95.600 -30.5705 1
95.650 -30.7065 1
95.700 -30.7425 1
95.750 -30.7784 1
95.800 -30.9144 1
95.850 -30.9503 1
95.900 -30.9863 1
95.950 -31.1223 1
96.000 -31.1582 1
96.050 -31.1941 1
96.100 -31.3302 1
96.150 -31.3661 1
96.200 -31.4020 1
96.250 -31.4379 1
96.300 -31.5739 1
96.350 -31.6099 1
96.400 -31.6458 1
96.450 -31.7818 1
96.500 -31.8177 1
96.550 -31.8537 1
96.600 -31.9897 1
96.650 -32.0256 1
96.700 -32.0615 1
96.750 -32.1976 1
96.800 -32.2335 1
96.850 -32.2694 1
96.900 -32.4054 1
96.950 -32.4414 1
97.000 -32.4773 1
97.050 -32.6133 1
97.100 -32.6492 1
97.150 -32.6851 1
97.200 -32.8212 1
97.250 -32.8571 1
97.300 -32.8930 1
97.350 -33.0290 1
97.400 -33.0650 1
97.450 -33.1009 1
97.500 -33.2369 1
97.550 -33.2728 1
97.600 -33.3088 1
97.650 -33.4448 1
97.700 -33.4807 1
97.750 -33.5166 1
97.800 -33.6527 1
97.850 -33.6886 1
97.900 -33.7245 1
97.950 -33.8605 1
98.000 -33.8965 1
98.050 -34.0325 1
98.100 -34.0684 1
98.150 -34.1043 1
98.200 -34.2404 1
98.250 -34.2763 1
98.300 -34.3122 1
98.350 -34.4482 1
98.400 -34.4841 1
98.450 -34.6202 1
98.500 -34.6561 1
98.550 -34.6920 1
98.600 -34.8280 1
98.650 -34.8640 1
98.700 -34.8999 1
98.750 -35.0359 1
98.800 -35.0718 1
98.850 -35.2079 1
98.900 -35.2438 1
98.950 -35.2797 1
99.000 -35.4157 1
99.050 -35.4517 1
99.100 -35.5877 1
99.150 -35.6236 1
99.200 -35.6595 1
99.250 -35.7956 1
99.300 -35.8315 1
99.350 -35.8674 1
99.400 -36.0034 1
99.450 -36.0394 1
99.500 -36.1754 1
99.550 -36.2113 1
99.600 -36.2472 1
99.650 -36.3833 1
99.700 -36.4192 1
99.750 -36.5552 1
99.800 -36.5911 1
99.850 -36.6270 1
99.900 -36.7631 1
99.950 36.7812 1
100.000 36.7452 1
100.050 36.6092 1
100.100 36.5733 1
100.150 36.5374 1
100.200 36.4013 1
100.250 36.3654 1
100.300 36.2294 1
100.350 36.1935 1
100.400 36.1576 1
100.450 36.0215 1
100.500 35.9856 1
100.550 35.9497 1
100.600 35.8137 1
100.650 35.7777 1
100.700 35.7418 1
100.750 35.6058 1
100.800 35.5699 1
100.850 35.5339 1
100.900 35.3979 1
100.950 35.3620 1
101.000 35.3261 1
101.050 35.1900 1
101.100 35.1541 1
101.150 35.1182 1
101.200 34.9822 1
101.250 34.9462 1
101.300 34.9103 1
101.350 34.7743 1
101.400 34.7384 1
101.450 34.7025 1
101.500 34.5664 1
101.550 34.5305 1
101.600 34.4946 1
101.650 34.4587 1
101.700 34.3226 1
101.750 34.2867 1
101.800 34.2508 1
101.850 34.1148 1
101.900 34.0788 1
101.950 34.0429 1
102.000 34.0070 1
102.050 33.8710 1
102.100 33.8351 1
102.150 33.7991 1
102.200 33.6631 1
102.250 33.6272 1
102.300 33.5913 1
102.350 33.4552 1
102.400 33.4193 1
102.450 33.3834 1
102.500 33.2474 1
102.550 33.2114 1
102.600 33.1755 1
102.650 33.0395 1
102.700 33.0036 1
102.750 32.9676 1
102.800 32.8316 1
102.850 32.7957 1
102.900 32.7598 1
102.950 32.6237 1
103.000 32.5878 1
103.050 32.5519 1
103.100 32.4159 1
103.150 32.3800 1
103.200 32.3440 1
103.250 32.2080 1
103.300 32.1721 1
103.350 32.1362 1
103.400 32.0001 1
103.450 31.9642 1
103.500 31.9283 1
103.550 31.7923 1
103.600 31.7563 1
103.650 31.7204 1
103.700 31.5844 1
103.750 31.5485 1
103.800 31.5125 1
103.850 31.3765 1
103.900 31.3406 1
103.950 31.3047 1
104.000 31.1686 1
104.050 31.1327 1
104.100 31.0968 1
104.150 30.9608 1
104.200 30.9249 1
104.250 30.8889 1
104.300 30.8530 1
104.350 30.7170 1
104.400 30.6811 1
104.450 30.6451 1
104.500 30.5091 1
104.550 30.4732 1
104.600 30.4373 1
104.650 30.3012 1
104.700 30.2653 1
104.750 30.2294 1
104.800 30.0934 1
104.850 30.0575 1
104.900 30.0215 1
104.950 29.9856 1
105.000 29.8496 1
105.050 29.8137 1
105.100 29.7777 1
105.150 29.7418 1
105.200 29.7059 1
105.250 29.6700 1
105.300 29.6341 1
105.350 29.5981 1
105.400 29.5622 1
105.450 29.5263 1
105.500 29.4904 1
105.550 29.4545 1
105.600 29.4185 1
105.650 29.3826 1
105.700 29.3467 1
105.750 29.3108 1
105.800 29.2748 1
105.850 29.1388 1
