x y d ox oy
9.2125 9.0034 1 13.3572 2.8129
9.0178 9.0197 1 13.3587 3.0655
8.8222 9.0285 1 13.3387 3.3174
8.6258 9.0290 1 13.2999 3.5670
8.4292 9.0203 1 13.2451 3.8137
8.2327 9.0022 1 13.1771 4.0571
8.0368 8.9747 1 13.0985 4.2973
7.8417 8.9383 1 13.0116 4.5346
7.6477 8.8941 1 12.9186 4.7696
7.4547 8.8431 1 12.8212 5.0028
7.2626 8.7866 1 12.7209 5.2348
7.0712 8.7260 1 12.6188 5.4660
6.8799 8.6626 1 12.5156 5.6967
6.6885 8.5977 1 12.4115 5.9271
6.4965 8.5323 1 12.3065 6.1569
6.3036 8.4673 1 12.1998 6.3861
6.1096 8.4035 1 12.0906 6.6140
5.9144 8.3413 1 11.9775 6.8400
5.7176 8.2813 1 11.8591 7.0633
5.5191 8.2240 1 11.7335 7.2826
5.3190 8.1694 1 11.5990 7.4965
5.1172 8.1172 1 11.4538 7.7034
4.9138 8.0670 1 11.2968 7.9014
4.7091 8.0183 1 11.1270 8.0884
4.5030 7.9706 1 10.9439 8.2626
4.2958 7.9236 1 10.7478 8.4218
4.0876 7.8767 1 10.5390 8.5642
3.8784 7.8295 1 10.3188 8.6880
3.6684 7.7815 1 10.0886 8.7921
3.4579 7.7321 1 9.8502 8.8755
3.2469 7.6808 1 9.6055 8.9385
3.0357 7.6268 1 9.3570 8.9844
2.8246 7.5695 1 9.1061 9.0147
2.6138 7.5081 1 8.8537 9.0258
2.4037 7.4417 1 8.6012 9.0180
2.1948 7.3695 1 8.3496 8.9943
1.9875 7.2906 1 8.0996 8.9571
1.7824 7.2044 1 7.8516 8.9084
1.5801 7.1100 1 7.6056 8.8505
1.3813 7.0072 1 7.3614 8.7855
1.1864 6.8956 1 7.1186 8.7153
0.9962 6.7751 1 6.8768 8.6418
0.8109 6.6459 1 6.6355 8.5666
0.6312 6.5081 1 6.3943 8.4910
0.4574 6.3619 1 6.1529 8.4162
0.2900 6.2076 1 5.9110 8.3431
0.1295 6.0452 1 5.6683 8.2723
-0.0235 5.8750 1 5.4249 8.2043
-0.1682 5.6971 1 5.1807 8.1393
-0.3040 5.5115 1 4.9357 8.0773
-0.4300 5.3186 1 4.6900 8.0179
-0.5455 5.1186 1 4.4438 7.9607
-0.6499 4.9120 1 4.1973 7.9052
-0.7426 4.6994 1 3.9505 7.8504
-0.8234 4.4813 1 3.7038 7.7955
-0.8923 4.2587 1 3.4574 7.7394
-0.9495 4.0321 1 3.2115 7.6808
-0.9952 3.8024 1 2.9666 7.6186
-1.0298 3.5701 1 2.7229 7.5515
-1.0536 3.3360 1 2.4810 7.4783
-1.0668 3.1003 1 2.2415 7.3977
-1.0696 2.8638 1 2.0049 7.3088
-1.0620 2.6268 1 1.7721 7.2105
-1.0445 2.3897 1 1.5438 7.1021
-1.0170 2.1529 0 1.3209 6.9829
-0.9796 1.9168 0 1.1043 6.8529
-0.9323 1.6818 0 0.8945 6.7120
-0.8762 1.4480 0 0.6921 6.5606
-0.8126 1.2152 0 0.4976 6.3993
-0.7432 0.9832 0 0.3114 6.2285
-0.6693 0.7517 0 0.1339 6.0485
-0.5920 0.5203 0 -0.0338 5.8595
-0.5123 0.2889 0 -0.1907 5.6614
-0.4309 0.0572 0 -0.3358 5.4545
-0.3483 -0.1749 0 -0.4679 5.2391
-0.2650 -0.4076 0 -0.5864 5.0159
-0.1814 -0.6409 0 -0.6909 4.7858
-0.0977 -0.8750 0 -0.7814 4.5499
-0.0141 -1.1098 0 -0.8582 4.3091
0.0695 -1.3453 0 -0.9217 4.0646
0.1531 -1.5813 0 -0.9726 3.8170
0.2373 -1.8179 0 -1.0108 3.5672
0.3225 -2.0545 0 -1.0365 3.3158
0.4095 -2.2911 0 -1.0496 3.0634
0.4994 -2.5270 0 -1.0502 2.8107
0.5935 -2.7618 0 -1.0386 2.5583
0.6932 -2.9946 0 -1.0154 2.3066
0.8001 -3.2245 0 -0.9814 2.0562
0.9160 -3.4503 0 -0.9375 1.8073
1.0427 -3.6706 0 -0.8847 1.5601
1.1818 -3.8834 0 -0.8242 1.3148
1.3349 -4.0864 0 -0.7570 1.0711
1.5035 -4.2769 0 -0.6844 0.8290
1.6885 -4.4515 0 -0.6075 0.5883
1.8903 -4.6063 0 -0.5272 0.3486
2.1083 -4.7368 0 -0.4446 0.1098
2.3411 -4.8384 0 -0.3604 -0.1285
2.5856 -4.9064 0 -0.2755 -0.3666
2.8372 -4.9369 0 -0.1905 -0.6046
3.0903 -4.9272 0 -0.1057 -0.8427
3.3345 -4.8670 0 -0.0215 -1.0810
3.5687 -4.7736 0 0.0620 -1.3195
3.7859 -4.6459 0 0.1452 -1.5582
3.9803 -4.4860 0 0.2282 -1.7969
4.1477 -4.2980 0 0.3118 -2.0354
4.2850 -4.0871 0 0.3969 -2.2734
4.3911 -3.8588 0 0.4847 -2.5104
4.4665 -3.6184 0 0.5764 -2.7459
4.5125 -3.3706 0 0.6738 -2.9792
4.5316 -3.1190 0 0.7785 -3.2092
4.5262 -2.8664 0 0.8925 -3.4347
4.4992 -2.6150 0 1.0175 -3.6544
4.4534 -2.3660 0 1.1552 -3.8662
4.3913 -2.1202 0 1.3071 -4.0682
4.3154 -1.8779 0 1.4742 -4.2577
4.2279 -1.6391 0 1.6576 -4.4315
4.1311 -1.4034 0 1.8574 -4.5861
4.0278 -1.1699 0 2.0734 -4.7171
3.9205 -0.9375 0 2.3042 -4.8198
3.8114 -0.7054 0 2.5468 -4.8896
3.7023 -0.4726 0 2.7972 -4.9223
3.5948 -0.2384 0 3.0496 -4.9147
3.4903 -0.0023 0 3.2971 -4.8654
3.3904 0.2363 0 3.5330 -4.7754
3.2965 0.4778 0 3.7504 -4.6472
3.2103 0.7227 0 3.9439 -4.4851
3.1335 0.9711 0 4.1095 -4.2945
3.0678 1.2230 0 4.2448 -4.0814
3.0148 1.4782 0 4.3491 -3.8514
2.9763 1.7362 0 4.4233 -3.6100
2.9539 1.9964 0 4.4688 -3.3615
2.9493 2.2577 0 4.4878 -3.1096
2.9639 2.5188 0 4.4830 -2.8570
2.9995 2.7780 0 4.4570 -2.6057
3.0576 3.0332 0 4.4127 -2.3570
3.1397 3.2818 0 4.3526 -2.1115
3.2469 3.5205 0 4.2795 -1.8696
3.3801 3.7458 0 4.1957 -1.6312
3.5393 3.9533 0 4.1033 -1.3959
3.7238 4.1385 0 4.0046 -1.1633
3.9317 4.2968 0 3.9015 -0.9325
4.1598 4.4237 0 3.7959 -0.7029
4.4041 4.5154 0 3.6894 -0.4737
4.6593 4.5692 0 3.5839 -0.2440
4.9195 4.5835 0 3.4811 -0.0132
5.1789 4.5590 0 3.3825 0.2195
5.4340 4.5118 0 3.2898 0.4547
5.6748 4.4166 0 3.2047 0.6926
5.8979 4.2848 0 3.1287 0.9337
6.1008 4.1234 0 3.0634 1.1778
6.2823 3.9379 0 3.0102 1.4248
6.4422 3.7333 0 2.9706 1.6744
6.5810 3.5135 0 2.9460 1.9259
6.6991 3.2817 0 2.9376 2.1784
6.7976 3.0405 0 2.9470 2.4309
6.8774 2.7923 0 2.9753 2.6820
6.9400 2.5389 0 3.0241 2.9299
6.9863 2.2816 0 3.0947 3.1724
7.0186 2.0217 0 3.1883 3.4071
7.0401 1.7602 0 3.3059 3.6306
7.0542 1.4976 0 3.4478 3.8395
7.0643 1.2343 0 3.6140 4.0297
7.0734 0.9704 0 3.8033 4.1967
7.0840 0.7061 0 4.0135 4.3366
7.0985 0.4414 0 4.2414 4.4453
7.1193 0.1766 0 4.4826 4.5195
7.1487 -0.0878 0 4.7323 4.5571
7.1891 -0.3511 0 4.9847 4.5569
7.2427 -0.6124 0 5.2344 4.5194
7.3114 -0.8704 0 5.4759 4.4461
7.3969 -1.1238 0 5.7050 4.3399
7.5003 -1.3706 0 5.9179 4.2041
7.6224 -1.6091 0 6.1121 4.0426
7.7635 -1.8371 0 6.2862 3.8597
7.9235 -2.0526 0 6.4396 3.6590
8.1016 -2.2537 0 6.5723 3.4440
8.2969 -2.4385 0 6.6849 3.2178
8.5079 -2.6055 0 6.7783 2.9831
8.7331 -2.7534 0 6.8540 2.7420
8.9705 -2.8813 0 6.9137 2.4965
9.2180 -2.9890 0 6.9594 2.2479
9.4737 -3.0765 0 6.9931 1.9975
9.7358 -3.1441 0 7.0172 1.7459
10.0024 -3.1926 0 7.0341 1.4937
10.2721 -3.2228 0 7.0463 1.2413
10.5435 -3.2348 0 7.0563 0.9887
10.8184 -3.2281 0 7.0667 0.7362
11.1068 -3.1852 0 7.0798 0.4838
11.3961 -3.1410 0 7.0983 0.2317
11.6847 -3.0898 0 7.1243 -0.0196
11.9724 -3.0307 0 7.1602 -0.2698
12.2590 -2.9639 0 7.2079 -0.5180
12.5443 -2.8903 0 7.2692 -0.7631
12.8287 -2.8111 0 7.3453 -1.0041
13.1123 -2.7277 0 7.4373 -1.2394
13.3955 -2.6418 0 7.5456 -1.4677
13.6787 -2.5548 0 7.6704 -1.6874
13.9622 -2.4679 0 7.8117 -1.8969
14.2463 -2.3819 0 7.9693 -2.0944
14.5309 -2.2972 0 8.1425 -2.2784
14.8158 -2.2132 0 8.3302 -2.4475
15.1004 -2.1278 0 8.5313 -2.6005
15.3834 -2.0376 0 8.7443 -2.7363
15.6627 -1.9364 0 8.9676 -2.8546
15.9339 -1.8161 0 9.1994 -2.9552
16.1900 -1.6673 0 9.4381 -3.0382
16.4197 -1.4819 0 9.6820 -3.1039
16.6079 -1.2560 0 9.9299 -3.1530
16.7373 -0.9939 0 10.1804 -3.1862
16.7927 -0.7085 0 10.4325 -3.2043
16.7660 -0.4207 0 10.6852 -3.2082
16.6586 -0.1537 0 10.9377 -3.1987
16.4814 0.0718 0 11.1895 -3.1769
16.2515 0.2421 0 11.4401 -3.1440
15.9876 0.3517 0 11.6891 -3.1012
15.7063 0.4020 0 11.9366 -3.0497
15.4206 0.3991 0 12.1824 -2.9910
15.1386 0.3513 0 12.4268 -2.9265
14.8650 0.2671 0 12.6699 -2.8575
14.6006 0.1565 0 12.9121 -2.7852
14.3438 0.0283 0 13.1537 -2.7110
14.0921 -0.1105 0 13.3949 -2.6357
13.8432 -0.2548 0 13.6362 -2.5605
13.5950 -0.4011 0 13.8778 -2.4860
13.3463 -0.5468 0 14.1197 -2.4129
13.0961 -0.6907 1 14.3620 -2.3412
12.8440 -0.8313 1 14.6047 -2.2706
12.5895 -0.9679 1 14.8474 -2.2001
12.3322 -1.0992 1 15.0897 -2.1281
12.0714 -1.2232 1 15.3306 -2.0517
11.8056 -1.3362 1 15.5688 -1.9673
11.5333 -1.4314 1 15.8022 -1.8704
11.2532 -1.4985 1 16.0273 -1.7556
10.9672 -1.5244 1 16.2390 -1.6178
10.6829 -1.4948 1 16.4300 -1.4526
10.4154 -1.3990 1 16.5903 -1.2577
10.1861 -1.2346 1 16.7082 -1.0347
10.0170 -1.0109 1 16.7711 -0.7954
9.9246 -0.7478 1 16.7745 -0.5562
9.9149 -0.4702 1 16.7203 -0.3271
9.9835 -0.2017 1 16.6119 -0.1178
10.1191 0.0395 1 16.4537 0.0623
10.3072 0.2424 1 16.2517 0.2049
10.5315 0.4049 1 16.0190 0.3020
10.7781 0.5321 1 15.7718 0.3521
11.0371 0.6329 1 15.5195 0.3595
11.3021 0.7181 1 15.2687 0.3300
11.5688 0.7987 1 15.0232 0.2708
11.8340 0.8846 1 14.7841 0.1891
12.0942 0.9847 1 14.5514 0.0906
12.3449 1.1066 1 14.3239 -0.0195
12.5802 1.2554 1 14.1002 -0.1371
12.7940 1.4335 0 13.8789 -0.2592
12.9802 1.6400 0 13.6588 -0.3835
13.1341 1.8713 0 13.4390 -0.5081
13.2531 2.1223 0 13.2187 -0.6320
13.3365 2.3874 0 12.9974 -0.7541
13.3854 2.6610 0 12.7747 -0.8737
13.4023 2.9386 0 12.5503 -0.9899
13.3905 3.2168 0 12.3237 -1.1018
13.3536 3.4929 0 12.0942 -1.2077
13.2954 3.7658 0 11.8610 -1.3051
13.2196 4.0346 0 11.6230 -1.3900
13.1296 4.2994 0 11.3794 -1.4568
13.0286 4.5607 0 11.1302 -1.4978
12.9200 4.8195 0 10.8778 -1.5033
12.8065 5.0768 0 10.6288 -1.4635
12.6900 5.3333 0 10.3984 -1.3721
12.5717 5.5897 0 10.2078 -1.2352
12.4523 5.8461 0 10.0638 -1.0604
12.3317 6.1026 0 9.9717 -0.8572
12.2091 6.3587 0 9.9351 -0.6363
12.0834 6.6138 0 9.9565 -0.4087
11.9532 6.8670 0 10.0355 -0.1847
11.8162 7.1171 0 10.1698 0.0257
11.6704 7.3625 0 10.3457 0.2065
11.5133 7.6013 0 10.5500 0.3548
11.3429 7.8309 0 10.7727 0.4741
11.1578 8.0492 0 11.0061 0.5708
10.9568 8.2532 0 11.2451 0.6530
10.7387 8.4388 0 11.4861 0.7290
10.5036 8.6026 0 11.7265 0.8070
10.2532 8.7421 0 11.9635 0.8948
9.9897 8.8556 0 12.1937 0.9989
9.7162 8.9426 0 12.4133 1.1237
9.4355 9.0038 0 12.6178 1.2720
9.1502 9.0407 0 12.8025 1.4442
8.8626 9.0544 0 12.9635 1.6387
8.5745 9.0461 0 13.0979 1.8525
8.2873 9.0174 1 13.2043 2.0815
8.0020 8.9709 1 13.2824 2.3217
7.7192 8.9093 1 13.3330 2.5692
7.4387 8.8356 1 13.3576 2.8206
7.1603 8.7528 1 13.3583 3.0732
6.8832 8.6642 1 13.3377 3.3250
6.6065 8.5724 1 13.2984 3.5746
6.3293 8.4804 1 13.2432 3.8212
6.0507 8.3904 1 13.1749 4.0645
5.7702 8.3042 1 13.0959 4.3046
5.4876 8.2225 1 13.0088 4.5418
5.2029 8.1451 1 12.9156 4.7768
4.9164 8.0718 1 12.8181 5.0100
4.6282 8.0016 1 12.7178 5.2419
4.3388 7.9337 1 12.6157 5.4731
4.0482 7.8670 1 12.5124 5.7038
3.7570 7.8001 1 12.4083 5.9341
3.4654 7.7316 1 12.3032 6.1640
3.1740 7.6599 1 12.1965 6.3931
2.8833 7.5830 1 12.0872 6.6209
2.5939 7.4990 1 11.9740 6.8469
2.3068 7.4057 1 11.8554 7.0701
2.0232 7.3010 1 11.7295 7.2892
1.7442 7.1832 1 11.5947 7.5030
1.4712 7.0510 1 11.4492 7.7096
1.2056 6.9037 1 11.2918 7.9073
0.9486 6.7409 1 11.1216 8.0940
0.7014 6.5629 1 10.9381 8.2677
0.4653 6.3699 1 10.7416 8.4264
0.2413 6.1624 1 10.5325 8.5682
0.0307 5.9407 1 10.3119 8.6915
-0.1649 5.7053 1 10.0814 8.7949
-0.3438 5.4566 1 9.8428 8.8777
-0.5044 5.1954 1 9.5979 8.9401
-0.6455 4.9227 1 9.3493 8.9856
-0.7662 4.6401 1 9.0984 9.0153
-0.8662 4.3491 1 8.8460 9.0259
-0.9459 4.0514 1 8.5934 9.0175
-1.0058 3.7488 1 8.3419 8.9934
-1.0464 3.4426 1 8.0920 8.9557
-1.0683 3.1340 1 7.8441 8.9067
-1.0719 2.8243 1 7.5981 8.8486
-1.0574 2.5144 1 7.3540 8.7834
-1.0245 2.2054 1 7.1112 8.7131
-0.9743 1.8982 1 6.8694 8.6395
-0.9091 1.5932 1 6.6281 8.5642
-0.8315 1.2905 1 6.3869 8.4887
-0.7441 0.9896 1 6.1455 8.4140
-0.6494 0.6903 1 5.9035 8.3409
-0.5496 0.3920 1 5.6609 8.2702
-0.4462 0.0942 1 5.4175 8.2023
-0.3406 -0.2035 1 5.1732 8.1374
-0.2339 -0.5013 1 4.9282 8.0754
-0.1269 -0.7996 0 4.6825 8.0161
-0.0200 -1.0985 0 4.4363 7.9590
0.0865 -1.3979 0 4.1897 7.9035
0.1931 -1.6977 0 3.9430 7.8488
0.3004 -1.9976 0 3.6963 7.7938
0.4100 -2.2971 0 3.4499 7.7376
0.5236 -2.5952 0 3.2040 7.6789
0.6440 -2.8909 0 2.9591 7.6166
0.7743 -3.1825 0 2.7155 7.5493
0.9178 -3.4678 0 2.4736 7.4759
1.0784 -3.7439 0 2.2342 7.3951
1.2596 -4.0067 0 1.9977 7.3059
1.4646 -4.2511 0 1.7650 7.2073
1.6956 -4.4706 0 1.5369 7.0986
1.9533 -4.6574 0 1.3142 6.9791
2.2357 -4.8027 0 1.0977 6.8487
2.5379 -4.8976 0 0.8882 6.7075
2.8518 -4.9347 0 0.6860 6.5558
3.1630 -4.9091 0 0.4918 6.3942
3.4452 -4.8252 0 0.3058 6.2231
3.7082 -4.6947 0 0.1286 6.0429
3.9419 -4.5177 0 -0.0388 5.8536
4.1392 -4.3014 0 -0.1954 5.6552
4.2961 -4.0544 0 -0.3400 5.4480
4.4112 -3.7854 0 -0.4717 5.2324
4.4857 -3.5025 0 -0.5898 5.0090
4.5225 -3.2121 0 -0.6939 4.7787
4.5253 -2.9193 0 -0.7840 4.5426
4.4982 -2.6275 0 -0.8603 4.3017
4.4455 -2.3390 0 -0.9235 4.0570
4.3709 -2.0551 0 -0.9739 3.8094
4.2781 -1.7762 0 -1.0118 3.5595
4.1713 -1.5019 0 -1.0371 3.3081
4.0548 -1.2311 0 -1.0498 3.0557
3.9323 -0.9624 0 -1.0500 2.8030
3.8071 -0.6945 0 -1.0380 2.5505
3.6818 -0.4260 0 -1.0145 2.2989
3.5589 -0.1560 0 -0.9802 2.0485
3.4405 0.1165 0 -0.9360 1.7997
3.3291 0.3924 0 -0.8829 1.5526
3.2271 0.6721 0 -0.8222 1.3073
3.1370 0.9563 0 -0.7549 1.0637
3.0613 1.2448 0 -0.6821 0.8216
3.0025 1.5374 0 -0.6050 0.5809
2.9632 1.8334 0 -0.5247 0.3413
2.9457 2.1316 0 -0.4420 0.1025
2.9525 2.4302 0 -0.3578 -0.1358
2.9860 2.7270 0 -0.2729 -0.3739
3.0485 3.0190 0 -0.1879 -0.6119
3.1422 3.3023 0 -0.1032 -0.8500
3.2688 3.5723 0 -0.0190 -1.0883
3.4293 3.8233 0 0.0646 -1.3269
3.6235 4.0488 0 0.1477 -1.5655
3.8492 4.2422 0 0.2308 -1.8042
4.1025 4.3967 0 0.3144 -2.0427
4.3777 4.5067 0 0.3996 -2.2807
4.6672 4.5681 0 0.4874 -2.5177
4.9626 4.5787 0 0.5793 -2.7531
5.2423 4.5312 0 0.6769 -2.9863
5.4914 4.4203 0 0.7819 -3.2162
5.7372 4.2997 0 0.8961 -3.4416
5.9696 4.1551 0 1.0215 -3.6610
6.1832 3.9842 0 1.1596 -3.8726
6.3737 3.7879 0 1.3120 -4.0742
6.5384 3.5695 0 1.4796 -4.2633
6.6764 3.3331 0 1.6634 -4.4366
6.7886 3.0832 0 1.8638 -4.5905
6.8768 2.8236 0 2.0803 -4.7207
6.9434 2.5573 0 2.3114 -4.8224
6.9907 2.2865 0 2.5544 -4.8912
7.0224 2.0130 0 2.8049 -4.9227
7.0429 1.7379 0 3.0572 -4.9138
7.0562 1.4619 0 3.3046 -4.8633
7.0659 1.1851 0 3.5399 -4.7720
7.0753 0.9079 0 3.7567 -4.6427
7.0873 0.6302 0 3.9494 -4.4796
7.1043 0.3524 0 4.1141 -4.2883
7.1292 0.0747 0 4.2485 -4.0745
7.1645 -0.2022 0 4.3519 -3.8442
7.2130 -0.4775 0 4.4251 -3.6025
7.2770 -0.7498 0 4.4697 -3.3539
7.3585 -1.0177 0 4.4880 -3.1019
7.4593 -1.2793 0 4.4825 -2.8493
7.5803 -1.5324 0 4.4559 -2.5981
7.7221 -1.7747 0 4.4110 -2.3494
7.8845 -2.0039 0 4.3506 -2.1040
8.0671 -2.2176 0 4.2771 -1.8622
8.2687 -2.4139 0 4.1930 -1.6239
8.4877 -2.5907 0 4.1004 -1.3888
8.7223 -2.7468 0 4.0015 -1.1562
8.9703 -2.8811 0 3.8983 -0.9255
9.2293 -2.9933 0 3.7926 -0.6959
9.4971 -3.0833 0 3.6862 -0.4667
9.7715 -3.1518 0 3.5807 -0.2370
10.0507 -3.1994 0 3.4780 -0.0061
10.3329 -3.2269 0 3.3795 0.2267
10.6167 -3.2343 0 3.2871 0.4619
10.9010 -3.2237 0 3.2022 0.7000
11.1859 -3.2141 0 3.1265 0.9411
11.4689 -3.1765 0 3.0615 1.1853
11.7495 -3.1208 0 3.0088 1.4324
12.0280 -3.0528 0 2.9697 1.6821
12.3051 -2.9769 0 2.9455 1.9336
12.5812 -2.8957 0 2.9377 2.1862
12.8568 -2.8112 0 2.9476 2.4387
13.1324 -2.7250 0 2.9765 2.6897
13.4081 -2.6381 0 3.0259 2.9374
13.6843 -2.5516 0 3.0972 3.1798
13.9612 -2.4662 0 3.1916 3.4141
14.2387 -2.3822 0 3.3098 3.6373
14.5169 -2.2995 0 3.4525 3.8457
14.7953 -2.2175 0 3.6194 4.0351
15.0735 -2.1343 0 3.8094 4.2014
15.3504 -2.0466 0 4.0202 4.3404
15.6239 -1.9493 0 4.2486 4.4481
15.8906 -1.8350 0 4.4902 4.5212
16.1443 -1.6953 0 4.7400 4.5576
16.3754 -1.5218 0 4.9924 4.5563
16.5702 -1.3101 0 5.2419 4.5177
16.7127 -1.0617 0 5.4832 4.4434
16.7878 -0.7870 0 5.7118 4.3361
16.7853 -0.5037 0 5.9241 4.1995
16.7040 -0.2337 0 6.1177 4.0373
16.5516 0.0024 0 6.2912 3.8537
16.3427 0.1892 0 6.4440 3.6526
16.0947 0.3190 0 6.5761 3.4372
15.8242 0.3907 0 6.6880 3.2108
15.5450 0.4086 0 6.7809 2.9758
15.2664 0.3799 0 6.8561 2.7345
14.9944 0.3127 0 6.9153 2.4889
14.7312 0.2156 0 6.9606 2.2403
14.4762 0.0975 0 6.9940 1.9898
14.2275 -0.0341 0 7.0178 1.7382
13.9826 -0.1734 0 7.0345 1.4860
13.7392 -0.3161 0 7.0466 1.2335
13.4959 -0.4595 0 7.0566 0.9810
13.2516 -0.6016 0 7.0670 0.7285
13.0057 -0.7415 0 7.0803 0.4761
12.7577 -0.8780 0 7.0989 0.2240
12.5073 -1.0102 0 7.1252 -0.0273
12.2539 -1.1367 0 7.1615 -0.2774
11.9968 -1.2553 0 7.2096 -0.5255
11.7344 -1.3617 0 7.2713 -0.7706
11.4654 -1.4490 0 7.3479 -1.0114
11.1891 -1.5068 0 7.4403 -1.2465
10.9081 -1.5222 0 7.5491 -1.4746
10.6309 -1.4820 0 7.6745 -1.6940
10.3730 -1.3771 0 7.8163 -1.9031
10.1551 -1.2066 0 7.9744 -2.1002
9.9980 -0.9810 0 8.1480 -2.2838
9.9161 -0.7200 0 8.3362 -2.4524
9.9142 -0.4474 0 8.5376 -2.6049
9.9871 -0.1853 0 8.7510 -2.7402
10.1238 0.0496 0 8.9746 -2.8580
10.3104 0.2471 0 9.2066 -2.9580
10.5316 0.4055 0 9.4455 -3.0404
10.7742 0.5296 0 9.6896 -3.1056
11.0288 0.6282 0 9.9376 -3.1543
11.2891 0.7117 0 10.1881 -3.1870
11.5513 0.7903 0 10.4402 -3.2047
11.8122 0.8738 0 10.6929 -3.2081
12.0685 0.9704 0 10.9454 -3.1982
12.3161 1.0876 0 11.1972 -3.1761
12.5495 1.2304 0 11.4477 -3.1428
12.7629 1.4014 0 11.6967 -3.0997
12.9505 1.6002 0 11.9441 -3.0480
13.1076 1.8237 0 12.1899 -2.9891
13.2313 2.0671 0 12.4342 -2.9244
13.3206 2.3252 0 12.6773 -2.8553
13.3765 2.5927 0 12.9195 -2.7830
13.4008 2.8651 0 13.1611 -2.7087
13.3965 3.1387 0 13.4023 -2.6334
13.3669 3.4111 0 13.6436 -2.5582
13.3156 3.6805 0 13.8852 -2.4838
13.2463 3.9461 0 14.1271 -2.4107
13.1622 4.2079 0 14.3695 -2.3390
13.0663 4.4661 0 14.6122 -2.2684
12.9619 4.7215 0 14.8549 -2.1979
12.8518 4.9750 0 15.0971 -2.1258
12.7381 5.2276 0 15.3380 -2.0493
12.6223 5.4799 0 15.5761 -1.9646
12.5053 5.7322 0 15.8092 -1.8671
12.3872 5.9846 0 16.0340 -1.7518
12.2675 6.2369 0 16.2452 -1.6132
12.1455 6.4886 0 16.4354 -1.4471
12.0197 6.7390 0 16.5946 -1.2513
11.8885 6.9870 0 16.7110 -1.0275
11.7498 7.2313 0 16.7720 -0.7880
11.6015 7.4702 0 16.7737 -0.5490
11.4413 7.7017 0 16.7178 -0.3203
11.2673 7.9233 0 16.6078 -0.1118
11.0788 8.1330 0 16.4482 0.0672
10.8742 8.3273 0 16.2449 0.2086
10.6531 8.5025 0 16.0116 0.3043
10.4158 8.6556 0 15.7641 0.3530
10.1643 8.7842 0 15.5118 0.3591
9.9011 8.8873 0 15.2611 0.3286
9.6290 8.9647 0 15.0157 0.2686
9.3507 9.0174 0 14.7769 0.1863
9.0687 9.0470 0 14.5443 0.0874
8.7849 9.0543 0 14.3170 -0.0230
8.5010 9.0407 0 14.0934 -0.1408
8.2184 9.0078 0 13.8722 -0.2630
7.9377 8.9579 0 13.6521 -0.3873
7.6596 8.8938 0 13.4323 -0.5120
7.3837 8.8186 0 13.2119 -0.6358
7.1096 8.7354 1 12.9906 -0.7578
6.8364 8.6473 1 12.7679 -0.8773
6.5635 8.5568 1 12.5434 -0.9934
6.2899 8.4665 1 12.3167 -1.1052
6.0148 8.3784 1 12.0872 -1.2109
5.7379 8.2941 1 11.8538 -1.3079
5.4588 8.2141 1 11.6157 -1.3924
5.1778 8.1383 1 11.3718 -1.4585
4.8950 8.0664 1 11.1225 -1.4985
4.6105 7.9974 1 10.8701 -1.5028
4.3248 7.9305 1 10.6213 -1.4615
4.0380 7.8647 1 10.3919 -1.3686
3.7506 7.7986 1 10.2027 -1.2304
3.4628 7.7310 1 10.0602 -1.0545
3.1751 7.6602 1 9.9697 -0.8506
2.8880 7.5845 1 9.9349 -0.6294
2.6022 7.5017 1 9.9581 -0.4017
2.3187 7.4100 1 10.0388 -0.1780
2.0384 7.3072 1 10.1746 0.0317
1.7625 7.1916 1 10.3517 0.2116
1.4924 7.0621 1 10.5567 0.3589
1.2294 6.9178 1 10.7797 0.4774
0.9747 6.7585 1 11.0134 0.5735
0.7295 6.5842 1 11.2525 0.6554
0.4948 6.3953 1 11.4936 0.7313
0.2718 6.1921 1 11.7339 0.8096
0.0618 5.9751 1 11.9707 0.8978
-0.1340 5.7447 1 12.2007 1.0024
-0.3137 5.5011 1 12.4199 1.1280
-0.4759 5.2451 1 12.6238 1.2769
-0.6192 4.9778 1 12.8079 1.4498
-0.7426 4.7003 1 12.9681 1.6451
-0.8459 4.4143 1 13.1016 1.8594
-0.9292 4.1214 1 13.2071 2.0888
-0.9929 3.8233 1 13.2844 2.3293
-1.0378 3.5213 1 13.3341 2.5769
-1.0642 3.2167 1 13.3580 2.8284
-1.0727 2.9107 1 13.3580 3.0810
-1.0635 2.6042 1 13.3368 3.3328
-1.0365 2.2983 1 13.2969 3.5823
-0.9920 1.9939 1 13.2413 3.8288
-0.9319 1.6916 1 13.1726 4.0720
-0.8588 1.3914 1 13.0934 4.3120
-0.7753 1.0933 1 13.0060 4.5491
-0.6839 0.7968 1 12.9127 4.7840
-0.5867 0.5014 1 12.8151 5.0171
-0.4855 0.2066 1 12.7147 5.2491
-0.3817 -0.0879 1 12.6125 5.4802
-0.2764 -0.3825 1 12.5092 5.7109
-0.1706 -0.6775 1 12.4051 5.9412
-0.0647 -0.9730 1 12.3000 6.1711
0.0409 -1.2691 1 12.1932 6.4001
0.1463 -1.5656 1 12.0837 6.6279
0.2522 -1.8624 1 11.9704 6.8538
0.3595 -2.1591 1 11.8516 7.0769
0.4701 -2.4548 1 11.7255 7.2959
0.5860 -2.7487 1 11.5904 7.5095
0.7100 -3.0395 1 11.4445 7.7158
0.8454 -3.3253 1 11.2867 7.9132
0.9955 -3.6036 1 11.1161 8.0996
1.1640 -3.8711 1 10.9323 8.2729
1.3542 -4.1234 1 10.7353 8.4311
1.5689 -4.3549 1 10.5258 8.5723
1.8095 -4.5587 1 10.3050 8.6950
2.0758 -4.7266 1 10.0742 8.7978
2.3648 -4.8499 1 9.8353 8.8800
2.6702 -4.9205 1 9.5903 8.9417
2.9827 -4.9319 1 9.3416 8.9867
3.2868 -4.8730 1 9.0906 9.0159
3.5729 -4.7536 1 8.8382 9.0259
3.8347 -4.5887 1 8.5857 9.0170
4.0609 -4.3786 0 8.3342 8.9924
4.2441 -4.1306 0 8.0843 8.9544
4.3808 -3.8545 0 7.8365 8.9051
4.4711 -3.5601 0 7.5906 8.8467
4.5179 -3.2557 0 7.3464 8.7813
4.5257 -2.9477 0 7.1037 8.7109
4.4996 -2.6406 0 6.8620 8.6372
4.4446 -2.3371 0 6.6207 8.5619
4.3652 -2.0388 0 6.3795 8.4864
4.2660 -1.7460 0 6.1380 8.4117
4.1523 -1.4582 0 5.8961 8.3387
4.0286 -1.1740 0 5.6534 8.2681
3.8993 -0.8919 0 5.4099 8.2003
3.7676 -0.6103 0 5.1656 8.1354
3.6367 -0.3279 0 4.9206 8.0735
3.5092 -0.0435 0 4.6749 8.0143
3.3878 0.2439 0 4.4287 7.9573
3.2752 0.5352 0 4.1821 7.9018
3.1743 0.8310 0 3.9353 7.8471
3.0881 1.1316 0 3.6887 7.7921
3.0194 1.4368 0 3.4423 7.7358
2.9712 1.7461 0 3.1964 7.6771
2.9461 2.0581 0 2.9515 7.6146
2.9471 2.3710 0 2.7080 7.5472
2.9769 2.6825 0 2.4662 7.4735
3.0383 2.9891 0 2.2268 7.3925
3.1338 3.2867 0 1.9905 7.3030
3.2653 3.5698 0 1.7579 7.2041
3.4341 3.8321 0 1.5299 7.0950
3.6395 4.0660 0 1.3074 6.9753
3.8793 4.2639 0 1.0911 6.8445
4.1484 4.4184 0 0.8818 6.7030
4.4400 4.5232 0 0.6799 6.5510
4.7450 4.5741 0 0.4859 6.3890
5.0538 4.5695 0 0.3002 6.2177
5.3217 4.4926 0 0.1233 6.0372
5.5644 4.3814 0 -0.0438 5.8476
5.8007 4.2564 0 -0.2000 5.6490
6.0237 4.1091 0 -0.3443 5.4415
6.2281 3.9371 0 -0.4756 5.2256
6.4098 3.7414 0 -0.5932 5.0020
6.5665 3.5250 0 -0.6969 4.7715
6.6976 3.2920 0 -0.7865 4.5352
6.8038 3.0464 0 -0.8625 4.2942
6.8871 2.7918 0 -0.9252 4.0494
6.9499 2.5310 0 -0.9753 3.8017
6.9945 2.2661 0 -1.0128 3.5518
7.0245 1.9987 0 -1.0377 3.3003
7.0438 1.7299 0 -1.0500 3.0479
7.0564 1.4600 0 -1.0498 2.7952
7.0657 1.1895 0 -1.0375 2.5428
7.0748 0.9185 0 -1.0136 2.2912
7.0862 0.6470 0 -0.9790 2.0408
7.1025 0.3753 0 -0.9345 1.7921
7.1260 0.1037 0 -0.8812 1.5450
7.1593 -0.1673 0 -0.8202 1.2997
7.2049 -0.4369 0 -0.7527 1.0562
7.2650 -0.7039 0 -0.6798 0.8142
7.3416 -0.9670 0 -0.6026 0.5735
7.4363 -1.2243 0 -0.5222 0.3339
7.5503 -1.4741 0 -0.4394 0.0951
7.6841 -1.7140 0 -0.3552 -0.1432
7.8378 -1.9421 0 -0.2703 -0.3812
8.0109 -2.1559 0 -0.1853 -0.6192
8.2027 -2.3536 0 -0.1006 -0.8574
8.4118 -2.5332 0 -0.0164 -1.0957
8.6364 -2.6933 0 0.0672 -1.3342
8.8747 -2.8328 0 0.1503 -1.5729
9.1244 -2.9511 0 0.2333 -1.8116
9.3835 -3.0482 0 0.3170 -2.0501
9.6499 -3.1242 0 0.4022 -2.2880
9.9215 -3.1800 0 0.4902 -2.5250
10.1968 -3.2163 0 0.5822 -2.7604
10.4744 -3.2333 0 0.6800 -2.9934
10.7529 -3.2314 0 0.7852 -3.2232
11.0310 -3.2094 0 0.8998 -3.4484
11.3084 -3.1741 0 1.0256 -3.6676
11.5847 -3.1273 0 1.1641 -3.8790
11.8597 -3.0707 0 1.3169 -4.0803
12.1336 -3.0059 0 1.4850 -4.2689
12.4063 -2.9346 0 1.6694 -4.4417
12.6783 -2.8582 0 1.8702 -4.5949
12.9497 -2.7781 0 2.0872 -4.7243
13.2208 -2.6955 0 2.3188 -4.8251
13.4919 -2.6118 0 2.5621 -4.8928
13.7634 -2.5278 0 2.8127 -4.9230
14.0353 -2.4445 0 3.0650 -4.9128
14.3079 -2.3622 0 3.3120 -4.8610
14.5809 -2.2810 0 3.5469 -4.7686
14.8541 -2.1999 0 3.7630 -4.6382
15.1269 -2.1171 0 3.9549 -4.4741
15.3981 -2.0292 0 4.1187 -4.2820
15.6658 -1.9311 0 4.2521 -4.0677
15.9261 -1.8157 0 4.3546 -3.8369
16.1731 -1.6747 0 4.4269 -3.5949
16.3971 -1.5007 0 4.4707 -3.3461
16.5848 -1.2895 0 4.4881 -3.0941
16.7209 -1.0435 0 4.4819 -2.8415
16.7910 -0.7727 0 4.4548 -2.5903
16.7859 -0.4944 0 4.4094 -2.3418
16.7048 -0.2295 0 4.3485 -2.0965
16.5550 0.0025 0 4.2746 -1.8548
16.3504 0.1870 0 4.1902 -1.6166
16.1075 0.3164 0 4.0974 -1.3816
15.8423 0.3897 0 3.9984 -1.1490
15.5680 0.4106 0 3.8951 -0.9184
15.2938 0.3859 0 3.7893 -0.6888
15.0254 0.3234 0 3.6829 -0.4596
14.7655 0.2308 0 3.5775 -0.2299
14.5138 0.1168 0 3.4749 0.0011
14.2685 -0.0112 0 3.3766 0.2339
14.0272 -0.1474 0 3.2843 0.4692
13.7877 -0.2875 0 3.1997 0.7074
13.5484 -0.4286 0 3.1243 0.9486
13.3083 -0.5689 0 3.0597 1.1929
13.0667 -0.7070 0 3.0074 1.4401
12.8231 -0.8421 0 2.9687 1.6898
12.5773 -0.9732 0 2.9450 1.9414
12.3287 -1.0992 0 2.9377 2.1940
12.0766 -1.2183 0 2.9482 2.4464
11.8200 -1.3270 0 2.9777 2.6974
11.5575 -1.4200 0 3.0278 2.9450
11.2879 -1.4884 0 3.0998 3.1871
11.0124 -1.5207 0 3.1949 3.4212
10.7365 -1.5039 0 3.3139 3.6439
10.4726 -1.4271 0 3.4573 3.8518
10.2389 -1.2858 0 3.6250 4.0406
10.0559 -1.0852 0 3.8157 4.2062
9.9408 -0.8409 0 4.0270 4.3442
9.9026 -0.5747 0 4.2559 4.4508
9.9404 -0.3091 0 4.4978 4.5229
10.0458 -0.0628 0 4.7478 4.5581
10.2066 0.1514 0 5.0002 4.5557
10.4086 0.3274 0 5.2495 4.5159
10.6379 0.4668 0 5.4904 4.4405
10.8833 0.5764 0 5.7186 4.3323
11.1375 0.6655 0 5.9304 4.1948
11.3954 0.7443 0 6.1234 4.0319
11.6538 0.8224 0 6.2962 3.8478
11.9097 0.9087 0 6.4484 3.6461
12.1598 1.0106 0 6.5798 3.4304
12.3997 1.1346 0 6.6912 3.2036
12.6238 1.2847 0 6.7835 2.9684
12.8266 1.4625 0 6.8582 2.7270
13.0026 1.6665 0 6.9169 2.4813
13.1479 1.8934 0 6.9618 2.2326
13.2602 2.1382 0 6.9948 1.9820
13.3392 2.3959 0 7.0184 1.7304
13.3859 2.6614 0 7.0349 1.4782
13.4025 2.9307 0 7.0470 1.2257
13.3921 3.2006 0 7.0569 0.9732
13.3579 3.4687 0 7.0674 0.7207
13.3032 3.7338 0 7.0808 0.4683
13.2317 3.9952 0 7.0996 0.2163
13.1463 4.2528 0 7.1262 -0.0351
13.0501 4.5071 0 7.1628 -0.2851
12.9460 4.7587 0 7.2113 -0.5331
12.8366 5.0088 0 7.2734 -0.7781
12.7240 5.2580 0 7.3505 -1.0187
12.6096 5.5071 0 7.4435 -1.2537
12.4940 5.7562 0 7.5528 -1.4815
12.3772 6.0054 0 7.6786 -1.7006
12.2590 6.2545 0 7.8209 -1.9094
12.1383 6.5030 0 7.9795 -2.1061
12.0139 6.7502 0 8.1536 -2.2892
11.8840 6.9950 0 8.3422 -2.4574
11.7468 7.2362 0 8.5440 -2.6093
11.6001 7.4721 0 8.7578 -2.7441
11.4418 7.7007 0 8.9816 -2.8613
11.2701 7.9198 0 9.2139 -2.9608
11.0841 8.1271 0 9.4529 -3.0427
10.8827 8.3197 0 9.6972 -3.1074
10.6650 8.4939 0 9.9453 -3.1555
10.4315 8.6466 0 10.1959 -3.1878
10.1840 8.7755 0 10.4480 -3.2050
9.9247 8.8795 0 10.7007 -3.2080
9.6565 8.9584 0 10.9532 -3.1977
9.3819 9.0129 0 11.2049 -3.1752
9.1035 9.0446 0 11.4554 -3.1416
8.8232 9.0546 0 11.7044 -3.0983
8.5425 9.0439 0 11.9517 -3.0463
8.2628 9.0141 0 12.1975 -2.9872
7.9850 8.9674 0 12.4417 -2.9224
7.7096 8.9063 0 12.6848 -2.8531
7.4364 8.8337 0 12.9270 -2.7807
7.1651 8.7527 0 13.1685 -2.7063
6.8950 8.6662 0 13.4098 -2.6311
6.6251 8.5768 1 13.6511 -2.5559
6.3548 8.4872 1 13.8926 -2.4815
6.0832 8.3994 1 14.1346 -2.4085
5.8098 8.3150 1 14.3770 -2.3368
5.5343 8.2348 1 14.6197 -2.2663
5.2568 8.1588 1 14.8624 -2.1958
4.9775 8.0867 1 15.1046 -2.1235
4.6965 8.0178 1 15.3454 -2.0468
4.4141 7.9512 1 15.5834 -1.9618
4.1306 7.8859 1 15.8163 -1.8639
3.8463 7.8208 1 16.0408 -1.7478
3.5616 7.7546 1 16.2515 -1.6085
3.2767 7.6858 1 16.4408 -1.4415
2.9923 7.6128 1 16.5989 -1.2448
2.7089 7.5337 1 16.7138 -1.0202
2.4272 7.4465 1 16.7730 -0.7806
2.1483 7.3493 1 16.7728 -0.5418
1.8732 7.2401 1 16.7152 -0.3136
1.6033 7.1176 1 16.6036 -0.1058
1.3399 6.9809 1 16.4426 0.0722
1.0840 6.8294 1 16.2381 0.2123
0.8369 6.6632 1 16.0041 0.3064
0.5997 6.4825 1 15.7563 0.3538
0.3735 6.2876 1 15.5040 0.3586
0.1593 6.0791 1 15.2534 0.3271
-0.0416 5.8571 1 15.0083 0.2664
-0.2275 5.6221 1 14.7696 0.1834
-0.3971 5.3746 1 14.5373 0.0841
-0.5487 5.1153 1 14.3100 -0.0265
-0.6812 4.8453 1 14.0865 -0.1445
-0.7940 4.5662 1 13.8654 -0.2668
-0.8870 4.2794 1 13.6453 -0.3911
-0.9605 3.9866 1 13.4255 -0.5158
-1.0152 3.6893 1 13.2051 -0.6396
-1.0515 3.3888 1 12.9838 -0.7616
-1.0699 3.0862 1 12.7610 -0.8810
-1.0709 2.7826 1 12.5364 -0.9970
-1.0546 2.4790 1 12.3097 -1.1085
-1.0208 2.1763 1 12.0800 -1.2140
-0.9703 1.8753 1 11.8465 -1.3107
-0.9055 1.5765 1 11.6082 -1.3947
-0.8288 1.2797 1 11.3642 -1.4602
-0.7428 0.9848 1 11.1147 -1.4992
-0.6498 0.6913 1 10.8623 -1.5023
-0.5518 0.3988 1 10.6138 -1.4594
-0.4504 0.1066 1 10.3854 -1.3649
-0.3469 -0.1854 1 10.1975 -1.2254
-0.2422 -0.4776 1 10.0566 -1.0486
-0.1372 -0.7703 1 9.9678 -0.8440
-0.0323 -1.0636 1 9.9347 -0.6224
0.0723 -1.3574 1 9.9597 -0.3946
0.1770 -1.6516 1 10.0423 -0.1713
0.2823 -1.9460 1 10.1797 0.0379
0.3895 -2.2401 1 10.3577 0.2167
0.5004 -2.5330 1 10.5634 0.3631
0.6173 -2.8239 1 10.7869 0.4807
0.7429 -3.1113 1 11.0208 0.5763
0.8806 -3.3932 1 11.2600 0.6578
1.0336 -3.6670 1 11.5011 0.7337
1.2055 -3.9294 1 11.7414 0.8121
1.3994 -4.1757 1 11.9780 0.9008
1.6178 -4.4002 1 12.2077 1.0060
1.8618 -4.5958 1 12.4265 1.1323
2.1308 -4.7544 1 12.6299 1.2820
2.4212 -4.8675 1 12.8133 1.4556
2.7263 -4.9273 1 12.9727 1.6515
3.0364 -4.9281 1 13.1054 1.8663
3.3344 -4.8545 1 13.2100 2.0962
3.6172 -4.7340 1 13.2864 2.3369
3.8723 -4.5638 1 13.3353 2.5847
4.0907 -4.3492 1 13.3583 2.8363
4.2659 -4.0986 1 13.3577 3.0889
4.3953 -3.8218 1 13.3358 3.3406
4.4795 -3.5281 1 13.2954 3.5901
4.5217 -3.2254 1 13.2393 3.8365
4.5261 -2.9198 1 13.1702 4.0795
4.4976 -2.6152 1 13.0907 4.3194
4.4411 -2.3144 1 13.0032 4.5565
4.3609 -2.0187 1 12.9097 4.7913
4.2614 -1.7286 1 12.8120 5.0244
4.1478 -1.4433 1 12.7115 5.2563
4.0246 -1.1615 1 12.6093 5.4875
3.8959 -0.8816 1 12.5060 5.7181
3.7652 -0.6022 1 12.4018 5.9484
3.6353 -0.3219 1 12.2967 6.1782
3.5089 -0.0396 1 12.1898 6.4073
3.3885 0.2458 1 12.0803 6.6350
3.2769 0.5349 1 11.9668 6.8609
3.1768 0.8286 1 11.8478 7.0838
3.0911 1.1270 1 11.7214 7.3027
3.0226 1.4299 1 11.5860 7.5160
2.9742 1.7368 1 11.4398 7.7222
2.9485 2.0465 1 11.2816 7.9192
2.9484 2.3572 1 11.1106 8.1052
2.9765 2.6666 1 10.9263 8.2781
3.0356 2.9714 1 10.7289 8.4358
3.1282 3.2676 1 10.5191 8.5765
3.2563 3.5499 1 10.2979 8.6985
3.4210 3.8121 1 10.0668 8.8007
3.6221 4.0470 1 9.8277 8.8822
3.8573 4.2471 1 9.5825 8.9434
4.1220 4.4049 1 9.3338 8.9879
4.4097 4.5143 1 9.0828 9.0166
4.7116 4.5709 1 8.8303 9.0259
5.0184 4.5727 0 8.5778 9.0164
5.3141 4.5024 0 8.3263 8.9914
5.5990 4.3920 0 8.0765 8.9530
5.8671 4.2459 0 7.8287 8.9034
6.1118 4.0637 0 7.5829 8.8447
6.3282 3.8490 0 7.3388 8.7792
6.5137 3.6070 0 7.0961 8.7086
6.6675 3.3437 0 6.8544 8.6349
6.7907 3.0647 0 6.6131 8.5595
6.8855 2.7745 0 6.3719 8.4840
6.9542 2.4768 0 6.1305 8.4094
7.0010 2.1745 0 5.8885 8.3364
7.0313 1.8697 0 5.6458 8.2659
7.0505 1.5635 0 5.4023 8.1982
7.0633 1.2565 0 5.1580 8.1334
7.0743 0.9490 0 4.9129 8.0716
7.0873 0.6412 0 4.6672 8.0125
7.1063 0.3333 0 4.4209 7.9555
7.1348 0.0258 0 4.1744 7.9001
7.1767 -0.2805 0 3.9276 7.8454
7.2356 -0.5841 0 3.6809 7.7904
7.3145 -0.8834 0 3.4345 7.7340
7.4161 -1.1759 0 3.1888 7.6752
7.5419 -1.4589 0 2.9439 7.6126
7.6929 -1.7295 0 2.7004 7.5450
7.8692 -1.9844 0 2.4587 7.4711
8.0700 -2.2206 0 2.2194 7.3898
8.2937 -2.4354 0 1.9831 7.3001
8.5383 -2.6263 0 1.7507 7.2009
8.8009 -2.7916 0 1.5229 7.0914
9.0787 -2.9303 0 1.3006 6.9713
9.3685 -3.0423 0 1.0845 6.8403
9.6674 -3.1277 0 0.8754 6.6984
9.9728 -3.1876 0 0.6737 6.5460
10.2823 -3.2222 0 0.4800 6.3838
10.5939 -3.2322 0 0.2945 6.2121
10.9085 -3.2189 0 0.1179 6.0314
11.2225 -3.1242 0 -0.0488 5.8415
11.5407 -3.0361 0 -0.2047 5.6426
11.8652 -2.9723 0 -0.3486 5.4349
12.1912 -2.9136 0 -0.4795 5.2187
12.5169 -2.8506 0 -0.5967 4.9948
12.8410 -2.7791 0 -0.6999 4.7642
13.1634 -2.6986 0 -0.7891 4.5277
13.4840 -2.6107 0 -0.8646 4.2866
13.8035 -2.5180 0 -0.9270 4.0417
14.1226 -2.4235 0 -0.9766 3.7939
14.4419 -2.3292 0 -1.0138 3.5439
14.7614 -2.2358 0 -1.0383 3.2924
15.0806 -2.1417 0 -1.0502 3.0400
15.3980 -2.0416 0 -1.0496 2.7873
15.7098 -1.9262 0 -1.0369 2.5349
16.0088 -1.7821 0 -1.0127 2.2833
16.2833 -1.5975 0 -0.9777 2.0330
16.5171 -1.3659 0 -0.9329 1.7843
16.6878 -1.0873 0 -0.8794 1.5373
16.7725 -0.7745 0 -0.8182 1.2921
16.7537 -0.4533 0 -0.7505 1.0486
16.6357 -0.1563 0 -0.6774 0.8066
16.4327 0.0886 0 -0.6001 0.5660
16.1685 0.2637 0 -0.5196 0.3264
15.8682 0.3638 0 -0.4368 0.0876
15.5534 0.3934 0 -0.3526 -0.1506
15.2387 0.3618 0 -0.2676 -0.3887
14.9326 0.2815 0 -0.1826 -0.6267
14.6375 0.1663 0 -0.0979 -0.8648
14.3520 0.0282 0 -0.0138 -1.1031
14.0731 -0.1235 0 0.0698 -1.3417
13.7979 -0.2823 0 0.1529 -1.5804
13.5238 -0.4434 0 0.2359 -1.8191
13.2493 -0.6041 0 0.3197 -2.0576
12.9733 -0.7623 0 0.4049 -2.2955
12.6951 -0.9168 0 0.4930 -2.5324
12.4140 -1.0660 0 0.5852 -2.7677
12.1289 -1.2072 0 0.6832 -3.0007
11.8379 -1.3353 0 0.7887 -3.2303
11.5385 -1.4409 0 0.9036 -3.4554
11.2293 -1.5101 0 1.0297 -3.6744
10.9142 -1.5258 0 1.1687 -3.8854
10.6055 -1.4707 0 1.3219 -4.0864
10.3259 -1.3341 0 1.4906 -4.2745
10.1048 -1.1190 0 1.6754 -4.4468
9.9683 -0.8451 0 1.8768 -4.5993
9.9302 -0.5433 0 2.0942 -4.7279
9.9886 -0.2461 0 2.3262 -4.8277
10.1309 0.0204 0 2.5698 -4.8943
10.3364 0.2417 0 2.8206 -4.9234
10.5835 0.4158 0 3.0728 -4.9119
10.8549 0.5497 0 3.3196 -4.8588
11.1390 0.6554 0 3.5540 -4.7651
11.4283 0.7470 0 3.7694 -4.6335
11.7180 0.8381 0 3.9605 -4.4685
12.0037 0.9411 0 4.1233 -4.2756
12.2799 1.0669 0 4.2558 -4.0606
12.5395 1.2234 0 4.3573 -3.8294
12.7746 1.4141 0 4.4287 -3.5872
12.9775 1.6382 0 4.4716 -3.3383
13.1424 1.8913 0 4.4883 -3.0862
13.2661 2.1666 0 4.4814 -2.8336
13.3484 2.4570 0 4.4536 -2.5825
13.3911 2.7558 0 4.4077 -2.3340
13.3975 3.0577 0 4.3463 -2.0889
13.3720 3.3588 0 4.2722 -1.8473
13.3193 3.6566 0 4.1874 -1.6092
13.2442 3.9499 0 4.0944 -1.3742
13.1508 4.2382 0 3.9952 -1.1418
13.0438 4.5223 0 3.8918 -0.9112
12.9273 4.8030 0 3.7860 -0.6816
12.8049 5.0818 0 3.6796 -0.4524
12.6789 5.3596 0 3.5742 -0.2227
12.5510 5.6370 0 3.4717 0.0083
12.4216 5.9143 0 3.3736 0.2413
12.2906 6.1913 0 3.2816 0.4766
12.1571 6.4676 0 3.1972 0.7149
12.0193 6.7422 0 3.1221 0.9562
11.8751 7.0138 0 3.0579 1.2006
11.7217 7.2807 0 3.0060 1.4479
11.5563 7.5406 0 2.9677 1.6977
11.3759 7.7906 0 2.9445 1.9493
11.1791 8.0280 0 2.9377 2.2019
10.9633 8.2483 0 2.9488 2.4543
10.7276 8.4472 0 2.9790 2.7052
10.4726 8.6207 0 3.0297 2.9527
10.2003 8.7658 0 3.1024 3.1946
9.9140 8.8810 0 3.1982 3.4283
9.6172 8.9659 0 3.3180 3.6507
9.3132 9.0216 0 3.4622 3.8580
9.0053 9.0498 0 3.6306 4.0462
8.6958 9.0516 0 3.8220 4.2109
8.3868 9.0291 0 4.0340 4.3481
8.0799 8.9848 0 4.2633 4.4536
7.7757 8.9220 0 4.5055 4.5246
7.4745 8.8447 0 4.7557 4.5586
7.1757 8.7567 0 5.0081 4.5550
6.8785 8.6620 0 5.2572 4.5141
6.5818 8.5640 0 5.4978 4.4376
6.2844 8.4662 0 5.7255 4.3284
5.9854 8.3712 0 5.9367 4.1901
5.6845 8.2804 0 6.1291 4.0265
5.3813 8.1945 0 6.3013 3.8417
5.0761 8.1134 0 6.4528 3.6396
4.7690 8.0364 0 6.5836 3.4234
4.4604 7.9626 0 6.6944 3.1964
4.1506 7.8908 0 6.7861 2.9609
3.8400 7.8195 1 6.8602 2.7194
3.5290 7.7469 1 6.9185 2.4735
3.2183 7.6710 1 6.9630 2.2247
2.9083 7.5896 1 6.9957 1.9741
2.6000 7.5003 1 7.0190 1.7225
2.2944 7.4005 1 7.0354 1.4703
1.9928 7.2878 1 7.0473 1.2178
1.6967 7.1603 1 7.0572 0.9653
1.4078 7.0165 1 7.0677 0.7128
1.1275 6.8556 1 7.0813 0.4604
0.8575 6.6774 1 7.1003 0.2084
0.5992 6.4821 1 7.1272 -0.0429
0.3539 6.2702 1 7.1641 -0.2929
0.1231 6.0421 1 7.2130 -0.5409
-0.0913 5.7982 1 7.2756 -0.7857
-0.2875 5.5391 1 7.3532 -1.0262
-0.4637 5.2656 1 7.4466 -1.2610
-0.6181 4.9790 1 7.5564 -1.4885
-0.7497 4.6809 1 7.6828 -1.7073
-0.8583 4.3734 1 7.8257 -1.9157
-0.9441 4.0584 1 7.9847 -2.1121
-1.0076 3.7378 1 8.1593 -2.2947
-1.0494 3.4132 1 8.3483 -2.4624
-1.0703 3.0863 1 8.5506 -2.6138
-1.0705 2.7584 1 8.7646 -2.7481
-1.0499 2.4306 1 8.9888 -2.8647
-1.0089 2.1043 1 9.2213 -2.9636
-0.9497 1.7803 1 9.4605 -3.0450
-0.8751 1.4587 1 9.7049 -3.1091
-0.7882 1.1397 1 9.9531 -3.1567
-0.6920 0.8227 1 10.2038 -3.1885
-0.5889 0.5071 1 10.4559 -3.2053
-0.4812 0.1925 1 10.7086 -3.2079
-0.3704 -0.1216 1 10.9611 -3.1972
-0.2581 -0.4358 1 11.2128 -3.1743
-0.1452 -0.7502 1 11.4632 -3.1404
-0.0325 -1.0652 1 11.7122 -3.0968
0.0799 -1.3806 1 11.9595 -3.0446
0.1922 -1.6965 1 12.2051 -2.9853
0.3054 -2.0124 1 12.4494 -2.9203
0.4210 -2.3276 1 12.6924 -2.8509
0.5413 -2.6413 1 12.9345 -2.7784
0.6695 -2.9519 1 13.1761 -2.7040
0.8092 -3.2576 1 13.4173 -2.6287
0.9646 -3.5556 1 13.6586 -2.5535
1.1401 -3.8421 1 13.9002 -2.4792
1.3400 -4.1118 1 14.1422 -2.4062
1.5676 -4.3580 1 14.3846 -2.3346
1.8247 -4.5725 1 14.6273 -2.2641
2.1105 -4.7454 1 14.8700 -2.1935
2.4209 -4.8666 1 15.1121 -2.1212
2.7477 -4.9267 1 15.3529 -2.0443
3.0789 -4.9192 1 15.5908 -1.9589
3.3952 -4.8320 1 15.8235 -1.8605
3.6902 -4.6886 1 16.0476 -1.7439
3.9503 -4.4901 1 16.2578 -1.6037
4.1655 -4.2445 1 16.4463 -1.4358
4.3300 -3.9630 1 16.6033 -1.2381
4.4428 -3.6573 1 16.7165 -1.0128
4.5062 -3.3378 1 16.7739 -0.7731
4.5248 -3.0126 1 16.7718 -0.5344
4.5043 -2.6873 1 16.7125 -0.3067
4.4506 -2.3658 1 16.5993 -0.0997
4.3686 -2.0500 1 16.4368 0.0772
4.2643 -1.7405 1 16.2310 0.2160
4.1440 -1.4365 1 15.9965 0.3086
4.0130 -1.1365 1 15.7484 0.3545
3.8761 -0.8387 1 15.4960 0.3582
3.7373 -0.5413 1 15.2456 0.3256
3.5999 -0.2429 1 15.0007 0.2641
3.4671 0.0580 1 14.7622 0.1805
3.3421 0.3625 1 14.5300 0.0808
3.2281 0.6716 1 14.3030 -0.0301
3.1287 0.9858 1 14.0796 -0.1483
3.0471 1.3052 1 13.8584 -0.2707
2.9868 1.6293 1 13.6384 -0.3951
2.9512 1.9571 1 13.4185 -0.5197
2.9434 2.2866 1 13.1982 -0.6434
2.9668 2.6152 1 12.9768 -0.7654
3.0247 2.9393 1 12.7540 -0.8847
3.1201 3.2541 1 12.5293 -1.0005
3.2555 3.5534 1 12.3025 -1.1120
3.4321 3.8298 1 12.0727 -1.2172
3.6493 4.0748 1 11.8391 -1.3136
3.9042 4.2793 1 11.6006 -1.3971
4.1907 4.4349 1 11.3564 -1.4619
4.5004 4.5348 1 11.1068 -1.4999
4.8228 4.5747 1 10.8544 -1.5017
5.1435 4.5530 1 10.6062 -1.4572
5.4208 4.4465 1 10.3788 -1.3612
5.6857 4.3099 1 10.1923 -1.2204
5.9393 4.1531 1 10.0529 -1.0424
6.1737 3.9692 1 9.9659 -0.8372
6.3823 3.7568 1 9.9346 -0.6152
6.5610 3.5188 1 9.9615 -0.3874
6.7081 3.2600 1 10.0458 -0.1643
6.8244 2.9858 1 10.1848 0.0441
6.9121 2.7010 1 10.3639 0.2218
6.9740 2.4092 1 10.5703 0.3672
7.0151 2.1132 1 10.7943 0.4841
7.0409 1.8151 1 11.0284 0.5790
7.0569 1.5158 1 11.2677 0.6603
7.0678 1.2159 1 11.5088 0.7361
7.0779 0.9154 1 11.7490 0.8148
7.0907 0.6146 1 11.9855 0.9039
7.1097 0.3137 1 12.2149 1.0097
7.1383 0.0133 1 12.4333 1.1367
7.1798 -0.2859 1 12.6361 1.2872
7.2376 -0.5827 1 12.8187 1.4615
7.3145 -0.8753 1 12.9773 1.6581
7.4129 -1.1616 1 13.1091 1.8735
7.5343 -1.4391 1 13.2129 2.1037
7.6798 -1.7049 1 13.2884 2.3447
7.8495 -1.9561 1 13.3364 2.5927
8.0427 -2.1898 1 13.3586 2.8443
8.2581 -2.4033 1 13.3573 3.0970
8.4939 -2.5944 1 13.3348 3.3486
8.7475 -2.7613 1 13.2939 3.5980
9.0163 -2.9028 1 13.2373 3.8443
9.2974 -3.0187 1 13.1679 4.0872
9.5879 -3.1090 1 13.0880 4.3270
9.8853 -3.1745 0 13.0003 4.5640
10.1873 -3.2157 0 12.9066 4.7988
10.4919 -3.2329 0 12.8088 5.0318
10.7973 -3.2278 0 12.7083 5.2637
11.1033 -3.2194 0 12.6060 5.4948
11.4075 -3.1858 0 12.5027 5.7255
11.7090 -3.1297 0 12.3985 5.9558
12.0079 -3.0587 0 12.2933 6.1856
12.3049 -2.9779 0 12.1863 6.4146
12.6006 -2.8909 0 12.0767 6.6423
12.8956 -2.8002 0 11.9631 6.8680
13.1904 -2.7076 0 11.8439 7.0909
13.4853 -2.6146 0 11.7173 7.3096
13.7809 -2.5223 0 11.5815 7.5227
14.0771 -2.4317 0 11.4349 7.7286
14.3740 -2.3430 0 11.2763 7.9253
14.6716 -2.2560 0 11.1049 8.1109
14.9692 -2.1691 0 10.9202 8.2833
15.2659 -2.0789 0 10.7224 8.4405
15.5595 -1.9796 0 10.5122 8.5807
15.8462 -1.8624 0 10.2906 8.7021
16.1188 -1.7168 0 10.0593 8.8036
16.3663 -1.5330 0 9.8200 8.8845
16.5723 -1.3057 0 9.5747 8.9450
16.7179 -1.0376 0 9.3258 8.9891
