x y
3.1199 7.2679
3.0407 7.2471
2.9619 7.2259
2.8834 7.2041
2.8053 7.1818
2.7276 7.1588
2.6503 7.1352
2.5735 7.1109
2.4971 7.0859
2.4213 7.0602
2.3459 7.0336
2.2710 7.0062
2.1966 6.9780
2.1228 6.9488
2.0496 6.9187
1.9770 6.8877
1.9049 6.8557
1.8335 6.8227
1.7627 6.7887
1.6926 6.7536
1.6231 6.7175
1.5544 6.6803
1.4863 6.6421
1.4189 6.6027
1.3523 6.5622
1.2864 6.5207
1.2212 6.4780
1.1568 6.4342
1.0931 6.3893
1.0301 6.3433
0.9680 6.2963
0.9065 6.2482
0.8459 6.1990
0.7861 6.1488
0.7271 6.0977
0.6689 6.0455
0.6117 5.9924
0.5553 5.9384
0.4999 5.8835
0.4456 5.8278
0.3923 5.7712
0.3400 5.7138
0.2889 5.6555
0.2390 5.5964
0.1903 5.5366
0.1429 5.4758
0.0967 5.4143
0.0517 5.3520
0.0081 5.2889
-0.0341 5.2249
-0.0751 5.1602
-0.1416 5.1276
-0.2079 5.0933
-0.2740 5.0574
-0.3113 4.9878
-0.3473 4.9174
-0.3817 4.8463
-0.4147 4.7744
-0.4463 4.7019
-0.4764 4.6286
-0.5051 4.5548
-0.5324 4.4803
-0.5582 4.4052
-0.5826 4.3295
-0.6057 4.2533
-0.6274 4.1766
-0.6477 4.0995
-0.6667 4.0219
-0.6844 3.9439
-0.7007 3.8656
-0.7157 3.7870
-0.7664 3.7298
-0.8164 3.6714
-0.8345 3.5944
-0.8237 3.5189
-0.8121 3.4439
-0.7982 3.3696
-0.7822 3.2961
-0.7644 3.2235
-0.7447 3.1517
-0.7234 3.0807
-0.7005 3.0105
-0.6763 2.9411
-0.6509 2.8725
-0.6244 2.8045
-0.5977 2.7370
-0.5940 2.6598
-0.5892 2.5825
-0.5831 2.5053
-0.5759 2.4280
