x y v
10.2148 8.8928 1.7570
10.1332 8.9251 1.7579
10.0506 8.9552 1.7586
9.9671 8.9831 1.7593
9.8830 9.0089 1.7601
9.7983 9.0326 1.7604
9.7128 9.0538 1.7610
9.6269 9.0730 1.7617
9.5405 9.0902 1.7624
9.4537 9.1055 1.7631
9.3665 9.1190 1.7639
9.2791 9.1307 1.7641
9.1914 9.1402 1.7649
9.1035 9.1479 1.7655
9.0154 9.1536 1.7659
8.9272 9.1570 1.7665
8.8388 9.1584 1.7670
8.7505 9.1576 1.7679
8.6621 9.1549 1.7679
8.5739 9.1496 1.7687
8.4857 9.1423 1.7696
8.3977 9.1333 1.7704
8.3098 9.1226 1.7712
8.2221 9.1102 1.7719
8.1345 9.0963 1.7729
8.0472 9.0811 1.7733
7.9602 9.0640 1.7742
7.8733 9.0458 1.7752
7.7867 9.0265 1.7761
7.7002 9.0063 1.7770
7.6138 8.9852 1.7779
7.5276 8.9634 1.7789
7.4416 8.9409 1.7797
7.3557 8.9175 1.7806
7.2700 8.8933 1.7816
7.1844 8.8685 1.7826
7.0988 8.8437 1.7836
7.0132 8.8184 1.7845
6.9279 8.7924 1.7853
6.8428 8.7652 1.7864
6.7578 8.7376 1.7875
6.6728 8.7099 1.7882
6.5882 8.6810 1.7893
6.5035 8.6522 1.7904
6.4187 8.6233 1.7915
6.3339 8.5943 1.7927
6.2491 8.5652 1.7938
6.1644 8.5357 1.7949
6.0798 8.5056 1.7962
5.9950 8.4760 1.7973
5.9098 8.4472 1.7987
5.8248 8.4178 1.8001
5.7397 8.3883 1.8015
5.6546 8.3588 1.8029
5.5692 8.3297 1.8044
5.4837 8.3009 1.8058
5.3979 8.2726 1.8073
5.3119 8.2448 1.8088
5.2256 8.2177 1.8103
5.1390 8.1911 1.8119
5.0522 8.1651 1.8134
4.9651 8.1397 1.8150
4.8778 8.1147 1.8165
4.7904 8.0899 1.8181
4.7029 8.0651 1.8197
4.6153 8.0404 1.8212
4.5276 8.0159 1.8227
4.4397 7.9916 1.8242
4.3517 7.9675 1.8257
4.2635 7.9437 1.8272
4.1752 7.9200 1.8286
4.0868 7.8965 1.8300
3.9983 7.8732 1.8314
3.9097 7.8500 1.8328
3.8210 7.8269 1.8342
3.7322 7.8038 1.8355
3.6433 7.7807 1.8368
3.5544 7.7576 1.8381
3.4655 7.7344 1.8394
3.3765 7.7110 1.8407
3.2875 7.6874 1.8419
3.1985 7.6636 1.8432
3.1095 7.6394 1.8444
3.0206 7.6149 1.8455
2.9318 7.5898 1.8467
2.8430 7.5643 1.8478
2.7543 7.5382 1.8490
2.6658 7.5114 1.8501
2.5775 7.4839 1.8512
2.4893 7.4557 1.8523
