x y
9.4245 10.0944
9.3635 10.1033
9.3039 10.1111
9.2447 10.1182
9.1840 10.1247
9.1220 10.1305
9.0597 10.1354
8.9973 10.1395
8.9351 10.1428
8.8731 10.1452
8.8118 10.1468
8.7510 10.1477
8.6909 10.1478
8.6312 10.1472
8.5720 10.1458
8.5131 10.1437
8.4546 10.1408
8.3965 10.1370
8.3387 10.1325
8.2813 10.1271
8.2243 10.1208
8.1677 10.1135
8.1115 10.1052
8.0559 10.0960
8.0006 10.0857
7.9460 10.0743
7.8918 10.0619
7.8383 10.0484
7.7853 10.0338
7.7329 10.0181
7.6812 10.0014
7.6300 9.9837
7.5795 9.9651
7.5296 9.9455
7.4803 9.9251
7.4317 9.9040
7.3835 9.8822
7.3360 9.8598
7.2889 9.8370
7.2424 9.8139
7.1962 9.7905
7.1505 9.7670
7.1051 9.7435
7.0601 9.7201
7.0153 9.6969
6.9707 9.6741
6.9263 9.6517
6.8820 9.6299
6.8378 9.6088
6.7936 9.5884
6.7494 9.5689
6.7052 9.5503
6.6609 9.5329
6.6164 9.5166
6.5718 9.5015
6.5269 9.4879
6.4818 9.4757
6.4363 9.4652
6.3905 9.4563
6.3443 9.4492
6.2976 9.4441
6.2505 9.4409
6.2028 9.4399
6.1546 9.4411
6.1059 9.4445
6.0566 9.4503
6.0067 9.4585
5.9562 9.4691
5.9052 9.4820
5.8537 9.4972
5.8017 9.5147
5.7493 9.5343
5.6965 9.5558
5.6434 9.5791
5.5901 9.6039
5.5367 9.6300
5.4832 9.6571
5.4298 9.6848
5.3766 9.7129
5.3236 9.7410
5.2710 9.7687
5.2189 9.7958
5.1673 9.8220
5.1162 9.8468
5.0658 9.8701
5.0162 9.8915
4.9672 9.9109
4.9190 9.9282
4.8715 9.9432
4.8248 9.9557
4.7788 9.9659
4.7336 9.9735
4.6890 9.9788
4.6450 9.9818
4.6017 9.9825
4.5588 9.9812
4.5164 9.9778
4.4745 9.9726
4.4328 9.9658
4.3914 9.9574
4.3502 9.9477
4.3092 9.9368
4.2683 9.9249
4.2274 9.9122
4.1865 9.8987
4.1456 9.8846
4.1046 9.8699
4.0635 9.8549
4.0223 9.8396
3.9810 9.8240
3.9395 9.8082
3.8978 9.7923
3.8559 9.7762
3.8138 9.7601
3.7715 9.7440
3.7289 9.7278
3.6861 9.7116
3.6431 9.6953
3.5998 9.6790
3.5563 9.6627
3.5125 9.6463
3.4684 9.6299
3.4242 9.6134
3.3797 9.5968
3.3349 9.5801
3.2899 9.5633
3.2446 9.5463
3.1991 9.5292
3.1534 9.5119
3.1074 9.4944
3.0613 9.4766
3.0149 9.4587
2.9683 9.4405
2.9215 9.4220
2.8745 9.4032
2.8274 9.3841
2.7800 9.3646
2.7325 9.3448
2.6847 9.3247
2.6368 9.3042
2.5888 9.2832
2.5406 9.2619
2.4922 9.2402
2.4438 9.2181
2.3952 9.1956
2.3465 9.1727
2.2977 9.1494
2.2489 9.1257
2.1999 9.1016
2.1509 9.0771
2.1018 9.0523
2.0526 9.0271
2.0034 9.0015
1.9541 8.9756
1.9047 8.9494
1.8552 8.9229
1.8057 8.8961
1.7562 8.8691
1.7065 8.8418
1.6569 8.8142
1.6072 8.7864
1.5574 8.7584
1.5076 8.7302
1.4577 8.7019
1.4078 8.6733
1.3579 8.6446
1.3079 8.6158
1.2579 8.5868
1.2079 8.5577
1.1578 8.5284
1.1077 8.4990
1.0576 8.4695
1.0075 8.4399
0.9573 8.4101
0.9072 8.3801
0.8570 8.3501
0.8069 8.3198
0.7568 8.2894
0.7067 8.2588
0.6567 8.2281
0.6067 8.1971
0.5568 8.1660
0.5069 8.1346
0.4572 8.1030
0.4076 8.0712
0.3580 8.0391
0.3086 8.0069
0.2594 7.9744
0.2103 7.9416
0.1613 7.9087
0.1125 7.8754
0.0639 7.8420
0.0155 7.8084
-0.0328 7.7745
-0.0809 7.7404
-0.1288 7.7062
-0.1766 7.6717
-0.2242 7.6370
-0.2717 7.6021
-0.3190 7.5671
-0.3662 7.5318
-0.4133 7.4963
-0.4602 7.4606
-0.5071 7.4247
-0.5538 7.3885
-0.6004 7.3520
-0.6469 7.3152
-0.6932 7.2781
-0.7395 7.2406
-0.7855 7.2026
-0.8314 7.1642
-0.8771 7.1253
-0.9225 7.0858
-0.9677 7.0458
-1.0125 7.0050
-1.0569 6.9636
-1.1010 6.9214
-1.1445 6.8784
-1.1876 6.8347
-1.2300 6.7901
-1.2718 6.7447
-1.3129 6.6983
-1.3533 6.6512
-1.3928 6.6031
-1.4315 6.5542
-1.4693 6.5044
-1.5061 6.4537
-1.5420 6.4022
-1.5769 6.3499
-1.6107 6.2969
-1.6435 6.2430
-1.6753 6.1885
-1.7059 6.1333
-1.7354 6.0774
-1.7639 6.0210
-1.7912 5.9640
-1.8174 5.9064
-1.8425 5.8484
-1.8664 5.7900
-1.8893 5.7311
-1.9110 5.6719
-1.9316 5.6123
-1.9511 5.5525
-1.9695 5.4924
-1.9867 5.4321
-2.0029 5.3717
-2.0180 5.3111
-2.0319 5.2504
-2.0448 5.1896
-2.0566 5.1288
-2.0673 5.0680
-2.0770 5.0072
-2.0857 4.9464
-2.0933 4.8857
-2.1000 4.8251
-2.1058 4.7647
-2.1107 4.7043
-2.1146 4.6441
-2.1178 4.5841
-2.1202 4.5242
-2.1218 4.4646
-2.1228 4.4052
-2.1232 4.3460
-2.1230 4.2870
-2.1222 4.2283
-2.1211 4.1697
-2.1195 4.1114
-2.1175 4.0533
-2.1153 3.9953
-2.1128 3.9376
-2.1100 3.8800
-2.1070 3.8227
-2.1039 3.7655
-2.1005 3.7084
-2.0970 3.6516
-2.0933 3.5949
-2.0894 3.5384
-2.0853 3.4820
-2.0810 3.4258
-2.0765 3.3698
-2.0717 3.3139
-2.0667 3.2581
-2.0613 3.2026
-2.0556 3.1471
-2.0496 3.0919
-2.0432 3.0367
-2.0364 2.9818
-2.0293 2.9270
-2.0217 2.8724
-2.0137 2.8180
-2.0053 2.7638
-1.9965 2.7098
-1.9873 2.6559
-1.9777 2.6023
-1.9678 2.5489
-1.9575 2.4956
-1.9469 2.4426
-1.9360 2.3898
-1.9248 2.3372
-1.9134 2.2849
-1.9017 2.2327
-1.8897 2.1808
-1.8776 2.1290
-1.8653 2.0775
-1.8528 2.0262
-1.8402 1.9751
-1.8274 1.9242
-1.8144 1.8735
-1.8014 1.8230
-1.7882 1.7727
-1.7749 1.7226
-1.7615 1.6727
-1.7481 1.6230
-1.7345 1.5734
-1.7209 1.5240
-1.7072 1.4748
-1.6934 1.4258
-1.6795 1.3769
-1.6657 1.3282
-1.6517 1.2797
-1.6377 1.2313
-1.6237 1.1830
-1.6097 1.1349
-1.5956 1.0870
-1.5815 1.0392
-1.5673 0.9915
-1.5532 0.9440
-1.5391 0.8966
-1.5249 0.8494
-1.5108 0.8023
-1.4966 0.7553
-1.4825 0.7084
-1.4684 0.6616
-1.4543 0.6150
-1.4402 0.5685
-1.4262 0.5220
-1.4122 0.4757
-1.3983 0.4295
-1.3844 0.3834
-1.3705 0.3373
-1.3567 0.2914
-1.3430 0.2455
-1.3293 0.1998
-1.3157 0.1541
-1.3021 0.1085
-1.2886 0.0630
-1.2751 0.0176
-1.2616 -0.0277
-1.2481 -0.0730
-1.2347 -0.1181
-1.2212 -0.1632
-1.2078 -0.2081
-1.1943 -0.2530
-1.1807 -0.2977
-1.1671 -0.3423
-1.1534 -0.3869
-1.1397 -0.4313
-1.1258 -0.4756
-1.1118 -0.5197
-1.0977 -0.5638
-1.0835 -0.6078
-1.0692 -0.6516
-1.0547 -0.6953
-1.0400 -0.7389
-1.0252 -0.7824
-1.0103 -0.8258
-0.9953 -0.8691
-0.9800 -0.9123
-0.9647 -0.9554
-0.9492 -0.9984
-0.9336 -1.0414
-0.9179 -1.0842
-0.9020 -1.1270
-0.8861 -1.1698
-0.8700 -1.2124
-0.8539 -1.2551
-0.8376 -1.2977
-0.8213 -1.3403
-0.8050 -1.3828
-0.7885 -1.4253
-0.7720 -1.4679
-0.7554 -1.5104
-0.7388 -1.5529
-0.7221 -1.5955
-0.7053 -1.6380
-0.6885 -1.6806
-0.6717 -1.7232
-0.6547 -1.7658
-0.6378 -1.8085
-0.6207 -1.8512
-0.6036 -1.8939
-0.5863 -1.9367
-0.5690 -1.9796
-0.5517 -2.0225
-0.5342 -2.0654
-0.5166 -2.1084
-0.4989 -2.1514
-0.4811 -2.1945
-0.4632 -2.2377
-0.4452 -2.2809
-0.4271 -2.3242
-0.4089 -2.3676
-0.3906 -2.4111
-0.3721 -2.4547
-0.3536 -2.4983
-0.3351 -2.5421
-0.3164 -2.5860
-0.2976 -2.6300
-0.2788 -2.6741
-0.2599 -2.7183
-0.2410 -2.7627
-0.2220 -2.8073
-0.2029 -2.8519
-0.1838 -2.8968
-0.1647 -2.9417
-0.1455 -2.9869
-0.1263 -3.0322
-0.1071 -3.0777
-0.0878 -3.1234
-0.0685 -3.1693
-0.0492 -3.2153
-0.0299 -3.2617
-0.0106 -3.3082
0.0088 -3.3550
0.0282 -3.4020
0.0475 -3.4493
0.0669 -3.4969
0.0863 -3.5447
0.1057 -3.5929
0.1250 -3.6414
0.1443 -3.6902
0.1637 -3.7394
0.1830 -3.7890
0.2023 -3.8390
0.2215 -3.8895
0.2408 -3.9404
0.2601 -3.9917
0.2794 -4.0436
0.2987 -4.0960
0.3181 -4.1490
0.3376 -4.2025
0.3572 -4.2566
0.3769 -4.3113
0.3968 -4.3666
0.4170 -4.4225
0.4375 -4.4790
0.4584 -4.5362
0.4798 -4.5940
0.5017 -4.6524
0.5243 -4.7114
0.5476 -4.7709
0.5717 -4.8311
0.5968 -4.8917
0.6229 -4.9527
0.6502 -5.0142
0.6787 -5.0760
0.7085 -5.1381
0.7399 -5.2005
0.7728 -5.2629
0.8073 -5.3255
0.8436 -5.3880
0.8818 -5.4505
0.9219 -5.5129
0.9641 -5.5751
1.0083 -5.6370
1.0547 -5.6985
1.1032 -5.7595
1.1540 -5.8201
1.2071 -5.8801
1.2624 -5.9394
1.3200 -5.9979
1.3799 -6.0557
1.4422 -6.1125
1.5068 -6.1684
1.5737 -6.2232
1.6431 -6.2769
1.7148 -6.3294
1.7891 -6.3806
1.8657 -6.4303
1.9448 -6.4784
2.0264 -6.5248
2.1105 -6.5692
2.1969 -6.6116
2.2858 -6.6517
2.3771 -6.6894
2.4706 -6.7243
2.5663 -6.7564
2.6641 -6.7853
2.7639 -6.8109
2.8655 -6.8330
2.9687 -6.8513
3.0733 -6.8657
3.1791 -6.8761
3.2859 -6.8821
3.3934 -6.8838
3.5014 -6.8809
3.6096 -6.8735
3.7177 -6.8614
3.8255 -6.8446
3.9327 -6.8230
4.0389 -6.7967
4.1441 -6.7657
4.2478 -6.7300
4.3498 -6.6896
4.4499 -6.6447
4.5479 -6.5954
4.6435 -6.5417
4.7363 -6.4839
4.8262 -6.4222
4.9129 -6.3567
4.9963 -6.2877
5.0761 -6.2156
5.1522 -6.1404
5.2246 -6.0625
5.2931 -5.9821
5.3577 -5.8995
5.4184 -5.8150
5.4752 -5.7287
5.5282 -5.6410
5.5773 -5.5520
5.6226 -5.4620
5.6642 -5.3711
5.7021 -5.2798
5.7363 -5.1881
5.7671 -5.0962
5.7944 -5.0044
5.8184 -4.9129
5.8392 -4.8217
5.8568 -4.7310
5.8714 -4.6410
5.8831 -4.5517
5.8920 -4.4633
5.8981 -4.3757
5.9017 -4.2891
5.9029 -4.2035
5.9016 -4.1189
5.8981 -4.0354
5.8925 -3.9530
5.8848 -3.8718
5.8752 -3.7918
5.8638 -3.7131
5.8508 -3.6356
5.8362 -3.5595
5.8201 -3.4848
5.8029 -3.4113
5.7845 -3.3393
5.7651 -3.2685
5.7449 -3.1991
5.7239 -3.1308
5.7024 -3.0638
5.6803 -2.9980
5.6579 -2.9332
5.6351 -2.8696
5.6122 -2.8069
5.5890 -2.7453
5.5658 -2.6846
5.5425 -2.6248
5.5192 -2.5658
5.4960 -2.5077
5.4728 -2.4504
5.4496 -2.3939
5.4266 -2.3380
5.4037 -2.2828
5.3808 -2.2282
5.3581 -2.1742
5.3355 -2.1208
5.3130 -2.0679
5.2906 -2.0156
5.2683 -1.9637
5.2462 -1.9123
5.2242 -1.8614
5.2024 -1.8108
5.1806 -1.7606
5.1590 -1.7108
5.1376 -1.6614
5.1163 -1.6122
5.0951 -1.5633
5.0741 -1.5148
5.0532 -1.4665
5.0325 -1.4184
5.0119 -1.3707
4.9915 -1.3231
4.9713 -1.2759
4.9512 -1.2288
4.9312 -1.1820
4.9115 -1.1354
4.8919 -1.0890
4.8724 -1.0429
4.8532 -0.9969
4.8341 -0.9511
4.8151 -0.9054
4.7964 -0.8600
4.7778 -0.8146
4.7594 -0.7695
4.7411 -0.7244
4.7231 -0.6796
4.7052 -0.6348
4.6876 -0.5902
4.6702 -0.5458
4.6530 -0.5014
4.6360 -0.4572
4.6192 -0.4132
4.6027 -0.3693
4.5864 -0.3254
4.5704 -0.2818
4.5546 -0.2382
4.5390 -0.1948
4.5237 -0.1515
4.5086 -0.1084
4.4938 -0.0653
4.4792 -0.0225
4.4648 0.0203
4.4507 0.0628
4.4368 0.1052
4.4231 0.1475
4.4096 0.1896
4.3963 0.2315
4.3832 0.2732
4.3703 0.3147
4.3576 0.3561
4.3451 0.3972
4.3327 0.4381
4.3205 0.4788
4.3084 0.5194
4.2965 0.5597
4.2847 0.5997
4.2731 0.6396
4.2615 0.6792
4.2501 0.7187
4.2388 0.7578
4.2276 0.7968
4.2165 0.8355
4.2055 0.8740
4.1946 0.9122
4.1838 0.9503
4.1731 0.9880
4.1624 1.0256
4.1518 1.0629
4.1413 1.1000
4.1308 1.1369
4.1204 1.1736
4.1101 1.2102
4.0998 1.2465
4.0895 1.2827
4.0793 1.3187
4.0691 1.3545
4.0589 1.3901
4.0488 1.4256
4.0387 1.4609
4.0287 1.4961
4.0187 1.5312
4.0087 1.5661
3.9987 1.6010
3.9888 1.6357
3.9789 1.6704
3.9690 1.7050
3.9592 1.7395
3.9494 1.7740
3.9396 1.8084
3.9300 1.8428
3.9203 1.8772
3.9108 1.9115
3.9013 1.9458
3.8919 1.9802
3.8827 2.0145
3.8735 2.0488
3.8646 2.0832
3.8558 2.1175
3.8472 2.1519
3.8388 2.1864
3.8308 2.2209
3.8229 2.2555
3.8155 2.2901
3.8083 2.3249
3.8016 2.3597
3.7953 2.3946
3.7894 2.4295
3.7841 2.4644
3.7792 2.4994
3.7750 2.5343
3.7713 2.5692
3.7683 2.6041
3.7660 2.6389
3.7644 2.6737
3.7636 2.7084
3.7635 2.7429
3.7643 2.7774
3.7660 2.8117
3.7686 2.8458
3.7720 2.8797
3.7765 2.9133
3.7818 2.9467
3.7882 2.9797
3.7955 3.0123
3.8039 3.0445
3.8132 3.0763
3.8235 3.1075
3.8348 3.1383
3.8471 3.1684
3.8603 3.1980
3.8745 3.2269
3.8895 3.2551
3.9054 3.2826
3.9222 3.3095
3.9397 3.3355
3.9579 3.3608
3.9768 3.3853
3.9964 3.4090
4.0165 3.4319
4.0372 3.4541
4.0584 3.4754
4.0800 3.4960
4.1019 3.5158
4.1243 3.5349
4.1469 3.5533
4.1699 3.5711
4.1930 3.5881
4.2164 3.6045
4.2400 3.6203
4.2636 3.6355
4.2874 3.6501
4.3113 3.6641
4.3352 3.6775
4.3592 3.6903
4.3833 3.7026
4.4074 3.7144
4.4317 3.7256
4.4560 3.7363
4.4804 3.7464
4.5050 3.7561
4.5297 3.7651
4.5545 3.7737
4.5793 3.7816
4.6043 3.7889
4.6294 3.7957
4.6546 3.8018
4.6799 3.8072
4.7053 3.8120
4.7308 3.8160
4.7564 3.8194
4.7822 3.8221
4.8080 3.8240
4.8339 3.8251
4.8598 3.8254
4.8858 3.8250
4.9118 3.8237
4.9377 3.8215
4.9636 3.8185
4.9894 3.8146
5.0151 3.8097
5.0407 3.8040
5.0661 3.7973
5.0913 3.7896
5.1164 3.7810
5.1412 3.7714
5.1657 3.7609
5.1899 3.7493
5.2138 3.7368
5.2372 3.7233
5.2602 3.7088
5.2828 3.6934
5.3048 3.6771
5.3263 3.6599
5.3471 3.6418
5.3674 3.6228
5.3871 3.6030
5.4061 3.5825
5.4244 3.5611
5.4421 3.5390
5.4592 3.5162
5.4756 3.4928
5.4913 3.4687
5.5064 3.4439
5.5208 3.4186
5.5345 3.3928
5.5475 3.3664
5.5598 3.3396
5.5715 3.3124
5.5824 3.2847
5.5927 3.2567
5.6024 3.2284
5.6113 3.1996
5.6197 3.1706
5.6274 3.1413
5.6345 3.1117
5.6410 3.0818
5.6468 3.0517
5.6521 3.0214
5.6569 2.9909
5.6610 2.9602
5.6646 2.9293
5.6676 2.8982
5.6700 2.8670
5.6719 2.8356
5.6733 2.8041
5.6740 2.7723
5.6742 2.7404
5.6738 2.7083
5.6727 2.6760
5.6709 2.6435
5.6684 2.6107
5.6651 2.5777
5.6609 2.5445
5.6557 2.5110
5.6496 2.4772
5.6423 2.4431
5.6338 2.4088
5.6240 2.3741
5.6129 2.3391
5.6003 2.3039
5.5861 2.2683
5.5703 2.2325
5.5528 2.1964
5.5337 2.1601
5.5128 2.1236
5.4903 2.0869
5.4661 2.0500
5.4403 2.0130
5.4131 1.9758
5.3845 1.9385
5.3548 1.9011
5.3242 1.8636
5.2928 1.8260
5.2610 1.7882
5.2290 1.7504
5.1971 1.7124
5.1656 1.6743
5.1348 1.6361
5.1049 1.5977
5.0762 1.5592
5.0491 1.5204
5.0237 1.4814
5.0003 1.4420
4.9791 1.4024
4.9601 1.3623
4.9435 1.3219
4.9294 1.2810
4.9179 1.2396
4.9089 1.1977
4.9024 1.1552
4.8983 1.1121
4.8967 1.0685
4.8973 1.0242
4.9001 0.9793
4.9048 0.9337
4.9115 0.8875
4.9199 0.8407
4.9298 0.7932
4.9412 0.7451
4.9539 0.6964
4.9676 0.6471
4.9824 0.5972
4.9980 0.5467
5.0144 0.4957
5.0314 0.4441
5.0490 0.3920
5.0670 0.3393
5.0855 0.2862
5.1042 0.2326
5.1232 0.1786
5.1425 0.1240
5.1619 0.0691
5.1815 0.0137
5.2012 -0.0421
5.2210 -0.0982
5.2410 -0.1548
5.2610 -0.2117
5.2811 -0.2690
5.3014 -0.3266
5.3217 -0.3845
5.3421 -0.4428
5.3627 -0.5013
5.3834 -0.5601
5.4042 -0.6192
5.4252 -0.6785
5.4463 -0.7381
5.4676 -0.7979
5.4891 -0.8579
5.5107 -0.9181
5.5325 -0.9785
5.5546 -1.0391
5.5768 -1.0998
5.5993 -1.1607
5.6219 -1.2218
5.6448 -1.2830
5.6678 -1.3444
5.6911 -1.4059
5.7146 -1.4676
5.7383 -1.5294
5.7622 -1.5913
5.7862 -1.6535
5.8105 -1.7157
5.8350 -1.7782
5.8596 -1.8408
5.8845 -1.9036
5.9095 -1.9667
5.9347 -2.0299
5.9600 -2.0934
5.9856 -2.1571
6.0114 -2.2211
6.0374 -2.2854
6.0636 -2.3499
6.0900 -2.4148
6.1167 -2.4799
6.1438 -2.5454
6.1711 -2.6112
6.1989 -2.6773
6.2271 -2.7437
6.2559 -2.8105
6.2852 -2.8775
6.3152 -2.9448
6.3459 -3.0122
6.3775 -3.0799
6.4100 -3.1476
6.4435 -3.2154
6.4781 -3.2830
6.5138 -3.3504
6.5507 -3.4175
6.5890 -3.4842
6.6286 -3.5503
6.6697 -3.6157
6.7123 -3.6803
6.7565 -3.7439
6.8023 -3.8065
6.8498 -3.8678
6.8991 -3.9279
6.9502 -3.9866
7.0031 -4.0437
7.0578 -4.0991
7.1142 -4.1528
7.1724 -4.2046
7.2322 -4.2544
7.2937 -4.3021
7.3566 -4.3477
7.4209 -4.3911
7.4866 -4.4322
7.5534 -4.4711
7.6213 -4.5077
7.6902 -4.5421
7.7599 -4.5743
7.8304 -4.6044
7.9016 -4.6323
7.9733 -4.6581
8.0454 -4.6820
8.1180 -4.7040
8.1908 -4.7241
8.2638 -4.7425
8.3369 -4.7592
8.4101 -4.7744
8.4832 -4.7880
8.5563 -4.8001
8.6293 -4.8109
8.7020 -4.8203
8.7746 -4.8285
8.8468 -4.8354
8.9188 -4.8411
8.9904 -4.8457
9.0617 -4.8491
9.1327 -4.8514
9.2033 -4.8526
9.2734 -4.8528
9.3432 -4.8519
9.4126 -4.8499
9.4815 -4.8469
9.5501 -4.8429
9.6182 -4.8378
9.6858 -4.8318
9.7530 -4.8248
9.8197 -4.8169
9.8860 -4.8081
9.9518 -4.7984
10.0170 -4.7880
10.0818 -4.7767
10.1461 -4.7648
10.2098 -4.7522
10.2731 -4.7389
10.3358 -4.7252
10.3981 -4.7109
10.4598 -4.6961
10.5210 -4.6810
10.5817 -4.6654
10.6419 -4.6496
10.7017 -4.6334
10.7610 -4.6169
10.8198 -4.6002
10.8781 -4.5833
10.9360 -4.5661
10.9934 -4.5487
11.0503 -4.5311
11.1068 -4.5132
11.1628 -4.4952
11.2184 -4.4769
11.2735 -4.4584
11.3282 -4.4397
11.3825 -4.4208
11.4363 -4.4016
11.4898 -4.3822
11.5428 -4.3626
11.5954 -4.3427
11.6477 -4.3225
11.6995 -4.3021
11.7509 -4.2814
11.8020 -4.2605
11.8526 -4.2394
11.9028 -4.2179
11.9527 -4.1963
12.0021 -4.1744
12.0511 -4.1523
12.0998 -4.1300
12.1481 -4.1075
12.1960 -4.0848
12.2436 -4.0620
12.2908 -4.0390
12.3377 -4.0158
12.3842 -3.9925
12.4304 -3.9691
12.4762 -3.9456
12.5218 -3.9221
12.5671 -3.8985
12.6121 -3.8749
12.6568 -3.8513
12.7013 -3.8277
12.7455 -3.8042
12.7895 -3.7807
12.8334 -3.7573
12.8770 -3.7340
12.9205 -3.7109
12.9638 -3.6878
13.0069 -3.6649
13.0500 -3.6422
13.0929 -3.6196
13.1356 -3.5972
13.1783 -3.5750
13.2209 -3.5531
13.2633 -3.5313
13.3057 -3.5097
13.3480 -3.4883
13.3902 -3.4671
13.4324 -3.4461
13.4745 -3.4253
13.5165 -3.4047
13.5585 -3.3843
13.6005 -3.3640
13.6423 -3.3439
13.6842 -3.3240
13.7260 -3.3042
13.7677 -3.2845
13.8095 -3.2650
13.8511 -3.2456
13.8928 -3.2263
13.9344 -3.2071
13.9761 -3.1881
14.0177 -3.1691
14.0593 -3.1503
14.1010 -3.1315
14.1426 -3.1129
14.1843 -3.0944
14.2260 -3.0759
14.2678 -3.0576
14.3096 -3.0394
14.3514 -3.0213
14.3933 -3.0034
14.4353 -2.9855
14.4774 -2.9677
14.5195 -2.9500
14.5617 -2.9325
14.6040 -2.9150
14.6464 -2.8976
14.6889 -2.8802
14.7315 -2.8630
14.7743 -2.8458
14.8172 -2.8286
14.8601 -2.8114
14.9033 -2.7943
14.9466 -2.7771
14.9900 -2.7600
15.0335 -2.7428
15.0773 -2.7255
15.1212 -2.7082
15.1653 -2.6908
15.2095 -2.6733
15.2539 -2.6557
15.2986 -2.6379
15.3434 -2.6200
15.3884 -2.6018
15.4336 -2.5835
15.4790 -2.5649
15.5247 -2.5461
15.5705 -2.5270
15.6165 -2.5076
15.6627 -2.4879
15.7091 -2.4678
15.7557 -2.4473
15.8025 -2.4264
15.8495 -2.4051
15.8967 -2.3834
15.9440 -2.3611
15.9916 -2.3383
16.0393 -2.3150
16.0872 -2.2912
16.1353 -2.2667
16.1837 -2.2417
16.2322 -2.2159
16.2809 -2.1896
16.3298 -2.1625
16.3790 -2.1346
16.4284 -2.1060
16.4780 -2.0765
16.5279 -2.0461
16.5780 -2.0148
16.6283 -1.9824
16.6789 -1.9488
16.7296 -1.9141
16.7806 -1.8780
16.8317 -1.8404
16.8828 -1.8012
16.9340 -1.7602
16.9851 -1.7173
17.0359 -1.6723
17.0864 -1.6250
17.1364 -1.5753
17.1856 -1.5231
17.2338 -1.4682
17.2808 -1.4105
17.3263 -1.3499
17.3699 -1.2864
17.4114 -1.2200
17.4505 -1.1507
17.4868 -1.0785
17.5200 -1.0036
17.5498 -0.9261
17.5758 -0.8461
17.5979 -0.7638
17.6157 -0.6796
17.6289 -0.5936
17.6374 -0.5062
17.6409 -0.4179
17.6393 -0.3288
17.6324 -0.2395
17.6203 -0.1502
17.6028 -0.0615
17.5799 0.0263
17.5517 0.1126
17.5182 0.1972
17.4796 0.2796
17.4360 0.3595
17.3877 0.4363
17.3348 0.5098
17.2777 0.5797
17.2168 0.6455
17.1523 0.7071
17.0847 0.7642
17.0144 0.8167
16.9419 0.8644
16.8675 0.9074
16.7917 0.9456
16.7148 0.9791
16.6372 1.0081
16.5593 1.0326
16.4813 1.0529
16.4035 1.0692
16.3262 1.0818
16.2496 1.0908
16.1738 1.0965
16.0990 1.0992
16.0253 1.0991
15.9527 1.0966
15.8814 1.0918
15.8114 1.0850
15.7426 1.0763
15.6752 1.0660
15.6090 1.0543
15.5441 1.0413
15.4804 1.0271
15.4180 1.0120
15.3567 0.9959
15.2966 0.9790
15.2376 0.9615
15.1798 0.9432
15.1230 0.9245
15.0672 0.9052
15.0123 0.8855
14.9584 0.8653
14.9054 0.8448
14.8531 0.8240
14.8017 0.8028
14.7509 0.7814
14.7008 0.7597
14.6513 0.7379
14.6025 0.7158
14.5542 0.6936
14.5064 0.6713
14.4591 0.6489
14.4123 0.6265
14.3660 0.6041
14.3200 0.5817
14.2744 0.5594
14.2292 0.5373
14.1842 0.5153
14.1395 0.4934
14.0950 0.4717
14.0507 0.4503
14.0066 0.4290
13.9626 0.4080
13.9187 0.3872
13.8749 0.3667
13.8313 0.3464
13.7877 0.3263
13.7442 0.3065
13.7007 0.2870
13.6573 0.2677
13.6140 0.2487
13.5707 0.2299
13.5274 0.2114
13.4842 0.1931
13.4409 0.1751
13.3977 0.1574
13.3545 0.1399
13.3113 0.1227
13.2680 0.1057
13.2248 0.0890
13.1815 0.0726
13.1383 0.0564
13.0950 0.0405
13.0516 0.0248
13.0083 0.0094
12.9650 -0.0058
12.9216 -0.0208
12.8782 -0.0355
12.8348 -0.0500
12.7915 -0.0643
12.7481 -0.0784
12.7048 -0.0923
12.6615 -0.1061
12.6183 -0.1197
12.5752 -0.1331
12.5321 -0.1464
12.4891 -0.1595
12.4462 -0.1725
12.4034 -0.1854
12.3607 -0.1982
12.3181 -0.2109
12.2756 -0.2234
12.2332 -0.2360
12.1910 -0.2484
12.1489 -0.2607
12.1070 -0.2730
12.0653 -0.2852
12.0239 -0.2974
11.9827 -0.3094
11.9418 -0.3214
11.9013 -0.3333
11.8611 -0.3451
11.8214 -0.3568
11.7820 -0.3685
11.7431 -0.3801
11.7046 -0.3918
11.6666 -0.4034
11.6292 -0.4150
11.5922 -0.4267
11.5559 -0.4384
11.5202 -0.4501
11.4853 -0.4619
11.4510 -0.4737
11.4175 -0.4856
11.3848 -0.4977
11.3529 -0.5098
11.3217 -0.5221
11.2915 -0.5345
11.2620 -0.5470
11.2333 -0.5598
11.2055 -0.5727
11.1785 -0.5858
11.1522 -0.5992
11.1268 -0.6127
11.1020 -0.6265
11.0779 -0.6406
11.0544 -0.6548
11.0314 -0.6694
11.0087 -0.6842
10.9864 -0.6992
10.9643 -0.7144
10.9423 -0.7298
10.9204 -0.7454
10.8983 -0.7610
10.8761 -0.7766
10.8535 -0.7921
10.8306 -0.8075
10.8071 -0.8225
10.7830 -0.8370
10.7582 -0.8508
10.7326 -0.8638
10.7063 -0.8758
10.6791 -0.8864
10.6512 -0.8956
10.6226 -0.9031
10.5934 -0.9087
10.5639 -0.9122
10.5341 -0.9133
10.5044 -0.9120
10.4749 -0.9082
10.4460 -0.9015
10.4179 -0.8922
10.3909 -0.8801
10.3655 -0.8653
10.3418 -0.8478
10.3203 -0.8279
10.3012 -0.8057
10.2848 -0.7814
10.2713 -0.7554
10.2609 -0.7280
10.2538 -0.6995
10.2500 -0.6702
10.2496 -0.6405
10.2526 -0.6109
10.2589 -0.5820
10.2684 -0.5536
10.2810 -0.5258
10.2964 -0.4990
10.3145 -0.4736
10.3350 -0.4497
10.3576 -0.4274
10.3821 -0.4069
10.4082 -0.3881
10.4355 -0.3711
10.4640 -0.3557
10.4932 -0.3420
10.5230 -0.3298
10.5532 -0.3189
10.5837 -0.3093
10.6142 -0.3007
10.6446 -0.2930
10.6749 -0.2859
10.7049 -0.2793
10.7348 -0.2729
10.7643 -0.2667
10.7936 -0.2605
10.8227 -0.2540
10.8516 -0.2471
10.8805 -0.2398
10.9093 -0.2319
10.9382 -0.2234
10.9672 -0.2141
10.9965 -0.2040
11.0262 -0.1932
11.0563 -0.1815
11.0869 -0.1691
11.1181 -0.1559
11.1500 -0.1420
11.1826 -0.1274
11.2160 -0.1122
11.2501 -0.0964
11.2851 -0.0801
11.3209 -0.0635
11.3576 -0.0465
11.3950 -0.0292
11.4333 -0.0118
11.4725 0.0058
11.5125 0.0234
11.5533 0.0411
11.5950 0.0588
11.6375 0.0764
11.6809 0.0939
11.7251 0.1113
11.7700 0.1286
11.8158 0.1457
11.8623 0.1627
11.9096 0.1795
11.9576 0.1962
12.0064 0.2128
12.0559 0.2292
12.1062 0.2454
12.1572 0.2616
12.2090 0.2777
12.2615 0.2937
12.3148 0.3098
12.3690 0.3258
12.4240 0.3418
12.4798 0.3579
12.5365 0.3741
12.5940 0.3905
12.6526 0.4070
12.7120 0.4238
12.7725 0.4410
12.8340 0.4585
12.8965 0.4764
12.9601 0.4950
13.0248 0.5141
13.0906 0.5340
13.1575 0.5548
13.2255 0.5766
13.2946 0.5994
13.3647 0.6234
13.4358 0.6487
13.5078 0.6754
13.5806 0.7036
13.6542 0.7333
13.7285 0.7648
13.8034 0.7979
13.8788 0.8329
13.9546 0.8698
14.0308 0.9086
14.1073 0.9494
14.1839 0.9922
14.2606 1.0371
14.3374 1.0840
14.4140 1.1330
14.4904 1.1841
14.5665 1.2373
14.6423 1.2925
14.7176 1.3499
14.7923 1.4093
14.8663 1.4708
14.9395 1.5343
15.0117 1.5999
15.0827 1.6675
15.1524 1.7372
15.2207 1.8087
15.2872 1.8821
15.3517 1.9573
15.4142 2.0342
15.4743 2.1128
15.5318 2.1928
15.5865 2.2742
15.6383 2.3569
15.6869 2.4408
15.7321 2.5257
15.7738 2.6113
15.8119 2.6977
15.8461 2.7845
15.8766 2.8716
15.9030 2.9588
15.9255 3.0460
15.9440 3.1330
15.9585 3.2196
15.9689 3.3057
15.9754 3.3911
15.9779 3.4756
15.9765 3.5592
15.9713 3.6417
15.9623 3.7228
15.9497 3.8026
15.9336 3.8808
15.9140 3.9574
15.8910 4.0322
15.8649 4.1052
15.8356 4.1762
15.8034 4.2454
15.7683 4.3125
15.7304 4.3777
15.6900 4.4409
15.6470 4.5021
15.6017 4.5613
15.5542 4.6185
15.5046 4.6738
15.4530 4.7272
15.3997 4.7786
15.3447 4.8282
15.2881 4.8759
15.2303 4.9218
15.1712 4.9659
15.1110 5.0083
15.0499 5.0491
14.9880 5.0884
14.9254 5.1262
14.8623 5.1627
14.7987 5.1979
14.7348 5.2320
14.6707 5.2651
14.6065 5.2972
14.5423 5.3284
14.4783 5.3589
14.4144 5.3887
14.3509 5.4179
14.2877 5.4466
14.2251 5.4748
14.1630 5.5027
14.1016 5.5303
14.0409 5.5577
13.9810 5.5850
13.9219 5.6122
13.8638 5.6394
13.8065 5.6667
13.7503 5.6941
13.6951 5.7217
13.6410 5.7496
13.5879 5.7776
13.5360 5.8060
13.4852 5.8348
13.4355 5.8638
13.3870 5.8933
13.3397 5.9232
13.2935 5.9536
13.2484 5.9843
13.2045 6.0156
13.1617 6.0472
13.1200 6.0794
13.0794 6.1120
13.0398 6.1451
13.0012 6.1786
12.9636 6.2126
12.9270 6.2470
12.8913 6.2818
12.8565 6.3171
12.8226 6.3528
12.7895 6.3890
12.7572 6.4255
12.7256 6.4624
12.6948 6.4996
12.6646 6.5372
12.6351 6.5752
12.6062 6.6135
12.5779 6.6521
12.5501 6.6909
12.5228 6.7301
12.4960 6.7696
12.4696 6.8093
12.4436 6.8492
12.4180 6.8895
12.3928 6.9299
12.3678 6.9706
12.3432 7.0116
12.3188 7.0527
12.2947 7.0941
12.2708 7.1357
12.2471 7.1776
12.2236 7.2196
12.2003 7.2619
12.1772 7.3044
12.1542 7.3472
12.1314 7.3902
12.1087 7.4334
12.0862 7.4769
12.0637 7.5207
12.0415 7.5647
12.0193 7.6090
11.9972 7.6537
11.9752 7.6986
11.9532 7.7438
11.9313 7.7894
11.9094 7.8354
11.8875 7.8817
11.8656 7.9283
11.8436 7.9753
11.8215 8.0226
11.7992 8.0704
11.7768 8.1184
11.7542 8.1668
11.7312 8.2155
11.7080 8.2646
11.6843 8.3139
11.6602 8.3636
11.6357 8.4134
11.6106 8.4635
11.5849 8.5138
11.5585 8.5642
11.5315 8.6147
11.5036 8.6653
11.4750 8.7159
11.4455 8.7665
11.4150 8.8170
11.3836 8.8673
11.3511 8.9173
11.3177 8.9671
11.2831 9.0166
11.2474 9.0656
11.2105 9.1141
11.1725 9.1621
11.1333 9.2094
11.0929 9.2560
11.0513 9.3018
11.0084 9.3468
10.9644 9.3908
10.9191 9.4339
10.8727 9.4758
10.8251 9.5167
10.7763 9.5563
10.7265 9.5947
10.6755 9.6318
10.6236 9.6676
10.5706 9.7019
10.5167 9.7349
10.4619 9.7663
10.4062 9.7963
10.3497 9.8248
10.2925 9.8518
10.2347 9.8774
10.1762 9.9014
10.1173 9.9239
10.0582 9.9449
9.9990 9.9644
9.9400 9.9824
9.8814 9.9991
9.8234 10.0143
9.7661 10.0284
9.7091 10.0414
9.6526 10.0535
9.5967 10.0646
9.5416 10.0749
9.4846 10.0848
