x y v
3.4930 7.8315 1.8894
3.4009 7.8101 1.8909
3.3089 7.7884 1.8924
3.2168 7.7664 1.8939
3.1248 7.7439 1.8953
3.0328 7.7210 1.8967
2.9409 7.6973 1.8980
2.8492 7.6729 1.8994
2.7576 7.6475 1.9007
2.6663 7.6212 1.9020
2.5752 7.5938 1.9033
2.4843 7.5653 1.9046
2.3937 7.5361 1.9060
2.3033 7.5058 1.9071
2.2132 7.4743 1.9084
2.1235 7.4418 1.9095
2.0343 7.4077 1.9107
1.9456 7.3722 1.9118
1.8574 7.3353 1.9130
1.7698 7.2968 1.9141
1.6828 7.2568 1.9153
1.5963 7.2156 1.9166
1.5103 7.1732 1.9177
1.4250 7.1295 1.9188
1.3404 7.0842 1.9198
1.2566 7.0372 1.9207
1.1739 6.9885 1.9217
1.0921 6.9380 1.9227
1.0114 6.8857 1.9237
0.9317 6.8318 1.9248
0.8529 6.7764 1.9259
0.7751 6.7197 1.9270
0.6982 6.6616 1.9281
0.6222 6.6023 1.9290
0.5473 6.5415 1.9299
0.4735 6.4792 1.9308
0.4009 6.4155 1.9316
0.3299 6.3501 1.9323
0.2604 6.2830 1.9332
0.1923 6.2143 1.9341
0.1257 6.1441 1.9349
0.0607 6.0725 1.9358
-0.0027 5.9993 1.9366
-0.0645 5.9247 1.9374
-0.1246 5.8487 1.9382
-0.1830 5.7714 1.9391
-0.2399 5.6929 1.9400
-0.2953 5.6132 1.9409
-0.3490 5.5324 1.9418
-0.4011 5.4504 1.9426
-0.4514 5.3673 1.9433
-0.4999 5.2831 1.9442
-0.5467 5.1979 1.9453
-0.5927 5.1121 1.9466
-0.6397 5.0269 1.9476
-0.6863 4.9414 1.9484
-0.7311 4.8548 1.9480
-0.7726 4.7667 1.9483
-0.8112 4.6773 1.9489
-0.8471 4.5866 1.9496
-0.8802 4.4949 1.9504
-0.9105 4.4022 1.9512
-0.9382 4.3087 1.9521
-0.9632 4.2143 1.9529
-0.9855 4.1192 1.9535
-1.0048 4.0235 1.9545
-1.0216 3.9272 1.9555
-1.0361 3.8304 1.9566
-1.0483 3.7334 1.9576
-1.0585 3.6360 1.9587
-1.0668 3.5384 1.9598
-1.0733 3.4406 1.9608
-1.0781 3.3426 1.9619
-1.0812 3.2446 1.9630
-1.0827 3.1464 1.9640
-1.0827 3.0482 1.9651
-1.0812 2.9499 1.9661
-1.0782 2.8516 1.9672
-1.0738 2.7533 1.9683
-1.0680 2.6551 1.9693
-1.0606 2.5569 1.9704
-1.0518 2.4587 1.9716
-1.0414 2.3606 1.9728
-1.0295 2.2627 1.9740
-1.0160 2.1649 1.9753
-1.0010 2.0672 1.9766
-0.9845 1.9698 1.9780
-0.9665 1.8725 1.9794
-0.9472 1.7754 1.9808
-0.9264 1.6785 1.9823
