t v ov gap
-2.2500 1.7570 1.6068 0.3034
-2.2000 1.7579 1.6068 0.2836
-2.1500 1.7586 1.6068 0.2639
-2.1000 1.7593 1.6068 0.3442
-2.0500 1.7601 1.6068 0.3244
-2.0000 1.7604 1.6068 0.3047
-1.9500 1.7610 1.6068 0.2849
-1.9000 1.7617 1.6068 0.2651
-1.8500 1.7624 1.6068 0.2454
-1.8000 1.7631 1.6068 0.3257
-1.7500 1.7639 1.6068 0.3059
-1.7000 1.7641 1.6068 0.2862
-1.6500 1.7649 1.6068 0.2664
-1.6000 1.7655 1.6068 0.2466
-1.5500 1.7659 1.6068 0.2268
-1.5000 1.7665 1.6068 0.2071
-1.4500 1.7670 1.6068 0.2874
-1.4000 1.7679 1.6068 0.2677
-1.3500 1.7679 1.6068 0.2479
-1.3000 1.7687 1.6068 0.2281
-1.2500 1.7696 1.6068 0.2083
-1.2000 1.7704 1.6068 0.1886
-1.1500 1.7712 1.6068 0.1688
-1.1000 1.7719 1.6068 0.2491
-1.0500 1.7729 1.6068 0.2294
-1.0000 1.7733 1.6068 0.2096
-0.9500 1.7742 1.6068 0.1898
-0.9000 1.7752 1.6068 0.1701
-0.8500 1.7761 1.6068 0.1503
-0.8000 1.7770 1.6068 0.1305
-0.7500 1.7779 1.6068 0.2109
-0.7000 1.7789 1.6068 0.1911
-0.6500 1.7797 1.6068 0.1713
-0.6000 1.7806 1.6068 0.1516
-0.5500 1.7816 1.6068 0.1318
-0.5000 1.7826 1.6068 0.1120
-0.4500 1.7836 1.6068 0.0923
-0.4000 1.7845 1.6068 0.0725
-0.3500 1.7853 1.6068 0.0527
-0.3000 1.7864 1.6068 0.1331
-0.2500 1.7875 1.6068 0.1133
-0.2000 1.7882 1.6068 0.0935
-0.1500 1.7893 1.6068 0.0738
-0.1000 1.7904 1.6068 0.0540
-0.0500 1.7915 1.6068 0.0342
0.0000 1.7927 1.6068 0.0145
0.0500 1.7938 1.6068 -0.0053
0.1000 1.7949 1.6068 -0.0251
0.1500 1.7962 1.6068 0.0553
0.2000 1.7973 1.6068 0.0355
0.2500 1.7987 1.6068 0.0157
0.3000 1.8001 1.6068 -0.0041
0.3500 1.8015 1.6068 -0.0238
0.4000 1.8029 1.6068 -0.0436
0.4500 1.8044 1.6068 -0.0634
0.5000 1.8058 1.6068 -0.0831
0.5500 1.8073 1.6068 -0.1029
0.6000 1.8088 1.6068 -0.1227
0.6500 1.8103 1.6068 -0.0423
0.7000 1.8119 1.6068 -0.0621
0.7500 1.8134 1.5751 -0.0834
0.8000 1.8150 1.5409 -0.1065
0.8500 1.8165 1.5458 -0.1293
0.9000 1.8181 1.5497 -0.1520
0.9500 1.8197 1.5541 -0.1744
1.0000 1.8212 1.5589 -0.1965
1.0500 1.8227 1.5639 -0.2184
1.1000 1.8242 1.5691 -0.2401
1.1500 1.8257 1.5743 -0.2615
1.2000 1.8272 1.5793 -0.1825
1.2500 1.8286 1.5842 -0.2034
1.3000 1.8300 1.5887 -0.2241
1.3500 1.8314 1.5928 -0.2446
1.4000 1.8328 1.5965 -0.2648
1.4500 1.8342 1.5997 -0.2850
1.5000 1.8355 1.6024 -0.3050
1.5500 1.8368 1.6047 -0.3248
1.6000 1.8381 1.6067 -0.3446
1.6500 1.8394 1.6053 -0.3645
1.7000 1.8407 1.6040 -0.3844
1.7500 1.8419 1.6028 -0.4043
1.8000 1.8432 1.6018 -0.3242
1.8500 1.8444 1.6010 -0.3443
1.9000 1.8455 1.6002 -0.3644
1.9500 1.8467 1.5994 -0.3845
2.0000 1.8478 1.5987 -0.4047
2.0500 1.8490 1.5980 -0.4249
2.1000 1.8501 1.5975 -0.4452
2.1500 1.8512 1.5970 -0.4654
2.2000 1.8523 1.5967 -0.4857
