x y
9.7700 8.5748
9.7010 8.5949
9.6311 8.6132
9.5602 8.6299
9.4881 8.6452
9.4151 8.6592
9.3412 8.6719
9.2673 8.6833
9.1952 8.6929
9.1221 8.7008
9.0495 8.7071
8.9773 8.7115
8.9050 8.7141
8.8323 8.7148
8.7591 8.7138
8.6855 8.7111
8.6115 8.7069
8.5374 8.7013
8.4631 8.6942
8.3887 8.6857
8.3143 8.6760
8.2397 8.6649
8.1651 8.6527
8.0904 8.6393
8.0156 8.6249
7.9408 8.6094
7.8659 8.5929
7.7909 8.5756
7.7158 8.5574
7.6407 8.5384
7.5655 8.5187
7.4902 8.4984
7.4148 8.4774
7.3394 8.4559
7.2638 8.4339
7.1882 8.4115
7.1124 8.3886
7.0365 8.3655
6.9604 8.3421
6.8842 8.3184
6.8079 8.2946
6.7314 8.2706
6.6548 8.2466
6.5781 8.2226
6.5012 8.1985
6.4241 8.1745
6.3469 8.1505
6.2696 8.1267
6.1921 8.1029
6.1145 8.0794
6.0367 8.0560
5.9588 8.0328
5.8807 8.0099
5.8025 7.9872
5.7241 7.9648
5.6457 7.9426
5.5671 7.9208
5.4885 7.8992
5.4097 7.8780
5.3309 7.8571
5.2546 7.8330
5.1809 7.8056
5.1067 7.7789
5.0321 7.7529
4.9571 7.7277
4.8817 7.7032
4.8059 7.6795
4.7296 7.6567
4.6530 7.6346
4.5760 7.6133
4.4986 7.5927
4.4210 7.5728
4.3432 7.5535
4.2651 7.5348
4.1869 7.5165
4.1087 7.4986
4.0304 7.4810
3.9521 7.4636
3.8741 7.4464
3.7962 7.4294
3.7185 7.4124
3.6411 7.3954
3.5639 7.3784
3.4870 7.3614
3.4103 7.3442
3.3339 7.3268
3.2577 7.3093
3.1818 7.2914
3.1063 7.2733
3.0310 7.2548
