x y
-0.0058 0.2184
0.0154 0.1584
0.0366 0.0983
0.0579 0.0381
0.0794 -0.0222
0.1008 -0.0825
0.1224 -0.1428
0.1440 -0.2033
0.1656 -0.2637
0.1872 -0.3243
0.2088 -0.3848
0.2305 -0.4455
0.2522 -0.5062
0.2738 -0.5669
0.2954 -0.6277
0.3170 -0.6885
0.3386 -0.7493
0.3601 -0.8102
0.3816 -0.8711
0.4031 -0.9320
0.4245 -0.9929
0.4458 -1.0538
0.4672 -1.1148
0.4884 -1.1757
0.5097 -1.2366
0.5309 -1.2974
0.5520 -1.3582
0.5732 -1.4190
0.5943 -1.4797
0.6154 -1.5404
0.6364 -1.6009
0.6575 -1.6614
0.6786 -1.7217
0.6997 -1.7820
0.7208 -1.8421
0.7420 -1.9021
0.7632 -1.9619
0.7845 -2.0216
0.8059 -2.0810
0.8274 -2.1403
0.8489 -2.1994
0.8707 -2.2582
0.8925 -2.3168
0.9146 -2.3751
0.9368 -2.4331
0.9593 -2.4909
0.9820 -2.5483
1.0050 -2.6054
1.0282 -2.6622
1.0517 -2.7185
1.0756 -2.7745
1.0997 -2.8301
1.1243 -2.8853
1.1492 -2.9400
1.1746 -2.9942
1.2004 -3.0480
1.2266 -3.1012
1.2533 -3.1539
1.2805 -3.2061
1.3083 -3.2576
1.3365 -3.3086
1.3654 -3.3589
1.3948 -3.4086
1.4247 -3.4576
1.4553 -3.5059
1.4866 -3.5535
1.5184 -3.6004
1.5509 -3.6464
1.5808 -3.6927
1.6022 -3.7414
1.6259 -3.7891
1.6515 -3.8359
1.6790 -3.8818
1.7086 -3.9265
1.7405 -3.9700
1.7747 -4.0119
1.8112 -4.0521
1.8501 -4.0906
1.8910 -4.1268
1.9331 -4.1604
1.9762 -4.1912
2.0203 -4.2195
2.0650 -4.2453
2.1103 -4.2689
2.1559 -4.2902
2.2018 -4.3095
2.2479 -4.3268
2.2940 -4.3423
2.3401 -4.3561
2.3861 -4.3682
