x y v
-0.7034 0.8388 1.5955
-0.6787 0.7628 1.5973
-0.6537 0.6869 1.5992
-0.6283 0.6111 1.6010
-0.6026 0.5352 1.6029
-0.5767 0.4593 1.6047
-0.5505 0.3835 1.6065
-0.5240 0.3076 1.6083
-0.4974 0.2316 1.6100
-0.4706 0.1557 1.6118
-0.4436 0.0797 1.6135
-0.4165 0.0037 1.6152
-0.3893 -0.0724 1.6169
-0.3620 -0.1486 1.6186
-0.3347 -0.2248 1.6203
-0.3072 -0.3010 1.6219
-0.2797 -0.3774 1.6235
-0.2522 -0.4538 1.6251
-0.2246 -0.5303 1.6267
-0.1970 -0.6068 1.6282
-0.1694 -0.6835 1.6298
-0.1418 -0.7602 1.6313
-0.1142 -0.8369 1.6328
-0.0866 -0.9138 1.6343
-0.0589 -0.9908 1.6357
-0.0313 -1.0678 1.6371
-0.0037 -1.1449 1.6385
0.0240 -1.2220 1.6399
0.0517 -1.2992 1.6413
0.0794 -1.3765 1.6426
0.1071 -1.4538 1.6439
0.1349 -1.5312 1.6452
0.1628 -1.6087 1.6465
0.1908 -1.6861 1.6477
0.2188 -1.7636 1.6489
0.2470 -1.8411 1.6501
0.2753 -1.9186 1.6513
0.3037 -1.9962 1.6524
0.3324 -2.0737 1.6535
0.3610 -2.1513 1.6545
0.3890 -2.2292 1.6556
0.4174 -2.3070 1.6566
0.4464 -2.3846 1.6576
0.4752 -2.4623 1.6585
0.5046 -2.5399 1.6595
0.5345 -2.6173 1.6604
0.5651 -2.6945 1.6611
0.5968 -2.7713 1.6620
0.6295 -2.8477 1.6628
0.6630 -2.9238 1.6636
0.6974 -2.9996 1.6644
0.7327 -3.0749 1.6651
0.7690 -3.1499 1.6658
0.8063 -3.2244 1.6665
0.8447 -3.2984 1.6672
0.8841 -3.3718 1.6678
0.9247 -3.4447 1.6684
0.9663 -3.5170 1.6689
1.0092 -3.5886 1.6695
1.0534 -3.6595 1.6700
1.0988 -3.7295 1.6704
1.1456 -3.7987 1.6709
1.1938 -3.8669 1.6712
1.2434 -3.9342 1.6716
1.2945 -4.0003 1.6719
1.3472 -4.0653 1.6722
1.4014 -4.1289 1.6724
1.4573 -4.1912 1.6726
1.5148 -4.2519 1.6728
1.5739 -4.3110 1.6729
1.6348 -4.3684 1.6730
1.6974 -4.4238 1.6730
1.7618 -4.4773 1.6730
1.8279 -4.5285 1.6729
1.8958 -4.5774 1.6729
1.9654 -4.6238 1.6727
2.0366 -4.6675 1.6726
2.1096 -4.7084 1.6723
2.1841 -4.7463 1.6721
2.2602 -4.7810 1.6717
2.3377 -4.8122 1.6714
2.4165 -4.8400 1.6710
2.4965 -4.8641 1.6706
2.5775 -4.8843 1.6702
2.6594 -4.9006 1.6698
2.7420 -4.9127 1.6693
2.8250 -4.9206 1.6688
2.9084 -4.9242 1.6684
2.9918 -4.9233 1.6679
3.0750 -4.9180 1.6674
