t v ov gap
-2.2500 1.5955 1.2854 0.8209
-2.2000 1.5973 1.2854 0.7851
-2.1500 1.5992 1.2854 0.7493
-2.1000 1.6010 1.2854 0.8135
-2.0500 1.6029 1.2854 0.7777
-2.0000 1.6047 1.2854 0.7419
-1.9500 1.6065 1.2854 0.7060
-1.9000 1.6083 1.2854 0.6702
-1.8500 1.6100 1.2854 0.7344
-1.8000 1.6118 1.2854 0.6986
-1.7500 1.6135 1.2854 0.6628
-1.7000 1.6152 1.2854 0.6269
-1.6500 1.6169 1.2854 0.5911
-1.6000 1.6186 1.2854 0.6554
-1.5500 1.6203 1.2854 0.6195
-1.5000 1.6219 1.2854 0.5837
-1.4500 1.6235 1.2854 0.5479
-1.4000 1.6251 1.2854 0.5120
-1.3500 1.6267 1.2854 0.4762
-1.3000 1.6282 1.2854 0.5405
-1.2500 1.6298 1.2854 0.5046
-1.2000 1.6313 1.2854 0.4688
-1.1500 1.6328 1.2854 0.4330
-1.1000 1.6343 1.2854 0.3971
-1.0500 1.6357 1.2854 0.4614
-1.0000 1.6371 1.2854 0.4256
-0.9500 1.6385 1.2854 0.3897
-0.9000 1.6399 1.2854 0.3539
-0.8500 1.6413 1.2854 0.3180
-0.8000 1.6426 1.2854 0.2822
-0.7500 1.6439 1.2854 0.3465
-0.7000 1.6452 1.2854 0.3106
-0.6500 1.6465 1.2854 0.2748
-0.6000 1.6477 1.2854 0.2390
-0.5500 1.6489 1.2854 0.2031
-0.5000 1.6501 1.2854 0.2674
-0.4500 1.6513 1.2854 0.2316
-0.4000 1.6524 1.2854 0.1957
-0.3500 1.6535 1.2854 0.1599
-0.3000 1.6545 1.2854 0.1241
-0.2500 1.6556 1.2854 0.0882
-0.2000 1.6566 1.2854 0.1525
-0.1500 1.6576 1.2854 0.1167
-0.1000 1.6585 1.2854 0.0808
-0.0500 1.6595 1.2854 0.0450
0.0000 1.6604 1.2854 0.0091
0.0500 1.6611 1.2854 -0.0267
0.1000 1.6620 1.2854 0.0376
0.1500 1.6628 1.2854 0.0017
0.2000 1.6636 1.2854 -0.0341
0.2500 1.6644 1.2854 -0.0699
0.3000 1.6651 1.2854 -0.1058
0.3500 1.6658 1.2854 -0.1416
0.4000 1.6665 1.2854 -0.0773
0.4500 1.6672 1.2854 -0.1132
0.5000 1.6678 1.2854 -0.1490
0.5500 1.6684 1.2854 -0.1848
0.6000 1.6689 1.2854 -0.2207
0.6500 1.6695 1.2854 -0.2565
0.7000 1.6700 1.2854 -0.1922
0.7500 1.6704 1.2854 -0.2281
0.8000 1.6709 1.2854 -0.2639
0.8500 1.6712 1.2854 -0.2998
0.9000 1.6716 1.2854 -0.3356
0.9500 1.6719 1.2854 -0.3714
1.0000 1.6722 1.2854 -0.3072
1.0500 1.6724 1.2854 -0.3430
1.1000 1.6726 1.2854 -0.3788
1.1500 1.6728 1.2595 -0.4160
1.2000 1.6729 1.1861 -0.4568
1.2500 1.6730 1.1986 -0.4969
1.3000 1.6730 1.2058 -0.5368
1.3500 1.6730 1.2151 -0.4760
1.4000 1.6729 1.2256 -0.5148
1.4500 1.6729 1.2372 -0.5531
1.5000 1.6727 1.2496 -0.5907
1.5500 1.6726 1.2626 -0.6277
1.6000 1.6723 1.2757 -0.6640
1.6500 1.6721 1.2822 -0.5999
1.7000 1.6717 1.2698 -0.6365
1.7500 1.6714 1.2589 -0.6737
1.8000 1.6710 1.2496 -0.7113
1.8500 1.6706 1.2418 -0.7493
1.9000 1.6702 1.2355 -0.7877
1.9500 1.6698 1.2305 -0.7262
2.0000 1.6693 1.2268 -0.7649
2.0500 1.6688 1.2243 -0.8038
2.1000 1.6684 1.2227 -0.8428
2.1500 1.6679 1.2221 -0.8818
2.2000 1.6674 1.2224 -0.9208
