t v ov gap
-2.2500 1.8894 1.6871 0.5235
-2.2000 1.8909 1.6871 0.5077
-2.1500 1.8924 1.6871 0.4920
-2.1000 1.8939 1.6871 0.4762
-2.0500 1.8953 1.6871 0.4605
-2.0000 1.8967 1.6871 0.4447
-1.9500 1.8980 1.6871 0.4290
-1.9000 1.8994 1.6871 0.4132
-1.8500 1.9007 1.6871 0.3975
-1.8000 1.9020 1.6871 0.3817
-1.7500 1.9033 1.6871 0.3660
-1.7000 1.9046 1.6871 0.3502
-1.6500 1.9060 1.6871 0.3345
-1.6000 1.9071 1.6871 0.4188
-1.5500 1.9084 1.6871 0.4031
-1.5000 1.9095 1.6871 0.3873
-1.4500 1.9107 1.6871 0.3716
-1.4000 1.9118 1.6871 0.3558
-1.3500 1.9130 1.6871 0.3401
-1.3000 1.9141 1.6871 0.3243
-1.2500 1.9153 1.6871 0.3086
-1.2000 1.9166 1.6871 0.2928
-1.1500 1.9177 1.6871 0.2771
-1.1000 1.9188 1.6871 0.2613
-1.0500 1.9198 1.6871 0.2456
-1.0000 1.9207 1.6871 0.2298
-0.9500 1.9217 1.6871 0.2141
-0.9000 1.9227 1.6871 0.1983
-0.8500 1.9237 1.6871 0.1826
-0.8000 1.9248 1.6871 0.1668
-0.7500 1.9259 1.6871 0.1510
-0.7000 1.9270 1.6871 0.2354
-0.6500 1.9281 1.6871 0.2197
-0.6000 1.9290 1.6871 0.2039
-0.5500 1.9299 1.6871 0.1882
-0.5000 1.9308 1.6871 0.1724
-0.4500 1.9316 1.6871 0.1566
-0.4000 1.9323 1.6871 0.1409
-0.3500 1.9332 1.6871 0.1251
-0.3000 1.9341 1.6871 0.1094
-0.2500 1.9349 1.6871 0.0936
-0.2000 1.9358 1.6871 0.0779
-0.1500 1.9366 1.6871 0.0621
-0.1000 1.9374 1.6871 0.0464
-0.0500 1.9382 1.6871 0.0306
0.0000 1.9391 1.6871 0.0149
0.0500 1.9400 1.6871 -0.0009
0.1000 1.9409 1.6871 -0.0166
0.1500 1.9418 1.6871 -0.0324
0.2000 1.9426 1.6871 -0.0481
0.2500 1.9433 1.6871 -0.0639
0.3000 1.9442 1.3671 -0.0956
0.3500 1.9453 1.3671 -0.0273
0.4000 1.9466 1.3671 -0.0590
0.4500 1.9476 1.6871 -0.0748
0.5000 1.9484 1.6871 -0.0905
0.5500 1.9480 1.6871 -0.1063
0.6000 1.9483 1.6871 -0.1220
0.6500 1.9489 1.6871 -0.1378
0.7000 1.9496 1.6871 -0.1535
0.7500 1.9504 1.6871 -0.1693
0.8000 1.9512 1.6871 -0.1850
0.8500 1.9521 1.6871 -0.2008
0.9000 1.9529 1.6871 -0.2165
0.9500 1.9535 1.6871 -0.2323
1.0000 1.9545 1.6871 -0.2480
1.0500 1.9555 1.6871 -0.2638
1.1000 1.9566 1.6871 -0.2795
1.1500 1.9576 1.6871 -0.2953
1.2000 1.9587 1.6871 -0.3111
1.2500 1.9598 1.6871 -0.3268
1.3000 1.9608 1.3671 -0.3586
1.3500 1.9619 1.3671 -0.3903
1.4000 1.9630 1.6327 -0.4088
1.4500 1.9640 1.5239 -0.4327
1.5000 1.9651 1.5260 -0.4565
1.5500 1.9661 1.5175 -0.4807
1.6000 1.9672 1.5106 -0.5053
1.6500 1.9683 1.5043 -0.5302
1.7000 1.9693 1.4988 -0.5554
1.7500 1.9704 1.4941 -0.5808
1.8000 1.9716 1.4904 -0.6064
1.8500 1.9728 1.4877 -0.5320
1.9000 1.9740 1.4859 -0.5578
1.9500 1.9753 1.4850 -0.5837
2.0000 1.9766 1.4914 -0.6092
2.0500 1.9780 1.6871 -0.6249
2.1000 1.9794 1.6871 -0.6407
2.1500 1.9808 1.6871 -0.6565
2.2000 1.9823 1.6871 -0.6722
