x y v
9.2125 9.0032 1.3005
9.1477 9.0089 1.3014
9.0828 9.0136 1.3023
9.0177 9.0175 1.3034
8.9526 9.0205 1.3044
8.8874 9.0226 1.3055
8.8221 9.0237 1.3065
8.7567 9.0238 1.3076
8.6913 9.0229 1.3086
8.6259 9.0211 1.3097
8.5605 9.0182 1.3108
8.4950 9.0142 1.3119
8.4296 9.0093 1.3130
8.3642 9.0033 1.3141
8.2988 8.9964 1.3147
8.2336 8.9882 1.3149
8.1686 8.9785 1.3151
8.1038 8.9674 1.3154
8.0392 8.9550 1.3160
7.9747 8.9414 1.3166
7.9105 8.9270 1.3172
7.8464 8.9117 1.3177
7.7824 8.8961 1.3183
7.7184 8.8804 1.3188
7.6543 8.8649 1.3194
7.5900 8.8501 1.3198
7.5254 8.8365 1.3204
7.4605 8.8241 1.3210
7.3953 8.8134 1.3215
7.3298 8.8047 1.3224
7.2640 8.7981 1.3234
7.1980 8.7937 1.3243
7.1317 8.7917 1.3258
7.0654 8.7921 1.3273
6.9991 8.7949 1.3284
6.9328 8.8003 1.3304
6.8667 8.8080 1.3317
6.8009 8.8182 1.3342
6.7352 8.8301 1.3363
6.6698 8.8439 1.3379
6.6046 8.8593 1.3416
6.5389 8.8732 1.3437
6.4728 8.8853 1.3438
6.4061 8.8910 1.3341
6.3396 8.8884 1.3287
6.2739 8.8792 1.3259
6.2094 8.8639 1.3265
6.1464 8.8431 1.3275
6.0854 8.8171 1.3285
6.0267 8.7859 1.3294
5.9705 8.7502 1.3348
5.9160 8.7115 1.3409
5.8627 8.6707 1.3464
5.8101 8.6285 1.3508
5.7579 8.5855 1.3545
5.7058 8.5422 1.3575
5.6533 8.4990 1.3601
5.6004 8.4562 1.3623
5.5467 8.4142 1.3642
5.4921 8.3733 1.3660
5.4364 8.3336 1.3677
5.3796 8.2954 1.3695
5.3217 8.2588 1.3713
5.2627 8.2239 1.3731
5.2025 8.1907 1.3751
5.1413 8.1594 1.3772
5.0790 8.1298 1.3794
5.0158 8.1020 1.3816
4.9518 8.0759 1.3840
4.8870 8.0515 1.3863
4.8215 8.0287 1.3887
4.7554 8.0073 1.3912
4.6887 7.9872 1.3936
4.6216 7.9683 1.3960
4.5540 7.9505 1.3984
4.4861 7.9336 1.4008
4.4179 7.9176 1.4031
4.3494 7.9022 1.4054
4.2806 7.8875 1.4077
4.2116 7.8732 1.4099
4.1425 7.8593 1.4120
4.0731 7.8457 1.4142
4.0037 7.8322 1.4163
3.9341 7.8189 1.4183
3.8644 7.8055 1.4203
3.7946 7.7922 1.4223
3.7247 7.7787 1.4242
3.6548 7.7650 1.4262
3.5848 7.7512 1.4281
3.5147 7.7371 1.4299
3.4447 7.7226 1.4317
3.3746 7.7078 1.4335
3.3045 7.6927 1.4353
3.2344 7.6771 1.4371
3.1643 7.6611 1.4388
3.0942 7.6447 1.4405
3.0241 7.6277 1.4422
2.9541 7.6103 1.4438
2.8842 7.5923 1.4455
2.8143 7.5737 1.4471
2.7445 7.5546 1.4487
2.6747 7.5348 1.4504
2.6051 7.5145 1.4520
2.5355 7.4935 1.4536
2.4661 7.4718 1.4551
2.3968 7.4495 1.4566
2.3277 7.4264 1.4581
2.2588 7.4027 1.4596
2.1900 7.3782 1.4610
2.1214 7.3529 1.4624
2.0530 7.3268 1.4639
1.9849 7.3000 1.4652
1.9170 7.2723 1.4666
1.8494 7.2438 1.4680
1.7821 7.2144 1.4694
1.7152 7.1842 1.4707
1.6485 7.1530 1.4721
1.5822 7.1210 1.4734
1.5163 7.0880 1.4747
1.4508 7.0541 1.4760
1.3857 7.0193 1.4773
1.3210 6.9835 1.4786
1.2568 6.9468 1.4799
1.1931 6.9091 1.4811
1.1299 6.8705 1.4823
1.0672 6.8309 1.4836
1.0050 6.7904 1.4848
0.9434 6.7489 1.4860
0.8824 6.7064 1.4872
0.8220 6.6631 1.4883
0.7622 6.6187 1.4895
0.7030 6.5735 1.4906
0.6444 6.5273 1.4917
0.5865 6.4803 1.4929
0.5293 6.4323 1.4940
0.4728 6.3834 1.4951
0.4170 6.3337 1.4961
0.3619 6.2830 1.4972
0.3075 6.2315 1.4982
0.2539 6.1791 1.4993
0.2011 6.1259 1.5003
0.1491 6.0717 1.5014
0.0980 6.0168 1.5023
0.0477 5.9610 1.5034
-0.0018 5.9043 1.5044
-0.0503 5.8468 1.5053
-0.0979 5.7885 1.5063
-0.1446 5.7293 1.5073
-0.1903 5.6694 1.5083
-0.2349 5.6086 1.5092
-0.2786 5.5470 1.5102
-0.3212 5.4846 1.5111
-0.3627 5.4215 1.5121
-0.4031 5.3575 1.5131
-0.4424 5.2929 1.5140
-0.4805 5.2274 1.5150
-0.5174 5.1613 1.5160
-0.5532 5.0944 1.5170
-0.5878 5.0269 1.5180
-0.6211 4.9587 1.5190
-0.6532 4.8898 1.5200
-0.6841 4.8203 1.5210
-0.7137 4.7503 1.5220
-0.7421 4.6796 1.5230
-0.7692 4.6084 1.5241
-0.7951 4.5367 1.5252
-0.8197 4.4645 1.5262
-0.8431 4.3919 1.5273
-0.8653 4.3188 1.5284
-0.8862 4.2452 1.5295
-0.9059 4.1713 1.5306
-0.9244 4.0970 1.5317
-0.9416 4.0224 1.5329
-0.9577 3.9474 1.5340
-0.9726 3.8721 1.5352
-0.9862 3.7966 1.5363
-0.9987 3.7208 1.5375
-1.0100 3.6447 1.5387
-1.0202 3.5684 1.5398
-1.0291 3.4919 1.5410
-1.0370 3.4152 1.5422
-1.0436 3.3384 1.5434
-1.0491 3.2614 1.5446
-1.0534 3.1842 1.5459
-1.0566 3.1070 1.5471
-1.0587 3.0296 1.5483
-1.0596 2.9522 1.5496
-1.0594 2.8747 1.5508
-1.0580 2.7971 1.5521
-1.0556 2.7195 1.5534
-1.0520 2.6419 1.5547
-1.0473 2.5643 1.5560
-1.0416 2.4866 1.5573
-1.0348 2.4090 1.5586
-1.0269 2.3315 1.5600
-1.0180 2.2540 1.5613
-1.0080 2.1765 1.5627
-0.9971 2.0991 1.5641
-0.9851 2.0218 1.5656
-0.9722 1.9445 1.5671
-0.9583 1.8674 1.5686
-0.9435 1.7903 1.5702
-0.9278 1.7134 1.5718
-0.9112 1.6365 1.5734
-0.8938 1.5597 1.5751
-0.8756 1.4831 1.5768
-0.8566 1.4065 1.5784
-0.8369 1.3300 1.5801
-0.8165 1.2537 1.5819
-0.7954 1.1774 1.5836
-0.7737 1.1012 1.5853
-0.7514 1.0251 1.5870
-0.7286 0.9490 1.5887
-0.7053 0.8731 1.5904
-0.6815 0.7971 1.5921
-0.6573 0.7213 1.5938
-0.6326 0.6454 1.5954
-0.6076 0.5696 1.5971
-0.5823 0.4939 1.5987
-0.5566 0.4181 1.6003
-0.5307 0.3424 1.6018
-0.5045 0.2667 1.6033
-0.4781 0.1909 1.6048
-0.4515 0.1152 1.6063
-0.4247 0.0394 1.6077
-0.3978 -0.0363 1.6091
-0.3707 -0.1121 1.6104
-0.3435 -0.1880 1.6117
-0.3163 -0.2639 1.6130
-0.2890 -0.3398 1.6143
-0.2617 -0.4157 1.6155
-0.2343 -0.4918 1.6167
-0.2069 -0.5679 1.6178
-0.1795 -0.6440 1.6190
-0.1521 -0.7202 1.6200
-0.1248 -0.7965 1.6211
-0.0975 -0.8728 1.6221
-0.0702 -0.9492 1.6231
-0.0430 -1.0257 1.6240
-0.0158 -1.1022 1.6249
0.0114 -1.1789 1.6258
0.0385 -1.2555 1.6267
0.0655 -1.3322 1.6275
0.0925 -1.4090 1.6283
0.1195 -1.4858 1.6290
0.1465 -1.5627 1.6297
0.1735 -1.6396 1.6304
0.2005 -1.7165 1.6310
0.2276 -1.7935 1.6316
0.2547 -1.8704 1.6322
0.2819 -1.9474 1.6327
0.3092 -2.0243 1.6332
0.3367 -2.1013 1.6337
0.3643 -2.1781 1.6341
0.3922 -2.2550 1.6345
0.4203 -2.3317 1.6348
0.4487 -2.4083 1.6352
0.4775 -2.4849 1.6354
0.5066 -2.5613 1.6357
0.5362 -2.6375 1.6359
0.5663 -2.7136 1.6361
0.5969 -2.7895 1.6362
0.6282 -2.8651 1.6363
0.6601 -2.9404 1.6363
0.6927 -3.0155 1.6364
0.7261 -3.0902 1.6363
0.7603 -3.1645 1.6363
0.7954 -3.2384 1.6362
0.8315 -3.3118 1.6360
0.8686 -3.3847 1.6359
0.9067 -3.4570 1.6356
0.9460 -3.5287 1.6354
0.9865 -3.5998 1.6351
1.0283 -3.6700 1.6348
1.0713 -3.7395 1.6344
1.1158 -3.8081 1.6340
1.1616 -3.8757 1.6335
1.2089 -3.9423 1.6331
1.2577 -4.0077 1.6325
1.3081 -4.0719 1.6320
1.3600 -4.1348 1.6314
1.4136 -4.1963 1.6308
1.4688 -4.2563 1.6301
1.5257 -4.3146 1.6294
1.5843 -4.3712 1.6287
1.6446 -4.4259 1.6278
1.7066 -4.4786 1.6271
1.7703 -4.5292 1.6262
1.8357 -4.5774 1.6253
1.9028 -4.6233 1.6244
1.9715 -4.6665 1.6235
2.0418 -4.7071 1.6225
2.1136 -4.7447 1.6215
2.1868 -4.7794 1.6205
2.2615 -4.8109 1.6195
2.3374 -4.8390 1.6183
2.4144 -4.8637 1.6173
2.4924 -4.8848 1.6162
2.5713 -4.9022 1.6151
2.6509 -4.9158 1.6140
2.7309 -4.9254 1.6128
2.8114 -4.9310 1.6118
2.8919 -4.9326 1.6107
2.9724 -4.9300 1.6096
3.0525 -4.9232 1.6085
3.1297 -4.9119 1.5020
3.2013 -4.8917 1.4888
3.2719 -4.8677 1.4951
3.3431 -4.8446 1.4980
3.4136 -4.8195 1.4962
3.4828 -4.7912 1.4955
3.5508 -4.7600 1.4947
3.6172 -4.7259 1.4939
3.6821 -4.6889 1.4932
3.7451 -4.6489 1.4925
3.8062 -4.6061 1.4919
3.8652 -4.5605 1.4913
3.9220 -4.5122 1.4908
3.9764 -4.4613 1.4903
4.0284 -4.4079 1.4899
4.0778 -4.3522 1.4896
4.1246 -4.2943 1.4893
4.1687 -4.2343 1.4891
4.2101 -4.1724 1.4889
4.2487 -4.1088 1.4888
4.2846 -4.0436 1.4887
4.3176 -3.9769 1.4886
4.3479 -3.9089 1.4887
4.3755 -3.8398 1.4887
4.4003 -3.7696 1.4888
4.4225 -3.6985 1.4889
4.4420 -3.6267 1.4891
4.4589 -3.5542 1.4892
4.4733 -3.4811 1.4895
4.4853 -3.4076 1.4897
4.4948 -3.3338 1.4900
4.5021 -3.2596 1.4902
4.5071 -3.1853 1.4906
4.5099 -3.1108 1.4909
4.5106 -3.0362 1.4913
4.5093 -2.9617 1.4917
4.5060 -2.8872 1.4921
4.5008 -2.8127 1.4925
4.4938 -2.7384 1.4930
4.4851 -2.6643 1.4934
4.4747 -2.5903 1.4939
4.4628 -2.5166 1.4945
4.4493 -2.4431 1.4950
4.4343 -2.3698 1.4956
4.4180 -2.2968 1.4962
4.4003 -2.2241 1.4968
4.3814 -2.1517 1.4974
4.3613 -2.0796 1.4981
4.3400 -2.0077 1.4988
4.3177 -1.9361 1.4995
4.2944 -1.8649 1.5002
4.2701 -1.7939 1.5010
4.2449 -1.7232 1.5018
4.2189 -1.6527 1.5026
4.1921 -1.5825 1.5035
4.1646 -1.5125 1.5044
4.1364 -1.4428 1.5054
4.1075 -1.3732 1.5064
4.0781 -1.3038 1.5074
4.0482 -1.2346 1.5084
4.0178 -1.1656 1.5094
3.9870 -1.0966 1.5105
3.9559 -1.0278 1.5116
3.9244 -0.9590 1.5126
3.8927 -0.8904 1.5137
3.8608 -0.8217 1.5148
3.8288 -0.7530 1.5159
3.7966 -0.6844 1.5169
3.7643 -0.6157 1.5180
3.7321 -0.5470 1.5190
3.6998 -0.4782 1.5201
3.6677 -0.4093 1.5211
3.6356 -0.3403 1.5221
3.6038 -0.2712 1.5230
3.5721 -0.2019 1.5240
3.5407 -0.1324 1.5248
3.5096 -0.0628 1.5257
3.4788 0.0070 1.5265
3.4484 0.0770 1.5274
3.4184 0.1473 1.5281
3.3889 0.2178 1.5288
3.3599 0.2886 1.5296
3.3315 0.3596 1.5302
3.3037 0.4309 1.5309
3.2766 0.5025 1.5315
3.2502 0.5744 1.5321
3.2245 0.6466 1.5326
3.1996 0.7190 1.5331
3.1755 0.7918 1.5336
3.1524 0.8649 1.5341
3.1301 0.9384 1.5345
3.1089 1.0121 1.5349
3.0886 1.0861 1.5352
3.0695 1.1605 1.5356
3.0514 1.2351 1.5359
3.0344 1.3100 1.5362
3.0187 1.3852 1.5364
3.0042 1.4606 1.5366
2.9909 1.5363 1.5368
2.9790 1.6122 1.5370
2.9684 1.6883 1.5371
2.9592 1.7646 1.5372
2.9515 1.8411 1.5372
2.9452 1.9177 1.5373
2.9404 1.9944 1.5373
2.9372 2.0712 1.5373
2.9355 2.1481 1.5373
2.9355 2.2249 1.5372
2.9372 2.3018 1.5371
2.9405 2.3785 1.5369
2.9456 2.4552 1.5368
2.9525 2.5317 1.5366
2.9612 2.6081 1.5364
2.9717 2.6842 1.5362
2.9841 2.7599 1.5359
2.9985 2.8354 1.5357
3.0149 2.9104 1.5354
3.0332 2.9849 1.5350
3.0536 3.0589 1.5346
3.0760 3.1323 1.5343
3.1005 3.2050 1.5339
3.1272 3.2769 1.5334
3.1560 3.3479 1.5329
3.1870 3.4180 1.5325
3.2202 3.4870 1.5320
3.2555 3.5550 1.5315
3.2931 3.6216 1.5309
3.3330 3.6870 1.5304
3.3750 3.7509 1.5298
3.4193 3.8132 1.5292
3.4658 3.8739 1.5285
3.5144 3.9328 1.5279
3.5653 3.9899 1.5273
3.6182 4.0449 1.5266
3.6732 4.0978 1.5260
3.7302 4.1484 1.5253
3.7892 4.1967 1.5247
3.8501 4.2425 1.5240
3.9129 4.2858 1.5233
3.9773 4.3263 1.5226
4.0434 4.3641 1.5219
4.1110 4.3990 1.5213
4.1800 4.4309 1.5206
4.2503 4.4598 1.5199
4.3218 4.4856 1.5193
4.3943 4.5082 1.5187
4.4677 4.5275 1.5181
4.5418 4.5435 1.5174
4.6166 4.5562 1.5169
4.6919 4.5656 1.5163
4.7674 4.5716 1.5158
4.8432 4.5742 1.5152
4.9189 4.5734 1.5148
4.9945 4.5692 1.5143
5.0698 4.5618 1.5139
5.1450 4.5514 1.5207
5.2199 4.5384 1.5200
5.2940 4.5220 1.5185
5.3672 4.5018 1.5182
5.4394 4.4783 1.5179
5.5105 4.4518 1.5176
5.5804 4.4223 1.5174
5.6490 4.3899 1.5173
5.7161 4.3547 1.5171
5.7819 4.3168 1.5170
5.8460 4.2764 1.5169
5.9086 4.2335 1.5168
5.9694 4.1883 1.5167
6.0286 4.1408 1.5167
6.0860 4.0913 1.5168
6.1416 4.0397 1.5168
6.1954 3.9862 1.5168
6.2473 3.9310 1.5169
6.2974 3.8740 1.5170
6.3457 3.8155 1.5172
6.3920 3.7554 1.5173
6.4365 3.6940 1.5175
6.4792 3.6312 1.5177
6.5199 3.5672 1.5179
6.5589 3.5021 1.5182
6.5960 3.4359 1.5185
6.6313 3.3687 1.5188
6.6649 3.3005 1.5191
6.6967 3.2315 1.5194
6.7268 3.1618 1.5198
6.7552 3.0913 1.5202
6.7820 3.0201 1.5207
6.8071 2.9484 1.5211
6.8307 2.8761 1.5216
6.8527 2.8032 1.5221
6.8733 2.7299 1.5227
6.8925 2.6562 1.5232
6.9102 2.5822 1.5238
6.9266 2.5078 1.5244
6.9418 2.4330 1.5251
6.9557 2.3580 1.5258
6.9684 2.2828 1.5265
6.9800 2.2074 1.5272
6.9906 2.1317 1.5280
7.0001 2.0559 1.5289
7.0087 1.9799 1.5297
7.0165 1.9038 1.5306
7.0234 1.8275 1.5316
7.0296 1.7512 1.5325
7.0351 1.6747 1.5335
7.0400 1.5982 1.5344
7.0444 1.5216 1.5354
7.0484 1.4449 1.5364
7.0519 1.3681 1.5374
7.0552 1.2913 1.5384
7.0582 1.2144 1.5394
7.0611 1.1375 1.5404
7.0638 1.0605 1.5414
7.0666 0.9834 1.5424
7.0694 0.9063 1.5433
7.0723 0.8292 1.5443
7.0754 0.7520 1.5452
7.0787 0.6748 1.5461
7.0824 0.5976 1.5470
7.0864 0.5203 1.5478
7.0909 0.4430 1.5486
7.0959 0.3657 1.5494
7.1015 0.2885 1.5502
7.1078 0.2112 1.5509
7.1148 0.1339 1.5516
7.1226 0.0567 1.5523
7.1312 -0.0204 1.5529
7.1408 -0.0975 1.5535
7.1513 -0.1745 1.5542
7.1629 -0.2513 1.5548
7.1756 -0.3280 1.5553
7.1894 -0.4046 1.5559
7.2044 -0.4809 1.5564
7.2207 -0.5570 1.5570
7.2382 -0.6329 1.5575
7.2572 -0.7084 1.5579
7.2775 -0.7836 1.5584
7.2992 -0.8585 1.5589
7.3224 -0.9329 1.5593
7.3471 -1.0069 1.5597
7.3733 -1.0803 1.5602
7.4010 -1.1533 1.5606
7.4303 -1.2256 1.5610
7.4612 -1.2973 1.5614
7.4937 -1.3683 1.5618
7.5278 -1.4385 1.5621
7.5635 -1.5080 1.5625
7.6008 -1.5767 1.5629
7.6397 -1.6444 1.5632
7.6803 -1.7112 1.5636
7.7225 -1.7771 1.5640
7.7662 -1.8419 1.5643
7.8116 -1.9056 1.5647
7.8585 -1.9682 1.5650
7.9071 -2.0296 1.5654
7.9571 -2.0898 1.5657
8.0087 -2.1487 1.5661
8.0618 -2.2063 1.5664
8.1163 -2.2625 1.5668
8.1723 -2.3173 1.5672
8.2296 -2.3707 1.5676
8.2884 -2.4226 1.5680
8.3485 -2.4730 1.5684
8.4098 -2.5218 1.5688
8.4724 -2.5691 1.5692
8.5363 -2.6148 1.5697
8.6012 -2.6588 1.5701
8.6673 -2.7012 1.5705
8.7345 -2.7419 1.5710
8.8027 -2.7809 1.5715
8.8718 -2.8182 1.5720
8.9419 -2.8538 1.5725
9.0129 -2.8877 1.5730
9.0846 -2.9199 1.5736
9.1572 -2.9504 1.5741
9.2305 -2.9792 1.5747
9.3044 -3.0063 1.5753
9.3790 -3.0316 1.5759
9.4541 -3.0553 1.5765
9.5299 -3.0773 1.5771
9.6061 -3.0977 1.5778
9.6827 -3.1164 1.5785
9.7598 -3.1335 1.5792
9.8372 -3.1489 1.5799
9.9150 -3.1628 1.5806
9.9931 -3.1751 1.5813
10.0714 -3.1859 1.5821
10.1500 -3.1951 1.5829
10.2288 -3.2029 1.5837
10.3078 -3.2092 1.5845
10.3868 -3.2140 1.5853
10.4661 -3.2174 1.5862
10.5454 -3.2194 1.5871
10.6247 -3.2200 1.5880
10.7042 -3.2193 1.5890
10.7836 -3.2172 1.5899
10.8628 -3.2130 1.5796
10.9407 -3.2015 1.5777
11.0190 -3.1910 1.5818
11.0976 -3.1819 1.5829
11.1762 -3.1725 1.5841
11.2548 -3.1626 1.5852
11.3334 -3.1521 1.5863
11.4120 -3.1409 1.5875
11.4905 -3.1291 1.5886
11.5690 -3.1165 1.5897
11.6473 -3.1033 1.5908
11.7257 -3.0892 1.5920
11.8039 -3.0744 1.5931
11.8821 -3.0588 1.5942
11.9601 -3.0425 1.5952
12.0380 -3.0255 1.5963
12.1159 -3.0077 1.5974
12.1936 -2.9893 1.5984
12.2713 -2.9702 1.5994
12.3488 -2.9505 1.6003
12.4262 -2.9302 1.6012
12.5035 -2.9093 1.6021
12.5808 -2.8880 1.6030
12.6579 -2.8662 1.6037
12.7350 -2.8439 1.6045
12.8119 -2.8213 1.6053
12.8889 -2.7983 1.6059
12.9657 -2.7751 1.6066
13.0426 -2.7516 1.6072
13.1194 -2.7279 1.6078
13.1962 -2.7040 1.6083
13.2729 -2.6800 1.6088
13.3497 -2.6559 1.6092
13.4264 -2.6318 1.6096
13.5032 -2.6076 1.6100
13.5800 -2.5834 1.6103
13.6568 -2.5593 1.6106
13.7337 -2.5352 1.6108
13.8106 -2.5113 1.6110
13.8875 -2.4874 1.6112
13.9645 -2.4637 1.6113
14.0415 -2.4400 1.6114
14.1186 -2.4166 1.6114
14.1957 -2.3933 1.6114
14.2729 -2.3701 1.6113
14.3501 -2.3471 1.6112
14.4273 -2.3242 1.6111
14.5046 -2.3014 1.6109
14.5818 -2.2786 1.6106
14.6591 -2.2559 1.6104
14.7364 -2.2333 1.6100
14.8136 -2.2106 1.6097
14.8908 -2.1878 1.6093
14.9679 -2.1648 1.6088
15.0449 -2.1416 1.6083
15.1217 -2.1180 1.6078
15.1985 -2.0941 1.6072
15.2750 -2.0696 1.6066
15.3513 -2.0445 1.6059
15.4273 -2.0186 1.6051
15.5029 -1.9919 1.6043
15.5782 -1.9641 1.6035
15.6529 -1.9351 1.6026
15.7270 -1.9048 1.6016
15.8005 -1.8730 1.6005
15.8731 -1.8395 1.5993
15.9448 -1.8041 1.5981
16.0153 -1.7667 1.5968
16.0846 -1.7270 1.5953
16.1523 -1.6850 1.5938
16.2184 -1.6404 1.5922
16.2824 -1.5932 1.5904
16.3441 -1.5432 1.5886
16.4033 -1.4902 1.5864
16.4595 -1.4343 1.5846
16.5125 -1.3755 1.5822
16.5616 -1.3136 1.5788
16.6067 -1.2489 1.5792
16.6483 -1.1819 1.5750
16.6844 -1.1121 1.5698
16.7153 -1.0399 1.5737
16.7436 -0.9665 1.5682
16.7649 -0.8913 1.5580
16.7782 -0.8146 1.5627
16.7906 -0.7373 1.5611
16.7953 -0.6597 1.5466
16.7906 -0.5826 1.5504
16.7843 -0.5052 1.5492
16.7703 -0.4294 1.5361
16.7478 -0.3560 1.5418
16.7237 -0.2826 1.5404
16.6925 -0.2125 1.5272
16.6537 -0.1468 1.5334
16.6135 -0.0813 1.5322
16.5671 -0.0207 1.5192
16.5144 0.0340 1.5254
16.4605 0.0881 1.5247
16.4020 0.1366 1.5133
16.3388 0.1783 1.5194
16.2748 0.2194 1.5192
16.2079 0.2551 1.5162
16.1387 0.2860 1.5163
16.0677 0.3127 1.5161
15.9953 0.3351 1.5159
15.9218 0.3533 1.5159
15.8473 0.3675 1.5158
15.7723 0.3778 1.5157
15.6968 0.3843 1.5157
15.6210 0.3872 1.5158
15.5453 0.3865 1.5158
15.4696 0.3826 1.5160
15.3941 0.3756 1.5161
15.3190 0.3655 1.5163
15.2443 0.3527 1.5165
15.1700 0.3373 1.5167
15.0963 0.3194 1.5170
15.0232 0.2992 1.5173
14.9507 0.2770 1.5176
14.8788 0.2527 1.5179
14.8075 0.2267 1.5183
14.7368 0.1990 1.5187
14.6666 0.1699 1.5192
14.5971 0.1393 1.5196
14.5281 0.1075 1.5201
14.4595 0.0746 1.5206
14.3915 0.0408 1.5211
14.3238 0.0060 1.5216
14.2565 -0.0295 1.5221
14.1895 -0.0657 1.5226
14.1228 -0.1024 1.5232
14.0564 -0.1396 1.5237
13.9901 -0.1772 1.5241
13.9240 -0.2151 1.5246
13.8580 -0.2533 1.5251
13.7921 -0.2917 1.5255
13.7262 -0.3302 1.5259
13.6604 -0.3688 1.5263
13.5945 -0.4073 1.5267
13.5286 -0.4459 1.5270
13.4627 -0.4844 1.5273
13.3967 -0.5229 1.5276
13.3306 -0.5612 1.5278
13.2644 -0.5993 1.5280
13.1981 -0.6373 1.5281
13.1317 -0.6751 1.5282
13.0652 -0.7126 1.5282
12.9985 -0.7499 1.5282
12.9316 -0.7870 1.5281
12.8647 -0.8237 1.5280
12.7975 -0.8601 1.5279
12.7302 -0.8962 1.5277
12.6627 -0.9319 1.5274
12.5950 -0.9673 1.5271
12.5271 -1.0022 1.5268
12.4590 -1.0367 1.5264
12.3907 -1.0707 1.5260
12.3221 -1.1042 1.5254
12.2533 -1.1371 1.5249
12.1843 -1.1694 1.5243
12.1149 -1.2010 1.5237
12.0453 -1.2318 1.5230
11.9753 -1.2618 1.5223
11.9050 -1.2909 1.5215
11.8343 -1.3190 1.5206
11.7633 -1.3459 1.5197
11.6917 -1.3715 1.5187
11.6198 -1.3957 1.5176
11.5474 -1.4183 1.5165
11.4745 -1.4391 1.5153
11.4011 -1.4579 1.5140
11.3273 -1.4744 1.5127
11.2530 -1.4885 1.5111
11.1784 -1.4999 1.5095
11.1034 -1.5083 1.5076
11.0283 -1.5133 1.5060
10.9530 -1.5149 1.5037
10.8780 -1.5123 1.5006
10.8032 -1.5058 1.5012
10.7289 -1.4961 1.4971
10.6558 -1.4808 1.4888
10.5846 -1.4591 1.4930
10.5130 -1.4375 1.4911
10.4441 -1.4098 1.4785
10.3790 -1.3749 1.4819
10.3140 -1.3392 1.4801
10.2533 -1.2975 1.4661
10.1981 -1.2493 1.4708
10.1434 -1.2000 1.4691
10.0946 -1.1456 1.4563
10.0527 -1.0861 1.4536
10.0159 -1.0234 1.4607
9.9796 -0.9599 1.4591
9.9512 -0.8932 1.4459
9.9305 -0.8240 1.4437
9.9157 -0.7533 1.4465
9.9060 -0.6817 1.4430
9.9033 -0.6098 1.4384
9.9077 -0.5381 1.4364
9.9179 -0.4669 1.4437
9.9289 -0.3955 1.4423
9.9472 -0.3260 1.4303
9.9725 -0.2591 1.4368
9.9989 -0.1921 1.4362
10.0309 -0.1281 1.4304
10.0678 -0.0667 1.4350
10.1073 -0.0069 1.4327
10.1507 0.0501 1.4327
10.1972 0.1046 1.4329
10.2466 0.1564 1.4330
10.2986 0.2058 1.4332
10.3529 0.2525 1.4334
10.4092 0.2968 1.4337
10.4675 0.3385 1.4340
10.5274 0.3779 1.4343
10.5888 0.4150 1.4346
10.6515 0.4499 1.4350
10.7153 0.4827 1.4354
10.7801 0.5136 1.4358
10.8457 0.5428 1.4362
10.9120 0.5703 1.4366
10.9789 0.5964 1.4370
11.0464 0.6212 1.4374
11.1142 0.6450 1.4378
11.1824 0.6678 1.4382
11.2508 0.6899 1.4385
11.3194 0.7115 1.4389
11.3882 0.7327 1.4391
11.4570 0.7538 1.4394
11.5258 0.7749 1.4396
11.5946 0.7962 1.4398
11.6632 0.8179 1.4399
11.7317 0.8401 1.4400
11.7999 0.8631 1.4401
11.8678 0.8870 1.4401
11.9354 0.9119 1.4400
12.0025 0.9380 1.4400
12.0691 0.9654 1.4398
12.1350 0.9943 1.4397
12.2002 1.0248 1.4395
12.2646 1.0569 1.4392
12.3281 1.0908 1.4390
12.3906 1.1265 1.4388
12.4519 1.1641 1.4385
12.5119 1.2037 1.4382
12.5706 1.2452 1.4380
12.6278 1.2887 1.4378
12.6835 1.3343 1.4375
12.7374 1.3818 1.4373
12.7895 1.4312 1.4371
12.8398 1.4826 1.4370
12.8881 1.5358 1.4368
12.9343 1.5908 1.4367
12.9784 1.6475 1.4366
13.0203 1.7058 1.4366
13.0599 1.7657 1.4365
13.0973 1.8270 1.4366
13.1323 1.8897 1.4366
13.1650 1.9537 1.4367
13.1953 2.0188 1.4368
13.2233 2.0850 1.4370
13.2489 2.1521 1.4372
13.2721 2.2201 1.4374
13.2931 2.2889 1.4377
13.3117 2.3583 1.4379
13.3280 2.4283 1.4382
13.3421 2.4989 1.4386
13.3539 2.5698 1.4389
13.3636 2.6411 1.4393
13.3712 2.7127 1.4397
13.3768 2.7845 1.4402
13.3803 2.8564 1.4406
13.3819 2.9284 1.4411
13.3816 3.0005 1.4416
13.3794 3.0725 1.4422
13.3755 3.1446 1.4427
13.3699 3.2165 1.4433
13.3627 3.2883 1.4439
13.3539 3.3600 1.4445
13.3435 3.4315 1.4452
13.3317 3.5028 1.4458
13.3186 3.5739 1.4465
13.3041 3.6447 1.4472
13.2883 3.7154 1.4480
13.2713 3.7858 1.4487
13.2533 3.8559 1.4495
13.2341 3.9259 1.4503
13.2139 3.9955 1.4511
13.1928 4.0650 1.4520
13.1707 4.1342 1.4528
13.1479 4.2031 1.4537
13.1242 4.2719 1.4546
13.0998 4.3404 1.4556
13.0748 4.4088 1.4565
13.0491 4.4769 1.4575
13.0228 4.5449 1.4585
12.9959 4.6128 1.4596
12.9686 4.6805 1.4607
12.9408 4.7481 1.4619
12.9127 4.8155 1.4631
12.8841 4.8829 1.4643
12.8552 4.9502 1.4655
12.8260 5.0175 1.4667
12.7966 5.0847 1.4680
12.7669 5.1518 1.4693
12.7370 5.2190 1.4705
12.7069 5.2861 1.4718
12.6767 5.3532 1.4731
12.6463 5.4204 1.4744
12.6158 5.4875 1.4757
12.5852 5.5547 1.4770
12.5545 5.6219 1.4783
12.5237 5.6891 1.4795
12.4928 5.7564 1.4808
12.4618 5.8236 1.4820
12.4307 5.8909 1.4833
12.3995 5.9583 1.4844
12.3683 6.0256 1.4856
12.3369 6.0930 1.4867
12.3053 6.1603 1.4878
12.2737 6.2276 1.4888
12.2418 6.2950 1.4899
12.2098 6.3622 1.4909
12.1776 6.4295 1.4919
12.1451 6.4967 1.4928
12.1123 6.5638 1.4937
12.0793 6.6308 1.4946
12.0459 6.6976 1.4955
12.0121 6.7644 1.4963
11.9779 6.8309 1.4971
11.9433 6.8973 1.4978
11.9081 6.9635 1.4986
11.8724 7.0294 1.4993
11.8361 7.0950 1.5000
11.7992 7.1603 1.5006
11.7616 7.2252 1.5013
11.7233 7.2898 1.5019
11.6842 7.3539 1.5025
11.6443 7.4176 1.5030
11.6035 7.4807 1.5036
11.5618 7.5433 1.5041
11.5192 7.6052 1.5046
11.4755 7.6666 1.5050
11.4309 7.7272 1.5055
11.3852 7.7870 1.5059
11.3385 7.8460 1.5063
11.2906 7.9042 1.5068
11.2416 7.9614 1.5071
11.1914 8.0176 1.5075
11.1401 8.0728 1.5079
11.0875 8.1269 1.5082
11.0338 8.1799 1.5086
10.9789 8.2316 1.5089
10.9228 8.2821 1.5093
10.8656 8.3313 1.5096
10.8072 8.3791 1.5099
10.7476 8.4254 1.5102
10.6868 8.4703 1.5106
10.6250 8.5136 1.5109
10.5620 8.5554 1.5113
10.4979 8.5955 1.5117
10.4328 8.6339 1.5121
10.3668 8.6707 1.5125
10.2997 8.7057 1.5130
10.2318 8.7389 1.5134
10.1629 8.7704 1.5139
10.0933 8.8001 1.5144
10.0229 8.8280 1.5150
9.9517 8.8540 1.5155
9.8799 8.8783 1.5161
9.8075 8.9008 1.5167
9.7346 8.9215 1.5173
9.6611 8.9404 1.5179
9.5871 8.9576 1.5186
9.5128 8.9730 1.5193
9.4380 8.9867 1.5200
9.3630 8.9987 1.5208
9.2876 9.0091 1.5216
9.2120 9.0179 1.5224
9.1362 9.0250 1.5231
