x y v
9.2125 9.0033 1.3008
9.1477 9.0095 1.3017
9.0828 9.0148 1.3027
9.0178 9.0193 1.3037
8.9527 9.0230 1.3047
8.8875 9.0260 1.3057
8.8223 9.0281 1.3067
8.7569 9.0293 1.3077
8.6915 9.0296 1.3087
8.6260 9.0291 1.3097
8.5605 9.0276 1.3107
8.4950 9.0252 1.3117
8.4295 9.0218 1.3127
8.3640 9.0174 1.3138
8.2985 9.0121 1.3148
8.2330 9.0057 1.3158
8.1676 8.9984 1.3169
8.1023 8.9902 1.3180
8.0370 8.9809 1.3191
7.9718 8.9707 1.3202
7.9067 8.9596 1.3213
7.8417 8.9475 1.3224
7.7769 8.9345 1.3236
7.7121 8.9207 1.3247
7.6475 8.9061 1.3259
7.5830 8.8906 1.3271
7.5186 8.8744 1.3283
7.4544 8.8575 1.3295
7.3903 8.8398 1.3307
7.3263 8.8216 1.3319
7.2624 8.8027 1.3332
7.1986 8.7833 1.3345
7.1349 8.7633 1.3357
7.0712 8.7429 1.3370
7.0077 8.7221 1.3383
6.9441 8.7010 1.3396
6.8807 8.6795 1.3410
6.8172 8.6577 1.3423
6.7537 8.6358 1.3436
6.6903 8.6136 1.3450
6.6268 8.5913 1.3463
6.5633 8.5689 1.3477
6.4997 8.5465 1.3491
6.4360 8.5241 1.3505
6.3723 8.5017 1.3519
6.3085 8.4793 1.3533
6.2446 8.4570 1.3547
6.1805 8.4349 1.3561
6.1163 8.4129 1.3576
6.0520 8.3911 1.3590
5.9876 8.3695 1.3604
5.9229 8.3481 1.3620
5.8582 8.3270 1.3635
5.7932 8.3061 1.3651
5.7280 8.2857 1.3668
5.6627 8.2655 1.3686
5.5971 8.2458 1.3703
5.5314 8.2264 1.3722
5.4654 8.2073 1.3741
5.3992 8.1887 1.3760
5.3329 8.1703 1.3780
5.2663 8.1524 1.3800
5.1996 8.1347 1.3820
5.1326 8.1173 1.3841
5.0655 8.1002 1.3862
4.9982 8.0833 1.3883
4.9308 8.0667 1.3904
4.8632 8.0503 1.3925
4.7954 8.0341 1.3946
4.7275 8.0180 1.3968
4.6594 8.0021 1.3989
4.5912 7.9863 1.4011
4.5229 7.9706 1.4032
4.4545 7.9550 1.4053
4.3859 7.9394 1.4074
4.3172 7.9239 1.4095
4.2484 7.9084 1.4115
4.1795 7.8929 1.4136
4.1105 7.8774 1.4156
4.0414 7.8618 1.4176
3.9722 7.8462 1.4196
3.9029 7.8305 1.4215
3.8336 7.8148 1.4235
3.7642 7.7989 1.4254
3.6947 7.7828 1.4273
3.6251 7.7666 1.4292
3.5555 7.7502 1.4310
3.4859 7.7337 1.4329
3.4162 7.7169 1.4347
3.3464 7.6998 1.4365
3.2767 7.6825 1.4383
3.2069 7.6649 1.4400
3.1371 7.6470 1.4418
3.0674 7.6287 1.4435
2.9976 7.6101 1.4452
2.9278 7.5911 1.4469
2.8581 7.5717 1.4486
2.7884 7.5518 1.4502
2.7188 7.5314 1.4518
2.6492 7.5106 1.4534
2.5797 7.4892 1.4550
2.5103 7.4673 1.4566
2.4410 7.4448 1.4582
2.3718 7.4217 1.4598
2.3027 7.3980 1.4613
2.2338 7.3736 1.4628
2.1651 7.3485 1.4644
2.0965 7.3226 1.4659
2.0282 7.2960 1.4674
1.9600 7.2687 1.4689
1.8922 7.2405 1.4704
1.8246 7.2115 1.4719
1.7573 7.1816 1.4733
1.6903 7.1510 1.4748
1.6235 7.1195 1.4762
1.5571 7.0872 1.4775
1.4910 7.0542 1.4788
1.4253 7.0203 1.4800
1.3599 6.9856 1.4813
1.2949 6.9499 1.4825
1.2304 6.9134 1.4837
1.1663 6.8759 1.4849
1.1028 6.8375 1.4861
1.0397 6.7982 1.4872
0.9772 6.7579 1.4884
0.9152 6.7166 1.4896
0.8538 6.6744 1.4907
0.7930 6.6313 1.4918
0.7328 6.5872 1.4930
0.6733 6.5421 1.4941
0.6144 6.4961 1.4952
0.5561 6.4492 1.4963
0.4986 6.4013 1.4974
0.4418 6.3525 1.4985
0.3857 6.3028 1.4996
0.3303 6.2522 1.5006
0.2757 6.2007 1.5017
0.2219 6.1483 1.5028
0.1689 6.0950 1.5039
0.1167 6.0409 1.5049
0.0653 5.9859 1.5060
0.0147 5.9301 1.5070
-0.0351 5.8735 1.5081
-0.0842 5.8162 1.5091
-0.1323 5.7580 1.5101
-0.1795 5.6991 1.5111
-0.2258 5.6394 1.5122
-0.2713 5.5790 1.5131
-0.3159 5.5178 1.5141
-0.3595 5.4559 1.5151
-0.4021 5.3932 1.5161
-0.4437 5.3298 1.5171
-0.4843 5.2657 1.5182
-0.5238 5.2009 1.5192
-0.5623 5.1354 1.5202
-0.5997 5.0691 1.5212
-0.6358 5.0022 1.5222
-0.6706 4.9345 1.5233
-0.7043 4.8661 1.5244
-0.7368 4.7971 1.5254
-0.7679 4.7275 1.5264
-0.7975 4.6571 1.5274
-0.8257 4.5861 1.5285
-0.8525 4.5145 1.5296
-0.8777 4.4423 1.5306
-0.9014 4.3695 1.5317
-0.9234 4.2961 1.5327
-0.9438 4.2222 1.5338
-0.9624 4.1478 1.5349
-0.9794 4.0729 1.5361
-0.9948 3.9976 1.5373
-1.0087 3.9220 1.5386
-1.0212 3.8461 1.5398
-1.0324 3.7699 1.5411
-1.0423 3.6934 1.5423
-1.0509 3.6168 1.5436
-1.0583 3.5399 1.5448
-1.0646 3.4629 1.5461
-1.0698 3.3857 1.5473
-1.0738 3.3084 1.5486
-1.0769 3.2310 1.5498
-1.0789 3.1535 1.5510
-1.0799 3.0760 1.5523
-1.0799 2.9983 1.5535
-1.0789 2.9206 1.5547
-1.0770 2.8429 1.5560
-1.0741 2.7651 1.5572
-1.0703 2.6873 1.5585
-1.0656 2.6095 1.5597
-1.0599 2.5317 1.5609
-1.0534 2.4539 1.5622
-1.0459 2.3761 1.5634
-1.0375 2.2984 1.5647
-1.0281 2.2207 1.5659
-1.0179 2.1430 1.5672
-1.0067 2.0654 1.5685
-0.9945 1.9879 1.5699
-0.9812 1.9105 1.5713
-0.9670 1.8332 1.5728
-0.9517 1.7560 1.5744
-0.9354 1.6790 1.5759
-0.9182 1.6020 1.5776
-0.9001 1.5252 1.5792
-0.8811 1.4485 1.5810
-0.8612 1.3720 1.5827
-0.8406 1.2955 1.5845
-0.8192 1.2192 1.5863
-0.7972 1.1430 1.5881
-0.7746 1.0668 1.5899
-0.7513 0.9907 1.5918
-0.7276 0.9147 1.5936
-0.7034 0.8388 1.5955
-0.6787 0.7628 1.5973
-0.6537 0.6869 1.5992
-0.6283 0.6111 1.6010
-0.6026 0.5352 1.6029
-0.5767 0.4593 1.6047
-0.5505 0.3835 1.6065
-0.5240 0.3076 1.6083
-0.4974 0.2316 1.6100
-0.4706 0.1557 1.6118
-0.4436 0.0797 1.6135
-0.4165 0.0037 1.6152
-0.3893 -0.0724 1.6169
-0.3620 -0.1486 1.6186
-0.3347 -0.2248 1.6203
-0.3072 -0.3010 1.6219
-0.2797 -0.3774 1.6235
-0.2522 -0.4538 1.6251
-0.2246 -0.5303 1.6267
-0.1970 -0.6068 1.6282
-0.1694 -0.6835 1.6298
-0.1418 -0.7602 1.6313
-0.1142 -0.8369 1.6328
-0.0866 -0.9138 1.6343
-0.0589 -0.9908 1.6357
-0.0313 -1.0678 1.6371
-0.0037 -1.1449 1.6385
0.0240 -1.2220 1.6399
0.0517 -1.2992 1.6413
0.0794 -1.3765 1.6426
0.1071 -1.4538 1.6439
0.1349 -1.5312 1.6452
0.1628 -1.6087 1.6465
0.1908 -1.6861 1.6477
0.2188 -1.7636 1.6489
0.2470 -1.8411 1.6501
0.2753 -1.9186 1.6513
0.3037 -1.9962 1.6524
0.3324 -2.0737 1.6535
0.3610 -2.1513 1.6545
0.3890 -2.2292 1.6556
0.4174 -2.3070 1.6566
0.4464 -2.3846 1.6576
0.4752 -2.4623 1.6585
0.5046 -2.5399 1.6595
0.5345 -2.6173 1.6604
0.5651 -2.6945 1.6611
0.5968 -2.7713 1.6620
0.6295 -2.8477 1.6628
0.6630 -2.9238 1.6636
0.6974 -2.9996 1.6644
0.7327 -3.0749 1.6651
0.7690 -3.1499 1.6658
0.8063 -3.2244 1.6665
0.8447 -3.2984 1.6672
0.8841 -3.3718 1.6678
0.9247 -3.4447 1.6684
0.9663 -3.5170 1.6689
1.0092 -3.5886 1.6695
1.0534 -3.6595 1.6700
1.0988 -3.7295 1.6704
1.1456 -3.7987 1.6709
1.1938 -3.8669 1.6712
1.2434 -3.9342 1.6716
1.2945 -4.0003 1.6719
1.3472 -4.0653 1.6722
1.4014 -4.1289 1.6724
1.4573 -4.1912 1.6726
1.5148 -4.2519 1.6728
1.5739 -4.3110 1.6729
1.6348 -4.3684 1.6730
1.6974 -4.4238 1.6730
1.7618 -4.4773 1.6730
1.8279 -4.5285 1.6729
1.8958 -4.5774 1.6729
1.9654 -4.6238 1.6727
2.0366 -4.6675 1.6726
2.1096 -4.7084 1.6723
2.1841 -4.7463 1.6721
2.2602 -4.7810 1.6717
2.3377 -4.8122 1.6714
2.4165 -4.8400 1.6710
2.4965 -4.8641 1.6706
2.5775 -4.8843 1.6702
2.6594 -4.9006 1.6698
2.7420 -4.9127 1.6693
2.8250 -4.9206 1.6688
2.9084 -4.9242 1.6684
2.9918 -4.9233 1.6679
3.0750 -4.9180 1.6674
3.1579 -4.9091 1.6693
3.2411 -4.9022 1.6683
3.3232 -4.8892 1.6608
3.4039 -4.8697 1.6585
3.4829 -4.8446 1.6578
3.5601 -4.8145 1.6575
3.6353 -4.7798 1.6573
3.7082 -4.7405 1.6572
3.7787 -4.6970 1.6570
3.8466 -4.6495 1.6570
3.9117 -4.5982 1.6570
3.9738 -4.5434 1.6571
4.0328 -4.4853 1.6572
4.0888 -4.4242 1.6573
4.1416 -4.3603 1.6574
4.1911 -4.2939 1.6576
4.2373 -4.2251 1.6578
4.2802 -4.1542 1.6581
4.3199 -4.0814 1.6583
4.3562 -4.0069 1.6585
4.3893 -3.9308 1.6588
4.4191 -3.8534 1.6592
4.4458 -3.7749 1.6596
4.4694 -3.6953 1.6599
4.4898 -3.6149 1.6603
4.5072 -3.5337 1.6607
4.5217 -3.4519 1.6611
4.5333 -3.3697 1.6616
4.5421 -3.2871 1.6620
4.5481 -3.2042 1.6625
4.5515 -3.1211 1.6630
4.5523 -3.0380 1.6635
4.5506 -2.9548 1.6641
4.5466 -2.8717 1.6646
4.5403 -2.7887 1.6651
4.5317 -2.7058 1.6657
4.5209 -2.6232 1.6663
4.5082 -2.5409 1.6670
4.4934 -2.4588 1.6676
4.4768 -2.3771 1.6683
4.4584 -2.2957 1.6690
4.4383 -2.2147 1.6697
4.4166 -2.1341 1.6704
4.3933 -2.0539 1.6712
4.3686 -1.9740 1.6719
4.3425 -1.8946 1.6727
4.3150 -1.8156 1.6735
4.2862 -1.7370 1.6745
4.2563 -1.6588 1.6755
4.2253 -1.5810 1.6765
4.1932 -1.5035 1.6776
4.1604 -1.4263 1.6787
4.1267 -1.3493 1.6799
4.0924 -1.2726 1.6811
4.0575 -1.1961 1.6823
4.0222 -1.1198 1.6836
3.9865 -1.0435 1.6848
3.9505 -0.9673 1.6861
3.9143 -0.8911 1.6874
3.8780 -0.8149 1.6886
3.8417 -0.7387 1.6899
3.8054 -0.6623 1.6912
3.7691 -0.5859 1.6925
3.7330 -0.5093 1.6937
3.6971 -0.4326 1.6950
3.6614 -0.3557 1.6962
3.6260 -0.2786 1.6975
3.5910 -0.2012 1.6987
3.5564 -0.1236 1.6999
3.5222 -0.0458 1.7010
3.4885 0.0323 1.7022
3.4553 0.1107 1.7033
3.4228 0.1895 1.7043
3.3909 0.2685 1.7054
3.3597 0.3479 1.7064
3.3292 0.4276 1.7075
3.2996 0.5077 1.7084
3.2709 0.5882 1.7094
3.2430 0.6690 1.7103
3.2162 0.7502 1.7113
3.1904 0.8318 1.7121
3.1657 0.9138 1.7130
3.1422 0.9962 1.7138
3.1198 1.0790 1.7147
3.0988 1.1621 1.7154
3.0790 1.2456 1.7162
3.0607 1.3294 1.7169
3.0438 1.4136 1.7177
3.0284 1.4981 1.7183
3.0147 1.5829 1.7190
3.0025 1.6680 1.7196
2.9920 1.7534 1.7202
2.9832 1.8390 1.7208
2.9763 1.9247 1.7214
2.9712 2.0107 1.7219
2.9680 2.0967 1.7224
2.9668 2.1828 1.7229
2.9677 2.2690 1.7233
2.9706 2.3551 1.7237
2.9757 2.4412 1.7241
2.9830 2.5271 1.7245
2.9926 2.6128 1.7248
3.0045 2.6982 1.7251
3.0188 2.7832 1.7254
3.0356 2.8679 1.7257
3.0548 2.9520 1.7259
3.0766 3.0355 1.7261
3.1010 3.1183 1.7262
3.1280 3.2003 1.7264
3.1577 3.2813 1.7265
3.1901 3.3613 1.7265
3.2253 3.4401 1.7265
3.2634 3.5176 1.7265
3.3042 3.5936 1.7265
3.3479 3.6681 1.7265
3.3944 3.7408 1.7264
3.4437 3.8117 1.7263
3.4959 3.8804 1.7261
3.5508 3.9469 1.7259
3.6086 4.0111 1.7258
3.6690 4.0726 1.7256
3.7321 4.1314 1.7253
3.7978 4.1874 1.7251
3.8659 4.2402 1.7248
3.9364 4.2899 1.7246
4.0092 4.3361 1.7243
4.0841 4.3788 1.7240
4.1609 4.4178 1.7237
4.2396 4.4530 1.7234
4.3199 4.4843 1.7231
4.4016 4.5115 1.7228
4.4846 4.5346 1.7225
4.5686 4.5535 1.7223
4.6534 4.5682 1.7220
4.7389 4.5785 1.7218
4.8248 4.5845 1.7216
4.9108 4.5862 1.7214
4.9968 4.5835 1.7212
5.0826 4.5765 1.7211
5.1673 4.5645 1.6957
5.2486 4.5422 1.6891
5.3293 4.5166 1.6971
5.4098 4.4896 1.6982
5.4893 4.4598 1.6986
5.5677 4.4271 1.6988
5.6448 4.3915 1.6990
5.7205 4.3530 1.6991
5.7947 4.3116 1.6992
5.8672 4.2674 1.6993
5.9379 4.2203 1.6994
6.0068 4.1706 1.6996
6.0737 4.1182 1.6997
6.1386 4.0632 1.7000
6.2013 4.0058 1.7002
6.2617 3.9461 1.7004
6.3200 3.8841 1.7007
6.3758 3.8200 1.7010
6.4293 3.7539 1.7014
6.4805 3.6859 1.7018
6.5292 3.6162 1.7022
6.5756 3.5448 1.7026
6.6195 3.4719 1.7030
6.6610 3.3975 1.7035
6.7002 3.3219 1.7040
6.7370 3.2450 1.7046
6.7716 3.1671 1.7051
6.8039 3.0882 1.7057
6.8339 3.0084 1.7063
6.8618 2.9277 1.7069
6.8876 2.8464 1.7076
6.9114 2.7643 1.7083
6.9332 2.6818 1.7089
6.9531 2.5986 1.7096
6.9711 2.5151 1.7103
6.9873 2.4311 1.7111
7.0016 2.3467 1.7120
7.0143 2.2620 1.7130
7.0254 2.1771 1.7139
7.0351 2.0919 1.7150
7.0435 2.0065 1.7161
7.0506 1.9210 1.7172
7.0568 1.8353 1.7184
7.0620 1.7495 1.7196
7.0665 1.6637 1.7208
7.0704 1.5777 1.7220
7.0738 1.4916 1.7233
7.0768 1.4055 1.7245
7.0796 1.3193 1.7257
7.0822 1.2330 1.7270
7.0848 1.1466 1.7282
7.0875 1.0602 1.7294
7.0903 0.9738 1.7306
7.0934 0.8873 1.7318
7.0968 0.8007 1.7330
7.1005 0.7141 1.7341
7.1048 0.6275 1.7352
7.1096 0.5408 1.7363
7.1150 0.4542 1.7374
7.1212 0.3675 1.7385
7.1281 0.2808 1.7395
7.1359 0.1942 1.7405
7.1446 0.1076 1.7415
7.1543 0.0210 1.7424
7.1651 -0.0655 1.7434
7.1770 -0.1518 1.7443
7.1902 -0.2381 1.7452
7.2047 -0.3241 1.7460
7.2206 -0.4100 1.7469
7.2379 -0.4956 1.7477
7.2567 -0.5810 1.7485
7.2770 -0.6660 1.7493
7.2990 -0.7507 1.7500
7.3226 -0.8350 1.7507
7.3480 -0.9188 1.7515
7.3751 -1.0021 1.7521
7.4041 -1.0847 1.7528
7.4350 -1.1668 1.7535
7.4677 -1.2482 1.7542
7.5024 -1.3287 1.7548
7.5390 -1.4085 1.7554
7.5776 -1.4873 1.7560
7.6181 -1.5652 1.7566
7.6607 -1.6420 1.7572
7.7054 -1.7177 1.7578
7.7520 -1.7922 1.7584
7.8006 -1.8655 1.7590
7.8513 -1.9374 1.7595
7.9039 -2.0079 1.7601
7.9585 -2.0770 1.7607
8.0151 -2.1444 1.7612
8.0735 -2.2103 1.7618
8.1339 -2.2745 1.7623
8.1961 -2.3369 1.7629
8.2601 -2.3976 1.7634
8.3258 -2.4563 1.7640
8.3933 -2.5132 1.7646
8.4624 -2.5680 1.7651
8.5331 -2.6209 1.7657
8.6053 -2.6717 1.7663
8.6789 -2.7204 1.7669
8.7540 -2.7670 1.7675
8.8304 -2.8115 1.7681
8.9081 -2.8538 1.7687
8.9869 -2.8939 1.7694
9.0669 -2.9317 1.7700
9.1479 -2.9674 1.7707
9.2299 -3.0009 1.7714
9.3127 -3.0322 1.7721
9.3964 -3.0613 1.7728
9.4809 -3.0882 1.7735
9.5661 -3.1129 1.7742
9.6519 -3.1355 1.7749
9.7383 -3.1559 1.7757
9.8251 -3.1743 1.7765
9.9125 -3.1906 1.7772
10.0002 -3.2049 1.7780
10.0883 -3.2172 1.7788
10.1766 -3.2275 1.7796
10.2652 -3.2358 1.7804
10.3540 -3.2422 1.7813
10.4430 -3.2465 1.7821
10.5321 -3.2487 1.7831
10.6213 -3.2490 1.7841
10.7105 -3.2473 1.7851
10.7997 -3.2437 1.7862
10.8887 -3.2391 1.7748
10.9773 -3.2395 1.7732
11.0659 -3.2373 1.7730
11.1545 -3.2379 1.7729
11.2430 -3.2341 1.7717
11.3313 -3.2266 1.7721
11.4193 -3.2160 1.7734
11.5070 -3.2028 1.7747
11.5944 -3.1874 1.7762
11.6816 -3.1700 1.7777
11.7684 -3.1510 1.7792
11.8550 -3.1304 1.7807
11.9413 -3.1085 1.7821
12.0274 -3.0855 1.7836
12.1134 -3.0615 1.7849
12.1991 -3.0367 1.7863
12.2848 -3.0113 1.7876
12.3703 -2.9852 1.7889
12.4558 -2.9587 1.7902
12.5412 -2.9317 1.7915
12.6265 -2.9044 1.7927
12.7118 -2.8768 1.7939
12.7971 -2.8490 1.7950
12.8824 -2.8211 1.7961
12.9678 -2.7931 1.7972
13.0532 -2.7649 1.7983
13.1386 -2.7368 1.7993
13.2241 -2.7087 1.8004
13.3096 -2.6806 1.8013
13.3952 -2.6525 1.8023
13.4809 -2.6246 1.8032
13.5667 -2.5967 1.8041
13.6526 -2.5690 1.8050
13.7385 -2.5413 1.8058
13.8245 -2.5138 1.8066
13.9106 -2.4865 1.8074
13.9968 -2.4592 1.8081
14.0830 -2.4321 1.8088
14.1694 -2.4050 1.8095
14.2557 -2.3780 1.8101
14.3422 -2.3511 1.8107
14.4286 -2.3243 1.8112
14.5151 -2.2974 1.8118
14.6016 -2.2705 1.8123
14.6882 -2.2435 1.8127
14.7746 -2.2163 1.8131
14.8611 -2.1889 1.8135
14.9474 -2.1613 1.8139
15.0337 -2.1333 1.8142
15.1199 -2.1049 1.8144
15.2058 -2.0759 1.8146
15.2916 -2.0463 1.8148
15.3771 -2.0159 1.8149
15.4623 -1.9846 1.8150
15.5471 -1.9522 1.8150
15.6313 -1.9186 1.8150
15.7150 -1.8834 1.8149
15.7979 -1.8466 1.8146
15.8799 -1.8078 1.8143
15.9609 -1.7668 1.8138
16.0404 -1.7234 1.8132
16.1184 -1.6772 1.8124
16.1945 -1.6280 1.8115
16.2684 -1.5756 1.8103
16.3395 -1.5197 1.8090
16.4076 -1.4602 1.8074
16.4721 -1.3970 1.8055
16.5324 -1.3299 1.8036
16.5882 -1.2591 1.8014
16.6387 -1.1847 1.7991
16.6835 -1.1068 1.7966
16.7221 -1.0257 1.7941
16.7540 -0.9420 1.7915
16.7788 -0.8560 1.7888
16.7961 -0.7683 1.7863
16.8056 -0.6796 1.7837
16.8073 -0.5905 1.7813
16.8009 -0.5018 1.7789
16.7867 -0.4141 1.7768
16.7646 -0.3281 1.7747
16.7349 -0.2445 1.7729
16.6980 -0.1640 1.7712
16.6542 -0.0872 1.7697
16.6039 -0.0144 1.7685
16.5477 0.0538 1.7673
16.4861 0.1170 1.7663
16.4195 0.1750 1.7654
16.3486 0.2275 1.7648
16.2740 0.2745 1.7642
16.1960 0.3158 1.7639
16.1154 0.3514 1.7635
16.0325 0.3813 1.7633
15.9478 0.4056 1.7631
15.8617 0.4245 1.7631
15.7746 0.4380 1.7631
15.6868 0.4464 1.7634
15.5987 0.4499 1.7634
15.5106 0.4487 1.7636
15.4226 0.4430 1.7639
15.3350 0.4331 1.7643
15.2479 0.4192 1.7646
15.1614 0.4015 1.7651
15.0757 0.3804 1.7654
14.9909 0.3558 1.7659
14.9071 0.3281 1.7665
14.8242 0.2976 1.7672
14.7423 0.2644 1.7679
14.6613 0.2289 1.7688
14.5812 0.1914 1.7697
14.5019 0.1522 1.7706
14.4233 0.1113 1.7715
14.3454 0.0692 1.7724
14.2680 0.0259 1.7733
14.1911 -0.0182 1.7743
14.1145 -0.0631 1.7752
14.0383 -0.1085 1.7761
13.9622 -0.1544 1.7770
13.8862 -0.2005 1.7778
13.8104 -0.2469 1.7787
13.7345 -0.2933 1.7795
13.6585 -0.3397 1.7804
13.5825 -0.3860 1.7812
13.5063 -0.4322 1.7819
13.4300 -0.4782 1.7827
13.3535 -0.5240 1.7834
13.2767 -0.5694 1.7841
13.1998 -0.6146 1.7847
13.1226 -0.6594 1.7854
13.0451 -0.7038 1.7859
12.9674 -0.7477 1.7865
12.8894 -0.7913 1.7870
12.8111 -0.8343 1.7875
12.7324 -0.8768 1.7879
12.6535 -0.9187 1.7883
12.5742 -0.9601 1.7887
12.4945 -1.0008 1.7890
12.4145 -1.0408 1.7893
12.3342 -1.0801 1.7895
12.2534 -1.1187 1.7897
12.1723 -1.1564 1.7898
12.0907 -1.1932 1.7900
12.0087 -1.2290 1.7900
11.9261 -1.2636 1.7900
11.8431 -1.2970 1.7900
11.7595 -1.3290 1.7899
11.6753 -1.3593 1.7897
11.5905 -1.3877 1.7894
11.5050 -1.4140 1.7890
11.4188 -1.4379 1.7884
11.3319 -1.4589 1.7877
11.2443 -1.4767 1.7868
11.1561 -1.4908 1.7857
11.0674 -1.5008 1.7843
10.9784 -1.5062 1.7826
10.8894 -1.5066 1.7809
10.8005 -1.5016 1.7788
10.7123 -1.4907 1.7764
10.6252 -1.4735 1.7738
10.5399 -1.4498 1.7710
10.4568 -1.4195 1.7681
10.3767 -1.3823 1.7651
10.3003 -1.3383 1.7620
10.2283 -1.2877 1.7589
10.1614 -1.2308 1.7558
10.1003 -1.1678 1.7529
10.0456 -1.0995 1.7501
9.9979 -1.0263 1.7474
9.9575 -0.9489 1.7450
9.9249 -0.8681 1.7429
9.9001 -0.7846 1.7408
9.8834 -0.6993 1.7390
9.8748 -0.6128 1.7375
9.8741 -0.5260 1.7362
9.8812 -0.4395 1.7353
9.8958 -0.3541 1.7342
9.9175 -0.2702 1.7335
9.9461 -0.1884 1.7329
9.9810 -0.1091 1.7325
10.0218 -0.0328 1.7323
10.0682 0.0403 1.7318
10.1198 0.1099 1.7314
10.1761 0.1756 1.7312
10.2367 0.2373 1.7313
10.3012 0.2951 1.7318
10.3689 0.3490 1.7322
10.4397 0.3990 1.7328
10.5129 0.4453 1.7336
10.5882 0.4882 1.7345
10.6654 0.5279 1.7354
10.7440 0.5647 1.7364
10.8237 0.5989 1.7373
10.9045 0.6309 1.7382
10.9861 0.6609 1.7391
11.0683 0.6892 1.7400
11.1510 0.7163 1.7408
11.2341 0.7425 1.7416
11.3173 0.7681 1.7422
11.4007 0.7933 1.7429
11.4842 0.8185 1.7435
11.5676 0.8439 1.7440
11.6508 0.8699 1.7445
11.7339 0.8966 1.7449
11.8166 0.9244 1.7452
11.8989 0.9534 1.7455
11.9806 0.9840 1.7457
12.0617 1.0163 1.7459
12.1420 1.0506 1.7460
12.2214 1.0869 1.7460
12.2996 1.1256 1.7459
12.3766 1.1668 1.7458
12.4521 1.2105 1.7457
12.5260 1.2570 1.7455
12.5980 1.3063 1.7453
12.6680 1.3584 1.7451
12.7358 1.4134 1.7449
12.8011 1.4712 1.7447
12.8638 1.5318 1.7445
12.9237 1.5952 1.7443
12.9806 1.6613 1.7441
13.0345 1.7299 1.7440
13.0851 1.8009 1.7439
13.1323 1.8741 1.7439
13.1762 1.9495 1.7439
13.2165 2.0268 1.7439
13.2533 2.1058 1.7440
13.2865 2.1865 1.7441
13.3161 2.2685 1.7443
13.3421 2.3517 1.7445
13.3646 2.4360 1.7449
13.3837 2.5211 1.7451
13.3992 2.6070 1.7454
13.4115 2.6934 1.7458
13.4204 2.7802 1.7463
13.4261 2.8674 1.7467
13.4288 2.9547 1.7473
13.4285 3.0420 1.7477
13.4254 3.1294 1.7483
13.4194 3.2166 1.7488
13.4109 3.3036 1.7494
13.3998 3.3904 1.7501
13.3864 3.4769 1.7507
13.3707 3.5630 1.7514
13.3529 3.6488 1.7521
13.3331 3.7341 1.7528
13.3114 3.8191 1.7535
13.2879 3.9035 1.7543
13.2627 3.9876 1.7551
13.2361 4.0712 1.7559
13.2080 4.1544 1.7567
13.1786 4.2372 1.7576
13.1479 4.3196 1.7585
13.1162 4.4016 1.7595
13.0834 4.4833 1.7606
13.0496 4.5646 1.7617
13.0151 4.6457 1.7628
12.9799 4.7265 1.7640
12.9441 4.8072 1.7652
12.9078 4.8876 1.7664
12.8711 4.9680 1.7677
12.8340 5.0483 1.7690
12.7966 5.1285 1.7703
12.7590 5.2086 1.7716
12.7212 5.2888 1.7729
12.6832 5.3689 1.7742
12.6451 5.4490 1.7755
12.6069 5.5292 1.7768
12.5686 5.6094 1.7781
12.5302 5.6896 1.7795
12.4917 5.7698 1.7807
12.4530 5.8501 1.7820
12.4143 5.9304 1.7833
12.3755 6.0107 1.7845
12.3364 6.0909 1.7857
12.2972 6.1712 1.7869
12.2578 6.2514 1.7881
12.2181 6.3315 1.7892
12.1781 6.4116 1.7903
12.1377 6.4915 1.7914
12.0970 6.5713 1.7925
12.0558 6.6509 1.7935
12.0141 6.7304 1.7945
11.9719 6.8096 1.7954
11.9291 6.8885 1.7964
11.8855 6.9671 1.7973
11.8413 7.0453 1.7982
11.7962 7.1231 1.7990
11.7503 7.2005 1.7999
11.7034 7.2773 1.8007
11.6555 7.3536 1.8014
11.6066 7.4293 1.8022
11.5566 7.5042 1.8029
11.5054 7.5784 1.8036
11.4529 7.6518 1.8043
11.3992 7.7243 1.8049
11.3441 7.7958 1.8055
11.2876 7.8662 1.8061
11.2296 7.9355 1.8067
11.1703 8.0036 1.8073
11.1096 8.0705 1.8078
11.0475 8.1363 1.8083
10.9839 8.2005 1.8086
10.9187 8.2632 1.8090
10.8519 8.3242 1.8094
10.7834 8.3833 1.8098
10.7133 8.4406 1.8102
10.6415 8.4957 1.8105
10.5681 8.5486 1.8109
10.4930 8.5993 1.8113
10.4164 8.6476 1.8117
10.3382 8.6933 1.8121
10.2586 8.7366 1.8125
10.1775 8.7772 1.8130
10.0952 8.8151 1.8134
10.0117 8.8504 1.8139
9.9270 8.8830 1.8145
9.8413 8.9129 1.8150
9.7547 8.9400 1.8156
9.6673 8.9645 1.8162
9.5791 8.9863 1.8168
9.4903 9.0055 1.8175
9.4010 9.0221 1.8182
9.3112 9.0363 1.8189
9.2210 9.0479 1.8196
