x y v
9.0982 9.0504 1.9571
9.0005 9.0567 1.9578
8.9027 9.0602 1.9584
8.8048 9.0612 1.9591
8.7068 9.0597 1.9597
8.6089 9.0556 1.9604
8.5111 9.0492 1.9612
8.4134 9.0404 1.9619
8.3159 9.0294 1.9627
8.2186 9.0163 1.9636
8.1216 9.0011 1.9644
8.0249 8.9840 1.9653
7.9284 8.9651 1.9662
7.8323 8.9445 1.9672
7.7364 8.9223 1.9681
7.6409 8.8986 1.9691
7.5456 8.8737 1.9702
7.4506 8.8475 1.9712
7.3559 8.8203 1.9723
7.2613 8.7921 1.9734
7.1670 8.7630 1.9745
7.0728 8.7333 1.9756
6.9788 8.7030 1.9767
6.8849 8.6722 1.9779
6.7910 8.6410 1.9791
6.6971 8.6095 1.9803
6.6033 8.5779 1.9815
6.5093 8.5463 1.9828
6.4153 8.5147 1.9841
6.3212 8.4832 1.9855
6.2269 8.4521 1.9869
6.1324 8.4212 1.9884
6.0378 8.3908 1.9899
5.9429 8.3607 1.9915
5.8477 8.3312 1.9930
5.7524 8.3022 1.9947
5.6567 8.2736 1.9963
5.5609 8.2456 1.9980
5.4648 8.2182 1.9996
5.3685 8.1912 2.0013
5.2719 8.1648 2.0031
5.1751 8.1389 2.0048
5.0781 8.1134 2.0065
4.9809 8.0884 2.0082
4.8836 8.0637 2.0100
4.7860 8.0395 2.0117
4.6882 8.0156 2.0134
4.5903 7.9920 2.0151
4.4923 7.9686 2.0167
4.3941 7.9454 2.0184
4.2958 7.9224 2.0200
4.1974 7.8995 2.0216
4.0989 7.8767 2.0231
4.0003 7.8539 2.0247
3.9016 7.8311 2.0262
3.8029 7.8081 2.0277
3.7042 7.7850 2.0291
3.6054 7.7617 2.0305
3.5066 7.7382 2.0319
3.4078 7.7142 2.0333
3.3091 7.6899 2.0346
3.2104 7.6651 2.0360
3.1118 7.6397 2.0373
3.0132 7.6137 2.0385
2.9149 7.5870 2.0398
2.8166 7.5595 2.0410
2.7185 7.5311 2.0422
2.6207 7.5018 2.0434
2.5231 7.4714 2.0446
2.4258 7.4399 2.0457
2.3289 7.4073 2.0468
2.2323 7.3733 2.0479
2.1362 7.3380 2.0490
2.0405 7.3013 2.0501
1.9453 7.2631 2.0511
1.8507 7.2234 2.0521
1.7568 7.1821 2.0532
1.6635 7.1392 2.0541
1.5710 7.0946 2.0551
1.4792 7.0483 2.0561
1.3883 7.0003 2.0570
1.2982 6.9505 2.0579
1.2091 6.8991 2.0588
1.1210 6.8458 2.0597
1.0339 6.7908 2.0606
0.9478 6.7341 2.0615
0.8630 6.6756 2.0623
0.7792 6.6154 2.0632
0.6967 6.5534 2.0640
0.6155 6.4898 2.0648
0.5355 6.4244 2.0656
0.4570 6.3573 2.0664
0.3798 6.2886 2.0671
0.3041 6.2182 2.0679
0.2298 6.1462 2.0686
0.1572 6.0726 2.0694
0.0862 5.9973 2.0701
0.0168 5.9205 2.0708
-0.0508 5.8421 2.0715
-0.1166 5.7621 2.0721
-0.1806 5.6806 2.0728
-0.2427 5.5975 2.0735
-0.3027 5.5130 2.0742
-0.3607 5.4270 2.0748
-0.4166 5.3396 2.0755
-0.4704 5.2508 2.0762
-0.5219 5.1607 2.0769
-0.5712 5.0693 2.0775
-0.6182 4.9766 2.0782
-0.6629 4.8828 2.0790
-0.7053 4.7879 2.0797
-0.7453 4.6919 2.0804
-0.7830 4.5949 2.0812
-0.8183 4.4970 2.0819
-0.8513 4.3982 2.0827
-0.8819 4.2987 2.0835
-0.9101 4.1984 2.0843
-0.9361 4.0975 2.0851
-0.9598 3.9959 2.0860
-0.9812 3.8938 2.0868
-1.0003 3.7912 2.0876
-1.0172 3.6882 2.0885
-1.0320 3.5848 2.0894
-1.0445 3.4811 2.0902
-1.0549 3.3770 2.0911
-1.0631 3.2728 2.0920
-1.0692 3.1684 2.0929
-1.0732 3.0638 2.0938
-1.0751 2.9591 2.0947
-1.0750 2.8543 2.0957
-1.0728 2.7495 2.0966
-1.0685 2.6448 2.0976
-1.0621 2.5401 2.0986
-1.0535 2.4354 2.0997
-1.0429 2.3310 2.1008
-1.0302 2.2267 2.1020
-1.0156 2.1226 2.1032
-0.9990 2.0187 2.1045
-0.9806 1.9151 2.1058
-0.9605 1.8117 2.1071
-0.9387 1.7086 2.1085
-0.9154 1.6057 2.1099
-0.8906 1.5031 2.1113
-0.8645 1.4008 2.1128
-0.8372 1.2987 2.1142
-0.8087 1.1969 2.1157
-0.7793 1.0953 2.1172
-0.7489 0.9938 2.1186
-0.7176 0.8926 2.1201
-0.6856 0.7915 2.1215
-0.6529 0.6905 2.1230
-0.6196 0.5897 2.1244
-0.5858 0.4890 2.1258
-0.5515 0.3883 2.1272
-0.5168 0.2877 2.1285
-0.4818 0.1872 2.1299
-0.4464 0.0867 2.1311
-0.4108 -0.0138 2.1324
-0.3750 -0.1142 2.1336
-0.3391 -0.2147 2.1348
-0.3030 -0.3152 2.1360
-0.2668 -0.4157 2.1372
-0.2306 -0.5163 2.1383
-0.1944 -0.6169 2.1393
-0.1581 -0.7175 2.1404
-0.1218 -0.8182 2.1414
-0.0856 -0.9190 2.1424
-0.0494 -1.0199 2.1433
-0.0132 -1.1208 2.1443
0.0230 -1.2217 2.1451
0.0591 -1.3227 2.1460
0.0952 -1.4238 2.1468
0.1314 -1.5249 2.1476
0.1676 -1.6260 2.1483
0.2038 -1.7271 2.1490
0.2402 -1.8282 2.1497
0.2767 -1.9293 2.1504
0.3135 -2.0304 2.1510
0.3505 -2.1314 2.1515
0.3879 -2.2323 2.1521
0.4257 -2.3330 2.1526
0.4640 -2.4336 2.1530
0.5029 -2.5340 2.1534
0.5425 -2.6342 2.1538
0.5829 -2.7340 2.1542
0.6242 -2.8335 2.1545
0.6665 -2.9325 2.1547
0.7100 -3.0311 2.1549
0.7548 -3.1291 2.1550
0.8009 -3.2265 2.1551
0.8487 -3.3231 2.1552
0.8981 -3.4189 2.1552
0.9493 -3.5137 2.1551
1.0025 -3.6074 2.1550
1.0577 -3.6999 2.1548
1.1153 -3.7910 2.1545
1.1752 -3.8805 2.1542
1.2376 -3.9682 2.1538
1.3027 -4.0540 2.1533
1.3705 -4.1376 2.1527
1.4412 -4.2188 2.1521
1.5148 -4.2972 2.1513
1.5914 -4.3727 2.1505
1.6710 -4.4449 2.1495
1.7537 -4.5135 2.1485
1.8395 -4.5781 2.1474
1.9282 -4.6385 2.1461
2.0198 -4.6943 2.1448
2.1143 -4.7450 2.1434
2.2113 -4.7905 2.1419
2.3106 -4.8302 2.1403
2.4121 -4.8640 2.1386
2.5154 -4.8915 2.1369
2.6201 -4.9124 2.1352
2.7259 -4.9266 2.1334
2.8322 -4.9337 2.1316
2.9388 -4.9338 2.1297
3.0449 -4.9266 2.1279
3.1499 -4.9115 2.1104
3.2506 -4.8822 2.0975
3.3499 -4.8474 2.1108
3.4490 -4.8113 2.1072
3.5453 -4.7686 2.1050
3.6385 -4.7199 2.1034
3.7285 -4.6656 2.1020
3.8148 -4.6056 2.1006
3.8970 -4.5404 2.0993
3.9749 -4.4701 2.0981
4.0481 -4.3950 2.0969
4.1165 -4.3156 2.0959
4.1798 -4.2322 2.0950
4.2380 -4.1451 2.0942
4.2908 -4.0547 2.0934
4.3384 -3.9615 2.0928
4.3806 -3.8658 2.0923
4.4175 -3.7679 2.0919
4.4491 -3.6683 2.0916
4.4757 -3.5671 2.0913
4.4972 -3.4648 2.0911
4.5139 -3.3616 2.0910
4.5258 -3.2578 2.0910
4.5333 -3.1535 2.0911
4.5363 -3.0490 2.0911
4.5353 -2.9444 2.0913
4.5303 -2.8400 2.0915
4.5215 -2.7358 2.0918
4.5092 -2.6319 2.0921
4.4935 -2.5285 2.0924
4.4747 -2.4256 2.0928
4.4528 -2.3232 2.0932
4.4281 -2.2215 2.0937
4.4007 -2.1205 2.0943
4.3708 -2.0201 2.0950
4.3386 -1.9204 2.0957
4.3044 -1.8213 2.0965
4.2683 -1.7229 2.0973
4.2306 -1.6250 2.0982
4.1914 -1.5277 2.0991
4.1510 -1.4308 2.1000
4.1094 -1.3344 2.1009
4.0670 -1.2383 2.1019
4.0238 -1.1424 2.1028
3.9800 -1.0468 2.1038
3.9357 -0.9514 2.1047
3.8911 -0.8560 2.1057
3.8463 -0.7607 2.1066
3.8014 -0.6654 2.1075
3.7566 -0.5700 2.1084
3.7119 -0.4745 2.1093
3.6675 -0.3789 2.1102
3.6234 -0.2830 2.1110
3.5797 -0.1868 2.1118
3.5367 -0.0904 2.1126
3.4942 0.0063 2.1133
3.4525 0.1034 2.1140
3.4117 0.2010 2.1146
3.3719 0.2989 2.1153
3.3332 0.3973 2.1158
3.2956 0.4963 2.1164
3.2594 0.5957 2.1169
3.2245 0.6957 2.1174
3.1912 0.7962 2.1178
3.1595 0.8972 2.1182
3.1296 0.9988 2.1185
3.1015 1.1009 2.1188
3.0754 1.2036 2.1191
3.0514 1.3068 2.1193
3.0295 1.4105 2.1195
3.0100 1.5147 2.1197
2.9929 1.6193 2.1198
2.9782 1.7242 2.1199
2.9662 1.8296 2.1199
2.9570 1.9351 2.1199
2.9506 2.0409 2.1198
2.9472 2.1469 2.1197
2.9468 2.2529 2.1196
2.9496 2.3588 2.1194
2.9557 2.4646 2.1192
2.9652 2.5701 2.1189
2.9782 2.6752 2.1186
2.9948 2.7798 2.1182
3.0152 2.8837 2.1178
3.0393 2.9868 2.1173
3.0674 3.0889 2.1167
3.0995 3.1897 2.1161
3.1356 3.2891 2.1155
3.1759 3.3869 2.1148
3.2204 3.4828 2.1140
3.2692 3.5765 2.1132
3.3223 3.6679 2.1123
3.3796 3.7565 2.1114
3.4412 3.8422 2.1104
3.5071 3.9246 2.1093
3.5771 4.0035 2.1083
3.6511 4.0784 2.1071
3.7291 4.1492 2.1060
3.8108 4.2155 2.1048
3.8961 4.2771 2.1036
3.9848 4.3336 2.1023
4.0766 4.3848 2.1011
4.1711 4.4304 2.0998
4.2682 4.4703 2.0986
4.3674 4.5043 2.0973
4.4685 4.5322 2.0961
4.5709 4.5539 2.0949
4.6745 4.5692 2.0937
4.7788 4.5783 2.0926
4.8833 4.5809 2.0915
4.9878 4.5772 2.0905
5.0918 4.5673 2.0895
5.1949 4.5504 2.0897
5.2962 4.5248 2.0945
5.3978 4.4987 2.0939
5.4971 4.4663 2.0901
5.5942 4.4277 2.0889
5.6888 4.3835 2.0881
5.7807 4.3341 2.0876
5.8697 4.2796 2.0871
5.9557 4.2205 2.0866
6.0384 4.1570 2.0863
6.1179 4.0893 2.0860
6.1938 4.0179 2.0858
6.2663 3.9430 2.0856
6.3353 3.8647 2.0855
6.4006 3.7835 2.0854
6.4624 3.6996 2.0854
6.5207 3.6131 2.0854
6.5754 3.5243 2.0855
6.6267 3.4335 2.0857
6.6745 3.3409 2.0858
6.7189 3.2465 2.0860
6.7601 3.1507 2.0863
6.7980 3.0535 2.0866
6.8329 2.9552 2.0869
6.8646 2.8557 2.0873
6.8932 2.7554 2.0877
6.9189 2.6542 2.0883
6.9419 2.5523 2.0889
6.9622 2.4499 2.0896
6.9801 2.3469 2.0903
6.9958 2.2436 2.0911
7.0094 2.1399 2.0920
7.0212 2.0359 2.0928
7.0313 1.9318 2.0937
7.0400 1.8274 2.0947
7.0475 1.7229 2.0956
7.0539 1.6183 2.0965
7.0595 1.5136 2.0975
7.0644 1.4088 2.0984
7.0688 1.3040 2.0993
7.0729 1.1991 2.1003
7.0769 1.0941 2.1012
7.0808 0.9891 2.1021
7.0850 0.8841 2.1029
7.0894 0.7790 2.1038
7.0943 0.6739 2.1046
7.0999 0.5688 2.1054
7.1062 0.4637 2.1061
7.1134 0.3586 2.1068
7.1217 0.2536 2.1075
7.1312 0.1486 2.1081
7.1421 0.0438 2.1087
7.1545 -0.0609 2.1093
7.1686 -0.1655 2.1098
7.1845 -0.2698 2.1103
7.2023 -0.3738 2.1107
7.2221 -0.4774 2.1112
7.2442 -0.5807 2.1115
7.2686 -0.6834 2.1119
7.2954 -0.7855 2.1122
7.3248 -0.8870 2.1125
7.3567 -0.9877 2.1128
7.3913 -1.0875 2.1130
7.4288 -1.1863 2.1132
7.4690 -1.2840 2.1134
7.5121 -1.3805 2.1136
7.5581 -1.4756 2.1138
7.6070 -1.5693 2.1139
7.6589 -1.6614 2.1141
7.7138 -1.7518 2.1142
7.7715 -1.8403 2.1143
7.8322 -1.9268 2.1145
7.8958 -2.0113 2.1146
7.9622 -2.0936 2.1147
8.0314 -2.1735 2.1148
8.1033 -2.2510 2.1149
8.1779 -2.3260 2.1150
8.2550 -2.3983 2.1152
8.3347 -2.4679 2.1153
8.4167 -2.5347 2.1155
8.5009 -2.5986 2.1157
8.5874 -2.6596 2.1159
8.6759 -2.7176 2.1161
8.7663 -2.7725 2.1163
8.8586 -2.8243 2.1166
8.9526 -2.8730 2.1169
9.0481 -2.9186 2.1172
9.1450 -2.9611 2.1175
9.2433 -3.0004 2.1178
9.3428 -3.0367 2.1182
9.4434 -3.0698 2.1186
9.5450 -3.0999 2.1190
9.6475 -3.1269 2.1195
9.7507 -3.1510 2.1200
9.8546 -3.1721 2.1204
9.9590 -3.1903 2.1209
10.0640 -3.2054 2.1214
10.1694 -3.2175 2.1220
10.2751 -3.2267 2.1227
10.3811 -3.2330 2.1234
10.4872 -3.2365 2.1242
10.5934 -3.2373 2.1250
10.6997 -3.2354 2.1258
10.8059 -3.2311 2.1267
10.9146 -3.2234 2.2417
11.0253 -3.2044 2.2463
11.1370 -3.1769 2.3701
11.2534 -3.1508 2.3848
11.3713 -3.1350 2.3805
11.4892 -3.1188 2.3820
11.6068 -3.0998 2.3826
11.7241 -3.0789 2.3833
11.8412 -3.0566 2.3840
11.9580 -3.0328 2.3847
12.0746 -3.0075 2.3854
12.1909 -2.9809 2.3861
12.3069 -2.9531 2.3867
12.4227 -2.9241 2.3873
12.5382 -2.8941 2.3879
12.6535 -2.8631 2.3884
12.7686 -2.8312 2.3889
12.8835 -2.7985 2.3893
12.9982 -2.7652 2.3897
13.1128 -2.7313 2.3901
13.2273 -2.6970 2.3904
13.3417 -2.6623 2.3907
13.4560 -2.6275 2.3910
13.5704 -2.5925 2.3911
13.6847 -2.5575 2.3913
13.7990 -2.5226 2.3914
13.9135 -2.4879 2.3914
14.0279 -2.4534 2.3914
14.1425 -2.4192 2.3914
14.2572 -2.3855 2.3913
14.3720 -2.3521 2.3911
14.4870 -2.3192 2.3910
14.6020 -2.2866 2.3908
14.7171 -2.2544 2.3906
14.8323 -2.2224 2.3903
14.9474 -2.1904 2.3900
15.0625 -2.1582 2.3897
15.1774 -2.1253 2.3893
15.2919 -2.0915 2.3889
15.4060 -2.0561 2.3882
15.5193 -2.0185 2.3874
15.6316 -1.9782 2.3864
15.7426 -1.9345 2.3850
15.8518 -1.8868 2.3833
15.9588 -1.8344 2.3812
16.0629 -1.7768 2.3788
16.1635 -1.7135 2.3759
16.2599 -1.6441 2.3725
16.3510 -1.5683 2.3686
16.4359 -1.4860 2.3643
16.5137 -1.3971 2.3594
16.5833 -1.3021 2.3540
16.6435 -1.2012 2.3482
16.6934 -1.0951 2.3420
16.7320 -0.9847 2.3356
16.7585 -0.8712 2.3290
16.7724 -0.7558 2.3224
16.7733 -0.6399 2.3159
16.7611 -0.5250 2.3094
16.7360 -0.4125 2.3033
16.6984 -0.3039 2.2976
16.6489 -0.2004 2.2922
16.5883 -0.1034 2.2873
16.5177 -0.0136 2.2829
16.4380 0.0679 2.2789
16.3505 0.1406 2.2753
16.2563 0.2042 2.2723
16.1565 0.2583 2.2696
16.0523 0.3029 2.2673
15.9447 0.3382 2.2654
15.8345 0.3643 2.2638
15.7227 0.3815 2.2623
15.6100 0.3903 2.2611
15.4970 0.3908 2.2602
15.3843 0.3838 2.2596
15.2722 0.3697 2.2593
15.1612 0.3492 2.2592
15.0513 0.3229 2.2593
14.9428 0.2914 2.2595
14.8358 0.2553 2.2598
14.7302 0.2152 2.2602
14.6259 0.1715 2.2606
14.5229 0.1249 2.2611
14.4211 0.0757 2.2615
14.3204 0.0244 2.2620
14.2205 -0.0287 2.2624
14.1214 -0.0833 2.2628
14.0230 -0.1390 2.2632
13.9250 -0.1957 2.2635
13.8274 -0.2530 2.2639
13.7300 -0.3107 2.2641
13.6328 -0.3688 2.2644
13.5357 -0.4270 2.2646
13.4386 -0.4852 2.2647
13.3414 -0.5433 2.2648
13.2441 -0.6013 2.2649
13.1467 -0.6590 2.2649
13.0491 -0.7165 2.2649
12.9513 -0.7735 2.2648
12.8532 -0.8302 2.2647
12.7549 -0.8863 2.2645
12.6563 -0.9419 2.2643
12.5573 -0.9969 2.2641
12.4580 -1.0511 2.2638
12.3581 -1.1044 2.2634
12.2578 -1.1567 2.2630
12.1567 -1.2076 2.2626
12.0549 -1.2569 2.2620
11.9522 -1.3042 2.2612
11.8484 -1.3489 2.2604
11.7434 -1.3906 2.2593
11.6371 -1.4287 2.2578
11.5294 -1.4625 2.2563
11.4204 -1.4914 2.2543
11.3102 -1.5147 2.2518
11.1989 -1.5315 2.2490
11.0870 -1.5410 2.2457
10.9748 -1.5426 2.2418
10.8631 -1.5355 2.2374
10.7526 -1.5190 2.2324
10.6443 -1.4926 2.2270
10.5393 -1.4560 2.2210
10.4390 -1.4089 2.2147
10.3445 -1.3515 2.2081
10.2573 -1.2842 2.2014
10.1787 -1.2075 2.1947
10.1097 -1.1224 2.1881
10.0515 -1.0300 2.1817
10.0049 -0.9316 2.1757
9.9703 -0.8287 2.1701
9.9481 -0.7227 2.1650
9.9384 -0.6150 2.1604
9.9410 -0.5072 2.1561
9.9556 -0.4006 2.1521
9.9816 -0.2963 2.1486
10.0185 -0.1955 2.1457
10.0653 -0.0991 2.1434
10.1211 -0.0078 2.1417
10.1850 0.0781 2.1405
10.2558 0.1582 2.1396
10.3328 0.2324 2.1392
10.4150 0.3008 2.1390
10.5015 0.3636 2.1390
10.5917 0.4211 2.1392
10.6849 0.4736 2.1396
10.7805 0.5217 2.1401
10.8780 0.5658 2.1406
10.9770 0.6065 2.1412
11.0771 0.6444 2.1417
11.1781 0.6800 2.1423
11.2796 0.7141 2.1428
11.3815 0.7471 2.1432
11.4836 0.7798 2.1435
11.5857 0.8126 2.1437
11.6875 0.8461 2.1438
11.7889 0.8808 2.1437
11.8897 0.9172 2.1435
11.9896 0.9559 2.1432
12.0885 0.9972 2.1427
12.1860 1.0417 2.1420
12.2817 1.0895 2.1413
12.3755 1.1411 2.1404
12.4670 1.1967 2.1394
12.5557 1.2564 2.1384
12.6413 1.3203 2.1373
12.7236 1.3885 2.1362
12.8021 1.4609 2.1352
12.8765 1.5373 2.1341
12.9466 1.6177 2.1331
13.0121 1.7019 2.1322
13.0728 1.7895 2.1313
13.1286 1.8802 2.1305
13.1792 1.9739 2.1298
13.2247 2.0702 2.1292
13.2649 2.1687 2.1287
13.3000 2.2692 2.1283
13.3299 2.3713 2.1279
13.3546 2.4748 2.1277
13.3745 2.5793 2.1275
13.3894 2.6846 2.1274
13.3997 2.7904 2.1274
13.4054 2.8966 2.1274
13.4068 3.0030 2.1275
13.4040 3.1093 2.1277
13.3972 3.2155 2.1280
13.3867 3.3214 2.1283
13.3727 3.4269 2.1286
13.3554 3.5319 2.1290
13.3350 3.6364 2.1295
13.3116 3.7403 2.1300
13.2856 3.8435 2.1305
13.2570 3.9462 2.1312
13.2261 4.0481 2.1319
13.1931 4.1495 2.1326
13.1581 4.2503 2.1335
13.1214 4.3505 2.1344
13.0833 4.4502 2.1353
13.0438 4.5494 2.1362
13.0032 4.6482 2.1372
12.9616 4.7466 2.1382
12.9191 4.8448 2.1392
12.8760 4.9427 2.1402
12.8323 5.0404 2.1412
12.7881 5.1379 2.1422
12.7434 5.2353 2.1432
12.6985 5.3326 2.1442
12.6533 5.4298 2.1452
12.6078 5.5270 2.1462
12.5622 5.6242 2.1472
12.5163 5.7213 2.1481
12.4703 5.8184 2.1490
12.4242 5.9154 2.1499
12.3778 6.0124 2.1508
12.3312 6.1094 2.1517
12.2844 6.2062 2.1525
12.2372 6.3030 2.1533
12.1896 6.3996 2.1540
12.1416 6.4960 2.1548
12.0930 6.5922 2.1555
12.0439 6.6881 2.1561
11.9940 6.7837 2.1568
11.9433 6.8789 2.1574
11.8917 6.9737 2.1579
11.8390 7.0679 2.1584
11.7852 7.1614 2.1589
11.7301 7.2543 2.1594
11.6736 7.3463 2.1598
11.6156 7.4373 2.1601
11.5559 7.5274 2.1604
11.4944 7.6162 2.1607
11.4311 7.7038 2.1610
11.3660 7.7900 2.1612
11.2989 7.8747 2.1613
11.2297 7.9577 2.1614
11.1582 8.0387 2.1614
11.0844 8.1177 2.1615
11.0082 8.1943 2.1615
10.9296 8.2685 2.1614
10.8486 8.3400 2.1614
10.7652 8.4087 2.1613
10.6794 8.4744 2.1613
10.5913 8.5370 2.1613
10.5010 8.5963 2.1612
10.4085 8.6522 2.1612
10.3141 8.7047 2.1612
10.2177 8.7536 2.1613
10.1196 8.7988 2.1613
10.0198 8.8404 2.1614
9.9186 8.8783 2.1616
9.8161 8.9125 2.1617
9.7124 8.9430 2.1620
9.6077 8.9698 2.1622
9.5021 8.9931 2.1625
9.3958 9.0127 2.1629
9.2888 9.0289 2.1632
