x y
16.6688 -1.1233
16.7035 -1.0464
16.7321 -0.9673
16.7541 -0.8875
16.7694 -0.8073
16.7780 -0.7271
16.7801 -0.6472
16.7757 -0.5679
16.7648 -0.4897
16.7477 -0.4130
16.7243 -0.3380
16.6949 -0.2652
16.6596 -0.1949
16.6185 -0.1275
16.5719 -0.0633
16.5199 -0.0026
16.4627 0.0542
16.4006 0.1069
16.3338 0.1551
16.2627 0.1988
16.1878 0.2374
16.1103 0.2706
16.0307 0.2985
15.9495 0.3210
15.8670 0.3384
15.7836 0.3508
15.6996 0.3584
15.6153 0.3614
15.5310 0.3600
15.4469 0.3545
15.3631 0.3450
15.2798 0.3320
15.1970 0.3156
15.1150 0.2961
15.0336 0.2739
14.9530 0.2491
14.8731 0.2220
14.7940 0.1928
14.7155 0.1618
14.6378 0.1291
14.5607 0.0948
14.4842 0.0593
14.4082 0.0226
14.3327 -0.0150
14.2577 -0.0535
14.1830 -0.0927
14.1086 -0.1326
14.0345 -0.1729
13.9607 -0.2136
13.8870 -0.2547
13.8134 -0.2960
13.7400 -0.3375
13.6666 -0.3791
13.5932 -0.4207
13.5198 -0.4623
13.4464 -0.5039
13.3730 -0.5454
13.2995 -0.5868
13.2259 -0.6280
13.1522 -0.6690
13.0783 -0.7098
13.0043 -0.7504
12.9302 -0.7906
12.8559 -0.8306
12.7815 -0.8702
12.7068 -0.9094
12.6319 -0.9483
12.5568 -0.9867
12.4814 -1.0246
12.4058 -1.0620
12.3299 -1.0988
12.2537 -1.1350
12.1772 -1.1705
12.1003 -1.2051
12.0229 -1.2388
11.9451 -1.2714
11.8668 -1.3028
11.7880 -1.3329
11.7086 -1.3614
11.6287 -1.3882
11.5480 -1.4130
11.4668 -1.4356
11.3848 -1.4556
11.3023 -1.4728
11.2191 -1.4868
11.1354 -1.4972
11.0513 -1.5038
10.9671 -1.5060
10.8828 -1.5036
10.7988 -1.4962
10.7155 -1.4833
10.6332 -1.4647
10.5526 -1.4401
10.4752 -1.4098
10.4022 -1.3742
10.3336 -1.3335
10.2698 -1.2880
10.2109 -1.2380
10.1571 -1.1837
10.1087 -1.1255
10.0659 -1.0638
10.0289 -0.9989
9.9979 -0.9311
9.9729 -0.8610
9.9540 -0.7889
9.9415 -0.7152
9.9353 -0.6404
9.9355 -0.5647
9.9423 -0.4887
9.9556 -0.4127
9.9753 -0.3372
10.0013 -0.2624
10.0336 -0.1887
10.0722 -0.1163
10.1169 -0.0456
10.1670 0.0222
10.2216 0.0864
10.2803 0.1470
10.3426 0.2039
10.4081 0.2571
10.4763 0.3067
10.5468 0.3529
10.6194 0.3958
10.6938 0.4356
10.7696 0.4727
10.8465 0.5072
10.9245 0.5394
11.0032 0.5697
11.0825 0.5984
11.1623 0.6258
11.2424 0.6522
11.3228 0.6778
11.4033 0.7031
11.4838 0.7283
11.5642 0.7537
11.6445 0.7796
11.7245 0.8063
11.8041 0.8342
11.8833 0.8634
11.9618 0.8942
12.0396 0.9268
12.1165 0.9614
12.1924 0.9982
12.2671 1.0374
12.3405 1.0790
12.4124 1.1231
12.4825 1.1699
12.5509 1.2194
12.6172 1.2715
12.6813 1.3263
12.7430 1.3838
12.8022 1.4438
12.8588 1.5064
12.9125 1.5714
12.9634 1.6386
13.0113 1.7080
13.0562 1.7794
13.0980 1.8527
13.1367 1.9276
13.1722 2.0041
13.2045 2.0820
13.2337 2.1612
13.2597 2.2414
13.2827 2.3225
13.3025 2.4045
13.3193 2.4872
13.3332 2.5704
13.3441 2.6540
13.3523 2.7379
13.3577 2.8221
13.3604 2.9064
13.3606 2.9908
13.3583 3.0751
13.3536 3.1593
13.3466 3.2434
13.3375 3.3272
13.3263 3.4108
13.3130 3.4941
13.2979 3.5771
13.2811 3.6598
13.2626 3.7421
13.2425 3.8240
13.2210 3.9056
13.1981 3.9867
13.1739 4.0676
13.1486 4.1480
13.1222 4.2281
13.0948 4.3079
13.0664 4.3874
13.0373 4.4665
13.0074 4.5454
12.9769 4.6241
12.9457 4.7025
12.9141 4.7806
12.8819 4.8586
12.8493 4.9364
12.8164 5.0141
12.7831 5.0916
12.7496 5.1690
12.7159 5.2463
12.6819 5.3236
12.6478 5.4007
12.6136 5.4778
12.5792 5.5549
12.5447 5.6319
12.5102 5.7088
12.4755 5.7857
12.4408 5.8626
12.4059 5.9394
12.3710 6.0162
12.3359 6.0929
12.3007 6.1696
12.2653 6.2461
12.2296 6.3226
12.1937 6.3989
12.1576 6.4751
12.1211 6.5512
12.0842 6.6270
12.0469 6.7027
12.0091 6.7781
11.9707 6.8533
11.9318 6.9281
11.8922 7.0026
11.8518 7.0766
11.8106 7.1502
11.7685 7.2234
11.7255 7.2959
11.6815 7.3679
11.6364 7.4392
11.5902 7.5097
11.5428 7.5795
11.4941 7.6484
11.4441 7.7164
11.3928 7.7833
11.3402 7.8492
11.2861 7.9139
11.2306 7.9775
11.1736 8.0397
11.1152 8.1005
11.0553 8.1599
10.9939 8.2177
10.9310 8.2739
10.8667 8.3285
10.8009 8.3813
10.7337 8.4323
10.6651 8.4813
10.5951 8.5284
10.5238 8.5735
10.4513 8.6166
10.3775 8.6575
10.3026 8.6962
10.2266 8.7327
10.1495 8.7669
10.0714 8.7989
9.9925 8.8286
9.9127 8.8559
9.8321 8.8809
9.7509 8.9036
9.6691 8.9241
9.5867 8.9425
9.5040 8.9590
9.4210 8.9739
9.3377 8.9873
9.2542 8.9990
9.1704 9.0086
9.0864 9.0163
9.0022 9.0217
8.9179 9.0249
8.8336 9.0259
8.7492 9.0247
8.6649 9.0216
8.5807 9.0166
8.4966 9.0100
8.4127 9.0016
8.3289 8.9917
8.2453 8.9803
8.1620 8.9675
8.0788 8.9534
7.9959 8.9380
7.9131 8.9214
7.8307 8.9038
7.7484 8.8851
7.6663 8.8656
7.5845 8.8451
7.5028 8.8239
7.4214 8.8020
7.3401 8.7795
7.2589 8.7564
7.1779 8.7329
7.0971 8.7089
7.0163 8.6845
6.9356 8.6599
6.8550 8.6350
6.7745 8.6100
6.6939 8.5849
6.6134 8.5596
6.5329 8.5344
6.4524 8.5092
6.3719 8.4840
6.2914 8.4590
6.2108 8.4340
6.1301 8.4093
6.0494 8.3847
5.9687 8.3604
5.8878 8.3362
5.8069 8.3124
5.7259 8.2889
5.6448 8.2656
5.5636 8.2427
5.4824 8.2201
5.4010 8.1978
5.3195 8.1759
5.2380 8.1543
5.1564 8.1330
5.0747 8.1121
4.9929 8.0915
4.9110 8.0712
4.8290 8.0512
4.7470 8.0314
4.6649 8.0120
4.5828 7.9928
4.5006 7.9738
4.4184 7.9549
4.3361 7.9363
4.2538 7.9178
4.1715 7.8994
4.0891 7.8811
4.0067 7.8629
3.9244 7.8446
3.8420 7.8264
3.7597 7.8080
3.6774 7.7896
3.5951 7.7710
3.5129 7.7522
3.4307 7.7331
3.3486 7.7138
3.2665 7.6942
3.1846 7.6742
3.1027 7.6537
3.0210 7.6328
2.9394 7.6114
2.8580 7.5894
2.7767 7.5668
2.6956 7.5436
2.6147 7.5196
2.5341 7.4949
2.4536 7.4695
2.3735 7.4432
2.2936 7.4160
2.2141 7.3879
2.1349 7.3589
2.0560 7.3289
1.9776 7.2979
1.8996 7.2658
1.8220 7.2326
1.7450 7.1983
1.6684 7.1628
1.5924 7.1262
1.5170 7.0884
1.4422 7.0495
1.3680 7.0093
1.2945 6.9679
1.2217 6.9252
1.1497 6.8814
1.0784 6.8363
1.0078 6.7901
0.9381 6.7426
0.8692 6.6939
0.8011 6.6441
0.7339 6.5932
0.6675 6.5411
0.6020 6.4879
0.5375 6.4337
0.4738 6.3783
0.4110 6.3220
0.3492 6.2646
0.2884 6.2061
0.2285 6.1467
0.1697 6.0863
0.1119 6.0248
0.0552 5.9623
-0.0004 5.8989
-0.0548 5.8344
-0.1079 5.7689
-0.1598 5.7024
-0.2104 5.6349
-0.2596 5.5664
-0.3075 5.4969
-0.3540 5.4265
-0.3990 5.3552
-0.4425 5.2829
-0.4845 5.2098
-0.5250 5.1358
-0.5639 5.0609
-0.6013 4.9853
-0.6371 4.9089
-0.6714 4.8319
-0.7040 4.7541
-0.7352 4.6757
-0.7647 4.5967
-0.7928 4.5171
-0.8193 4.4370
-0.8442 4.3565
-0.8678 4.2755
-0.8898 4.1940
-0.9104 4.1122
-0.9296 4.0301
-0.9474 3.9476
-0.9637 3.8649
-0.9787 3.7819
-0.9923 3.6986
-1.0045 3.6151
-1.0153 3.5315
-1.0247 3.4476
-1.0326 3.3637
-1.0392 3.2796
-1.0443 3.1954
-1.0481 3.1111
-1.0504 3.0268
-1.0514 2.9424
-1.0510 2.8581
-1.0492 2.7737
-1.0461 2.6894
-1.0416 2.6052
-1.0359 2.5210
-1.0288 2.4370
-1.0205 2.3530
-1.0110 2.2692
-1.0003 2.1855
-0.9884 2.1020
-0.9754 2.0187
-0.9613 1.9355
-0.9461 1.8525
-0.9300 1.7697
-0.9129 1.6871
-0.8948 1.6047
-0.8759 1.5225
-0.8561 1.4405
-0.8355 1.3587
-0.8142 1.2771
-0.7921 1.1957
-0.7694 1.1144
-0.7461 1.0334
-0.7221 0.9525
-0.6976 0.8717
-0.6726 0.7912
-0.6471 0.7108
-0.6212 0.6305
-0.5950 0.5503
-0.5683 0.4703
-0.5414 0.3903
-0.5141 0.3105
-0.4867 0.2307
-0.4590 0.1511
-0.4311 0.0714
-0.4031 -0.0081
-0.3749 -0.0877
-0.3467 -0.1671
-0.3184 -0.2466
-0.2900 -0.3261
-0.2616 -0.4055
-0.2333 -0.4849
-0.2049 -0.5644
-0.1765 -0.6438
-0.1482 -0.7233
-0.1199 -0.8028
-0.0917 -0.8823
-0.0636 -0.9618
-0.0355 -1.0413
-0.0075 -1.1209
0.0204 -1.2005
0.0483 -1.2801
0.0761 -1.3598
0.1038 -1.4394
0.1316 -1.5191
0.1593 -1.5988
0.1870 -1.6785
0.2147 -1.7581
0.2425 -1.8378
0.2703 -1.9174
0.2983 -1.9970
0.3264 -2.0765
0.3547 -2.1560
0.3832 -2.2354
0.4120 -2.3147
0.4411 -2.3939
0.4705 -2.4729
0.5004 -2.5518
0.5308 -2.6305
0.5616 -2.7090
0.5931 -2.7873
0.6253 -2.8653
0.6581 -2.9430
0.6918 -3.0203
0.7263 -3.0973
0.7618 -3.1738
0.7982 -3.2499
0.8357 -3.3255
0.8743 -3.4005
0.9142 -3.4748
0.9553 -3.5485
0.9977 -3.6214
1.0415 -3.6935
1.0868 -3.7647
1.1336 -3.8349
1.1819 -3.9040
1.2318 -3.9720
1.2834 -4.0388
1.3367 -4.1042
1.3917 -4.1681
1.4485 -4.2305
1.5070 -4.2912
1.5674 -4.3501
1.6296 -4.4071
1.6937 -4.4620
1.7596 -4.5147
1.8273 -4.5650
1.8968 -4.6127
1.9682 -4.6577
2.0413 -4.6998
2.1161 -4.7389
2.1925 -4.7746
2.2704 -4.8070
2.3497 -4.8358
2.4302 -4.8608
2.5119 -4.8819
2.5945 -4.8989
2.6779 -4.9117
2.7618 -4.9201
2.8461 -4.9241
2.9304 -4.9235
3.0146 -4.9182
3.0984 -4.9083
3.1814 -4.8938
3.2636 -4.8747
3.3445 -4.8509
3.4240 -4.8227
3.5017 -4.7900
3.5775 -4.7530
3.6511 -4.7118
3.7223 -4.6666
3.7909 -4.6175
3.8567 -4.5648
3.9195 -4.5085
3.9793 -4.4491
4.0359 -4.3865
4.0892 -4.3212
4.1392 -4.2532
4.1857 -4.1829
4.2288 -4.1104
4.2684 -4.0360
4.3046 -3.9598
4.3373 -3.8820
4.3667 -3.8030
4.3927 -3.7227
4.4154 -3.6415
4.4349 -3.5595
4.4512 -3.4767
4.4645 -3.3934
4.4748 -3.3097
4.4821 -3.2257
4.4867 -3.1415
4.4886 -3.0571
4.4879 -2.9728
4.4848 -2.8885
4.4792 -2.8043
4.4713 -2.7203
4.4613 -2.6366
4.4491 -2.5531
4.4350 -2.4700
4.4190 -2.3872
4.4012 -2.3047
4.3817 -2.2226
4.3606 -2.1409
4.3381 -2.0597
4.3141 -1.9788
4.2889 -1.8983
4.2624 -1.8182
4.2348 -1.7385
4.2061 -1.6592
4.1764 -1.5802
4.1459 -1.5016
4.1145 -1.4233
4.0824 -1.3453
4.0496 -1.2675
4.0163 -1.1900
3.9824 -1.1128
3.9482 -1.0357
3.9135 -0.9588
3.8785 -0.8820
3.8433 -0.8054
3.8079 -0.7288
3.7724 -0.6523
3.7368 -0.5758
3.7013 -0.4993
3.6659 -0.4227
3.6306 -0.3461
3.5955 -0.2694
3.5607 -0.1925
3.5262 -0.1156
3.4921 -0.0384
3.4585 0.0390
3.4254 0.1166
3.3928 0.1944
3.3609 0.2725
3.3298 0.3509
3.2993 0.4295
3.2697 0.5085
3.2410 0.5878
3.2132 0.6675
3.1864 0.7475
3.1607 0.8278
3.1361 0.9085
3.1126 0.9895
3.0904 1.0709
3.0695 1.1526
3.0499 1.2347
3.0317 1.3171
3.0150 1.3997
2.9997 1.4827
2.9860 1.5659
2.9739 1.6494
2.9635 1.7331
2.9547 1.8170
2.9477 1.9011
2.9425 1.9853
2.9391 2.0695
2.9377 2.1539
2.9382 2.2382
2.9407 2.3225
2.9453 2.4068
2.9520 2.4908
2.9608 2.5747
2.9718 2.6584
2.9851 2.7417
3.0007 2.8245
3.0186 2.9070
3.0390 2.9888
3.0619 3.0700
3.0873 3.1504
3.1152 3.2300
3.1457 3.3086
3.1789 3.3862
3.2147 3.4626
3.2532 3.5376
3.2944 3.6112
3.3383 3.6832
3.3849 3.7535
3.4343 3.8218
3.4864 3.8882
3.5412 3.9523
3.5986 4.0140
3.6587 4.0732
3.7213 4.1298
3.7863 4.1835
3.8537 4.2342
3.9233 4.2817
3.9951 4.3260
4.0689 4.3668
4.1445 4.4040
4.2219 4.4375
4.3008 4.4672
4.3811 4.4930
4.4626 4.5148
4.5450 4.5325
4.6283 4.5461
4.7121 4.5554
4.7962 4.5606
4.8806 4.5616
4.9648 4.5583
5.0488 4.5509
5.1323 4.5393
5.2152 4.5237
5.2972 4.5040
5.3782 4.4804
5.4579 4.4529
5.5363 4.4218
5.6131 4.3871
5.6883 4.3489
5.7617 4.3074
5.8333 4.2627
5.9028 4.2150
5.9703 4.1644
6.0356 4.1110
6.0987 4.0551
6.1596 3.9967
6.2182 3.9361
6.2745 3.8733
6.3285 3.8085
