x y v
9.0743 9.0608 2.1230
8.9684 9.0671 2.1234
8.8623 9.0703 2.1237
8.7561 9.0705 2.1241
8.6499 9.0676 2.1245
8.5438 9.0619 2.1250
8.4379 9.0534 2.1255
8.3322 9.0422 2.1260
8.2268 9.0284 2.1266
8.1217 9.0122 2.1272
8.0169 8.9937 2.1278
7.9126 8.9730 2.1284
7.8086 8.9503 2.1291
7.7050 8.9258 2.1299
7.6018 8.8995 2.1306
7.4989 8.8717 2.1314
7.3964 8.8425 2.1322
7.2942 8.8121 2.1331
7.1922 8.7807 2.1339
7.0905 8.7483 2.1348
6.9891 8.7152 2.1357
6.8877 8.6814 2.1366
6.7865 8.6472 2.1375
6.6853 8.6127 2.1385
6.5841 8.5781 2.1395
6.4829 8.5434 2.1406
6.3815 8.5090 2.1416
6.2800 8.4748 2.1428
6.1783 8.4409 2.1439
6.0764 8.4076 2.1451
5.9743 8.3747 2.1463
5.8719 8.3424 2.1475
5.7693 8.3107 2.1488
5.6664 8.2796 2.1500
5.5633 8.2492 2.1513
5.4599 8.2194 2.1526
5.3563 8.1901 2.1539
5.2525 8.1615 2.1552
5.1484 8.1335 2.1565
5.0441 8.1060 2.1578
4.9396 8.0790 2.1592
4.8349 8.0524 2.1605
4.7301 8.0263 2.1618
4.6251 8.0005 2.1630
4.5199 7.9750 2.1643
4.4147 7.9498 2.1656
4.3093 7.9248 2.1668
4.2038 7.8999 2.1680
4.0982 7.8751 2.1692
3.9926 7.8504 2.1703
3.8870 7.8256 2.1714
3.7813 7.8006 2.1726
3.6755 7.7755 2.1736
3.5698 7.7502 2.1747
3.4641 7.7245 2.1757
3.3585 7.6984 2.1768
3.2530 7.6718 2.1778
3.1475 7.6446 2.1787
3.0422 7.6167 2.1797
2.9370 7.5881 2.1806
2.8320 7.5586 2.1815
2.7272 7.5281 2.1824
2.6227 7.4965 2.1833
2.5186 7.4638 2.1841
2.4148 7.4299 2.1849
2.3113 7.3946 2.1857
2.2084 7.3579 2.1865
2.1060 7.3197 2.1872
2.0041 7.2798 2.1880
1.9029 7.2383 2.1887
1.8023 7.1951 2.1894
1.7025 7.1500 2.1901
1.6035 7.1032 2.1907
1.5054 7.0544 2.1914
1.4082 7.0038 2.1920
1.3120 6.9513 2.1926
1.2169 6.8968 2.1932
1.1228 6.8403 2.1938
1.0300 6.7819 2.1944
0.9383 6.7216 2.1950
0.8480 6.6593 2.1955
0.7589 6.5950 2.1960
0.6713 6.5289 2.1966
0.5851 6.4608 2.1971
0.5004 6.3908 2.1976
0.4173 6.3189 2.1981
0.3358 6.2452 2.1985
0.2560 6.1696 2.1990
0.1779 6.0922 2.1994
0.1016 6.0129 2.1999
0.0273 5.9318 2.2003
-0.0451 5.8490 2.2007
-0.1155 5.7644 2.2011
-0.1837 5.6780 2.2015
-0.2498 5.5900 2.2019
-0.3135 5.5002 2.2023
-0.3750 5.4088 2.2027
-0.4340 5.3158 2.2031
-0.4906 5.2213 2.2035
-0.5447 5.1253 2.2039
-0.5962 5.0279 2.2043
-0.6451 4.9291 2.2047
-0.6914 4.8290 2.2052
-0.7350 4.7278 2.2056
-0.7759 4.6254 2.2061
-0.8142 4.5219 2.2066
-0.8499 4.4175 2.2071
-0.8829 4.3122 2.2076
-0.9133 4.2061 2.2081
-0.9410 4.0992 2.2087
-0.9662 3.9917 2.2092
-0.9889 3.8835 2.2098
-1.0090 3.7749 2.2104
-1.0266 3.6658 2.2110
-1.0418 3.5562 2.2115
-1.0545 3.4464 2.2122
-1.0648 3.3362 2.2128
-1.0727 3.2259 2.2134
-1.0782 3.1153 2.2140
-1.0815 3.0047 2.2147
-1.0823 2.8939 2.2153
-1.0808 2.7832 2.2160
-1.0769 2.6724 2.2166
-1.0705 2.5617 2.2174
-1.0616 2.4512 2.2181
-1.0504 2.3409 2.2190
-1.0368 2.2307 2.2198
-1.0209 2.1209 2.2208
-1.0030 2.0113 2.2217
-0.9830 1.9020 2.2227
-0.9611 1.7930 2.2238
-0.9374 1.6843 2.2248
-0.9121 1.5760 2.2259
-0.8852 1.4679 2.2270
-0.8569 1.3602 2.2281
-0.8274 1.2528 2.2292
-0.7966 1.1456 2.2303
-0.7649 1.0387 2.2315
-0.7321 0.9320 2.2326
-0.6986 0.8255 2.2337
-0.6643 0.7192 2.2348
-0.6293 0.6130 2.2359
-0.5937 0.5070 2.2369
-0.5577 0.4011 2.2380
-0.5212 0.2953 2.2390
-0.4843 0.1896 2.2400
-0.4471 0.0839 2.2410
-0.4097 -0.0217 2.2419
-0.3721 -0.1274 2.2428
-0.3342 -0.2329 2.2437
-0.2963 -0.3385 2.2446
-0.2583 -0.4442 2.2455
-0.2202 -0.5498 2.2463
-0.1820 -0.6555 2.2471
-0.1439 -0.7612 2.2478
-0.1058 -0.8669 2.2486
-0.0677 -0.9727 2.2493
-0.0296 -1.0785 2.2499
0.0085 -1.1844 2.2506
0.0465 -1.2903 2.2512
0.0846 -1.3963 2.2518
0.1226 -1.5023 2.2524
0.1607 -1.6083 2.2529
0.1989 -1.7142 2.2534
0.2372 -1.8202 2.2539
0.2757 -1.9262 2.2543
0.3144 -2.0320 2.2548
0.3534 -2.1378 2.2551
0.3928 -2.2435 2.2555
0.4326 -2.3490 2.2558
0.4729 -2.4543 2.2561
0.5139 -2.5594 2.2563
0.5557 -2.6643 2.2566
0.5983 -2.7687 2.2567
0.6419 -2.8728 2.2569
0.6866 -2.9764 2.2570
0.7326 -3.0795 2.2570
0.7800 -3.1819 2.2570
0.8290 -3.2835 2.2570
0.8797 -3.3843 2.2568
0.9324 -3.4841 2.2567
0.9871 -3.5828 2.2564
1.0440 -3.6802 2.2561
1.1034 -3.7761 2.2557
1.1653 -3.8703 2.2553
1.2300 -3.9627 2.2547
1.2976 -4.0529 2.2540
1.3683 -4.1406 2.2533
1.4421 -4.2257 2.2524
1.5192 -4.3078 2.2515
1.5997 -4.3865 2.2504
1.6835 -4.4615 2.2492
1.7707 -4.5324 2.2479
1.8614 -4.5988 2.2464
1.9553 -4.6603 2.2449
2.0523 -4.7166 2.2432
2.1524 -4.7671 2.2414
2.2552 -4.8116 2.2396
2.3604 -4.8497 2.2376
2.4678 -4.8810 2.2356
2.5768 -4.9052 2.2336
2.6871 -4.9221 2.2314
2.7982 -4.9314 2.2293
2.9096 -4.9330 2.2272
3.0207 -4.9267 2.2250
3.1307 -4.9118 2.2116
3.2361 -4.8815 2.1846
3.3355 -4.8364 2.1894
3.4337 -4.7871 2.2033
3.5328 -4.7390 2.2017
3.6292 -4.6860 2.1995
3.7225 -4.6279 2.1978
3.8124 -4.5647 2.1960
3.8983 -4.4964 2.1942
3.9798 -4.4231 2.1925
4.0565 -4.3449 2.1909
4.1281 -4.2620 2.1894
4.1943 -4.1749 2.1880
4.2549 -4.0839 2.1867
4.3097 -3.9893 2.1856
4.3585 -3.8916 2.1846
4.4015 -3.7912 2.1838
4.4386 -3.6885 2.1831
4.4698 -3.5840 2.1825
4.4954 -3.4779 2.1820
4.5154 -3.3707 2.1816
4.5300 -3.2626 2.1813
4.5394 -3.1540 2.1811
4.5439 -3.0450 2.1810
4.5437 -2.9360 2.1810
4.5390 -2.8271 2.1810
4.5300 -2.7184 2.1811
4.5170 -2.6101 2.1812
4.5003 -2.5023 2.1814
4.4799 -2.3952 2.1815
4.4561 -2.2887 2.1818
4.4292 -2.1830 2.1822
4.3993 -2.0781 2.1827
4.3667 -1.9739 2.1832
4.3316 -1.8705 2.1838
4.2945 -1.7678 2.1844
4.2554 -1.6658 2.1851
4.2147 -1.5644 2.1858
4.1726 -1.4636 2.1865
4.1292 -1.3632 2.1872
4.0849 -1.2632 2.1880
4.0397 -1.1635 2.1887
3.9939 -1.0641 2.1894
3.9476 -0.9649 2.1901
3.9010 -0.8658 2.1909
3.8543 -0.7667 2.1916
3.8075 -0.6676 2.1923
3.7607 -0.5684 2.1929
3.7142 -0.4691 2.1936
3.6680 -0.3697 2.1942
3.6222 -0.2699 2.1948
3.5769 -0.1700 2.1954
3.5323 -0.0697 2.1960
3.4884 0.0310 2.1965
3.4453 0.1320 2.1970
3.4033 0.2335 2.1974
3.3623 0.3355 2.1979
3.3226 0.4380 2.1983
3.2841 0.5409 2.1986
3.2471 0.6445 2.1989
3.2117 0.7486 2.1992
3.1780 0.8532 2.1994
3.1460 0.9585 2.1996
3.1160 1.0643 2.1998
3.0881 1.1707 2.1999
3.0623 1.2776 2.2000
3.0388 1.3851 2.2001
3.0178 1.4930 2.2001
2.9993 1.6015 2.2001
2.9835 1.7103 2.2000
2.9704 1.8195 2.1999
2.9603 1.9291 2.1997
2.9532 2.0388 2.1995
2.9493 2.1487 2.1993
2.9487 2.2587 2.1990
2.9515 2.3686 2.1987
2.9579 2.4783 2.1983
2.9680 2.5877 2.1978
2.9818 2.6967 2.1973
2.9996 2.8051 2.1968
3.0215 2.9127 2.1962
3.0475 3.0194 2.1955
3.0778 3.1249 2.1948
3.1124 3.2290 2.1940
3.1515 3.3315 2.1931
3.1952 3.4320 2.1922
3.2434 3.5304 2.1912
3.2963 3.6263 2.1902
3.3537 3.7195 2.1891
3.4159 3.8096 2.1879
3.4826 3.8962 2.1867
3.5538 3.9791 2.1854
3.6294 4.0579 2.1841
3.7093 4.1323 2.1827
3.7932 4.2020 2.1813
3.8811 4.2666 2.1799
3.9725 4.3257 2.1784
4.0673 4.3793 2.1769
4.1651 4.4269 2.1755
4.2657 4.4684 2.1740
4.3685 4.5035 2.1725
4.4732 4.5321 2.1711
4.5795 4.5540 2.1697
4.6868 4.5693 2.1683
4.7949 4.5777 2.1669
4.9031 4.5794 2.1656
5.0112 4.5743 2.1644
5.1159 4.5620 2.0374
5.2131 4.5358 2.0067
5.3058 4.4975 2.0137
5.3984 4.4570 2.0254
5.4919 4.4181 2.0250
5.5840 4.3761 2.0247
5.6747 4.3312 2.0243
5.7637 4.2830 2.0237
5.8508 4.2315 2.0232
5.9356 4.1765 2.0226
6.0181 4.1180 2.0221
6.0979 4.0559 2.0216
6.1749 3.9904 2.0211
6.2488 3.9216 2.0207
6.3196 3.8495 2.0204
6.3871 3.7743 2.0201
6.4511 3.6963 2.0199
6.5117 3.6155 2.0197
6.5688 3.5321 2.0196
6.6223 3.4465 2.0196
6.6722 3.3588 2.0197
6.7187 3.2691 2.0197
6.7617 3.1778 2.0199
6.8013 3.0849 2.0201
6.8377 2.9906 2.0203
6.8707 2.8952 2.0206
6.9006 2.7986 2.0209
6.9273 2.7012 2.0213
6.9510 2.6029 2.0217
6.9719 2.5040 2.0223
6.9901 2.4045 2.0229
7.0059 2.3046 2.0236
7.0194 2.2043 2.0244
7.0310 2.1038 2.0252
7.0408 2.0030 2.0260
7.0491 1.9020 2.0268
7.0561 1.8009 2.0276
7.0620 1.6996 2.0285
7.0670 1.5983 2.0293
7.0713 1.4969 2.0301
7.0750 1.3955 2.0310
7.0785 1.2940 2.0318
7.0817 1.1924 2.0326
7.0850 1.0908 2.0334
7.0883 0.9892 2.0341
7.0919 0.8875 2.0349
7.0959 0.7858 2.0356
7.1004 0.6841 2.0364
7.1055 0.5824 2.0370
7.1114 0.4807 2.0377
7.1182 0.3790 2.0383
7.1260 0.2774 2.0389
7.1350 0.1758 2.0395
7.1452 0.0744 2.0400
7.1568 -0.0270 2.0405
7.1700 -0.1282 2.0410
7.1848 -0.2292 2.0415
7.2013 -0.3299 2.0419
7.2197 -0.4303 2.0423
7.2401 -0.5304 2.0427
7.2626 -0.6300 2.0430
7.2873 -0.7291 2.0433
7.3142 -0.8277 2.0436
7.3435 -0.9256 2.0438
7.3753 -1.0227 2.0441
7.4095 -1.1190 2.0443
7.4464 -1.2144 2.0445
7.4858 -1.3087 2.0447
7.5280 -1.4018 2.0449
7.5728 -1.4937 2.0450
7.6203 -1.5842 2.0451
7.6706 -1.6733 2.0453
7.7236 -1.7607 2.0454
7.7794 -1.8464 2.0455
7.8379 -1.9304 2.0456
7.8991 -2.0123 2.0457
7.9629 -2.0922 2.0458
8.0293 -2.1700 2.0459
8.0983 -2.2455 2.0460
8.1698 -2.3187 2.0461
8.2438 -2.3894 2.0462
8.3201 -2.4576 2.0464
8.3986 -2.5232 2.0465
8.4793 -2.5861 2.0467
8.5621 -2.6462 2.0468
8.6469 -2.7035 2.0470
8.7335 -2.7580 2.0472
8.8219 -2.8097 2.0474
8.9119 -2.8584 2.0476
9.0035 -2.9041 2.0479
9.0965 -2.9470 2.0481
9.1908 -2.9868 2.0484
9.2864 -3.0238 2.0487
9.3830 -3.0578 2.0491
9.4806 -3.0890 2.0494
9.5791 -3.1172 2.0498
9.6784 -3.1426 2.0502
9.7784 -3.1653 2.0506
9.8790 -3.1851 2.0510
9.9801 -3.2022 2.0514
10.0817 -3.2165 2.0518
10.1836 -3.2280 2.0523
10.2859 -3.2366 2.0528
10.3884 -3.2424 2.0534
10.4910 -3.2455 2.0540
10.5937 -3.2460 2.0547
10.6965 -3.2439 2.0554
10.7986 -3.2403 2.0298
10.8998 -3.2421 2.0257
10.9983 -3.2414 1.9027
11.0955 -3.2445 2.0099
11.1937 -3.2450 1.8990
11.2881 -3.2492 1.8925
11.3827 -3.2491 1.8911
11.4766 -3.2389 1.8914
11.5695 -3.2227 1.8755
11.6584 -3.1946 1.8689
11.7468 -3.1632 1.8823
11.8369 -3.1357 1.8845
11.9274 -3.1093 1.8856
12.0178 -3.0826 1.8867
12.1082 -3.0553 1.8876
12.1984 -3.0275 1.8886
12.2885 -2.9993 1.8896
12.3786 -2.9708 1.8906
12.4687 -2.9421 1.8915
12.5588 -2.9133 1.8924
12.6489 -2.8843 1.8933
12.7390 -2.8552 1.8941
12.8292 -2.8261 1.8950
12.9194 -2.7970 1.8958
13.0096 -2.7678 1.8965
13.0998 -2.7387 1.8973
13.1902 -2.7097 1.8980
13.2805 -2.6807 1.8987
13.3710 -2.6518 1.8994
13.4615 -2.6229 1.9000
13.5521 -2.5942 1.9006
13.6427 -2.5656 1.9012
13.7334 -2.5372 1.9017
13.8242 -2.5089 1.9022
13.9150 -2.4807 1.9027
14.0060 -2.4526 1.9032
14.0969 -2.4247 1.9036
14.1880 -2.3968 1.9040
14.2791 -2.3691 1.9043
14.3702 -2.3415 1.9046
14.4613 -2.3139 1.9049
14.5525 -2.2863 1.9052
14.6437 -2.2588 1.9054
14.7349 -2.2311 1.9056
14.8260 -2.2034 1.9058
14.9171 -2.1754 1.9059
15.0082 -2.1472 1.9060
15.0991 -2.1186 1.9061
15.1898 -2.0895 1.9061
15.2804 -2.0598 1.9061
15.3706 -2.0292 1.9061
15.4606 -1.9977 1.9059
15.5501 -1.9649 1.9057
15.6390 -1.9307 1.9055
15.7272 -1.8947 1.9051
15.8146 -1.8568 1.9046
15.9008 -1.8165 1.9040
15.9857 -1.7735 1.9032
16.0690 -1.7275 1.9022
16.1503 -1.6783 1.9009
16.2293 -1.6254 1.8995
16.3054 -1.5686 1.8978
16.3782 -1.5078 1.8959
16.4471 -1.4428 1.8937
16.5115 -1.3736 1.8913
16.5709 -1.3001 1.8887
16.6247 -1.2226 1.8860
16.6722 -1.1412 1.8830
16.7128 -1.0564 1.8800
16.7461 -0.9686 1.8770
16.7716 -0.8784 1.8739
16.7889 -0.7864 1.8709
16.7978 -0.6934 1.8679
16.7981 -0.6001 1.8650
16.7898 -0.5073 1.8623
16.7729 -0.4158 1.8597
16.7476 -0.3264 1.8573
16.7142 -0.2399 1.8551
16.6730 -0.1569 1.8531
16.6246 -0.0780 1.8512
16.5694 -0.0037 1.8496
16.5080 0.0654 1.8482
16.4411 0.1290 1.8469
16.3691 0.1867 1.8457
16.2928 0.2385 1.8448
16.2126 0.2841 1.8440
16.1293 0.3235 1.8433
16.0434 0.3567 1.8428
15.9554 0.3838 1.8424
15.8657 0.4048 1.8420
15.7749 0.4201 1.8420
15.6833 0.4297 1.8417
15.5914 0.4339 1.8416
15.4993 0.4329 1.8417
15.4074 0.4270 1.8418
15.3159 0.4165 1.8420
15.2251 0.4016 1.8421
15.1350 0.3826 1.8422
15.0458 0.3596 1.8426
14.9576 0.3329 1.8430
14.8704 0.3030 1.8435
14.7843 0.2701 1.8441
14.6992 0.2345 1.8448
14.6151 0.1966 1.8455
14.5319 0.1566 1.8462
14.4496 0.1149 1.8469
14.3680 0.0717 1.8477
14.2869 0.0272 1.8484
14.2065 -0.0182 1.8491
14.1264 -0.0645 1.8497
14.0467 -0.1114 1.8504
13.9672 -0.1588 1.8510
13.8879 -0.2065 1.8517
13.8087 -0.2544 1.8523
13.7295 -0.3025 1.8529
13.6502 -0.3505 1.8534
13.5709 -0.3985 1.8540
13.4915 -0.4463 1.8545
13.4119 -0.4940 1.8550
13.3322 -0.5414 1.8554
13.2523 -0.5885 1.8558
13.1721 -0.6353 1.8562
13.0918 -0.6817 1.8566
13.0111 -0.7277 1.8569
12.9303 -0.7733 1.8572
12.8491 -0.8185 1.8575
12.7677 -0.8632 1.8577
12.6860 -0.9074 1.8579
12.6039 -0.9510 1.8581
12.5216 -0.9940 1.8582
12.4389 -1.0364 1.8583
12.3559 -1.0781 1.8583
12.2725 -1.1191 1.8584
12.1888 -1.1593 1.8583
12.1045 -1.1986 1.8583
12.0199 -1.2368 1.8582
11.9346 -1.2738 1.8580
11.8489 -1.3094 1.8578
11.7624 -1.3435 1.8575
11.6753 -1.3757 1.8571
11.5875 -1.4058 1.8566
11.4989 -1.4333 1.8559
11.4094 -1.4580 1.8550
11.3192 -1.4792 1.8539
11.2282 -1.4967 1.8527
11.1365 -1.5098 1.8511
11.0444 -1.5182 1.8493
10.9521 -1.5212 1.8472
10.8598 -1.5184 1.8448
10.7681 -1.5093 1.8421
10.6774 -1.4936 1.8393
10.5884 -1.4709 1.8362
10.5017 -1.4411 1.8329
10.4180 -1.4039 1.8296
10.3382 -1.3595 1.8261
10.2629 -1.3080 1.8226
10.1930 -1.2497 1.8192
10.1293 -1.1850 1.8159
10.0723 -1.1144 1.8127
10.0226 -1.0388 1.8097
9.9808 -0.9586 1.8069
9.9471 -0.8749 1.8043
9.9219 -0.7884 1.8019
9.9052 -0.6999 1.7998
9.8971 -0.6104 1.7979
9.8975 -0.5206 1.7963
9.9060 -0.4312 1.7949
9.9225 -0.3431 1.7939
9.9465 -0.2567 1.7927
9.9776 -0.1727 1.7919
10.0156 -0.0916 1.7911
10.0598 -0.0138 1.7903
10.1099 0.0603 1.7895
10.1655 0.1304 1.7892
10.2259 0.1963 1.7889
10.2907 0.2579 1.7890
10.3594 0.3153 1.7893
10.4313 0.3684 1.7898
10.5061 0.4176 1.7904
10.5832 0.4630 1.7911
10.6624 0.5050 1.7920
10.7431 0.5438 1.7927
10.8253 0.5797 1.7935
10.9085 0.6131 1.7942
10.9926 0.6445 1.7950
11.0773 0.6740 1.7957
11.1626 0.7022 1.7963
11.2482 0.7294 1.7969
11.3340 0.7560 1.7975
11.4200 0.7823 1.7980
11.5060 0.8085 1.7984
11.5919 0.8351 1.7987
11.6776 0.8623 1.7990
11.7631 0.8904 1.7992
11.8481 0.9197 1.7993
11.9327 0.9504 1.7994
12.0166 0.9829 1.7994
12.0997 1.0173 1.7993
12.1819 1.0538 1.7992
12.2630 1.0928 1.7990
12.3428 1.1343 1.7987
12.4211 1.1786 1.7984
12.4977 1.2257 1.7981
12.5724 1.2757 1.7977
12.6449 1.3287 1.7973
12.7152 1.3847 1.7969
12.7829 1.4438 1.7964
12.8478 1.5058 1.7961
12.9098 1.5707 1.7957
12.9688 1.6384 1.7953
13.0244 1.7088 1.7950
13.0767 1.7817 1.7947
13.1255 1.8571 1.7945
13.1706 1.9346 1.7943
13.2120 2.0142 1.7942
13.2498 2.0955 1.7941
13.2837 2.1786 1.7941
13.3139 2.2630 1.7941
13.3404 2.3487 1.7942
13.3632 2.4355 1.7943
13.3823 2.5232 1.7945
13.3978 2.6115 1.7947
13.4097 2.7005 1.7949
13.4183 2.7898 1.7952
13.4235 2.8794 1.7955
13.4256 2.9692 1.7958
13.4245 3.0590 1.7963
13.4205 3.1487 1.7966
13.4137 3.2383 1.7971
13.4041 3.3276 1.7975
13.3919 3.4167 1.7980
13.3773 3.5054 1.7985
13.3604 3.5937 1.7991
13.3412 3.6816 1.7997
13.3200 3.7691 1.8003
13.2970 3.8561 1.8009
13.2721 3.9427 1.8015
13.2456 4.0287 1.8022
13.2175 4.1144 1.8028
13.1880 4.1996 1.8036
13.1571 4.2843 1.8044
13.1250 4.3686 1.8052
13.0917 4.4526 1.8061
13.0575 4.5362 1.8070
13.0225 4.6195 1.8079
12.9867 4.7025 1.8089
12.9503 4.7853 1.8099
12.9133 4.8680 1.8109
12.8759 4.9504 1.8119
12.8381 5.0328 1.8130
12.8000 5.1151 1.8140
12.7617 5.1973 1.8151
12.7231 5.2795 1.8161
12.6844 5.3617 1.8172
12.6455 5.4438 1.8182
12.6066 5.5260 1.8193
12.5675 5.6082 1.8204
12.5284 5.6904 1.8214
12.4892 5.7726 1.8224
12.4498 5.8548 1.8235
12.4104 5.9370 1.8245
12.3708 6.0193 1.8254
12.3310 6.1015 1.8264
12.2911 6.1836 1.8273
12.2509 6.2657 1.8282
12.2105 6.3477 1.8291
12.1697 6.4296 1.8300
12.1286 6.5113 1.8308
12.0870 6.5929 1.8316
12.0450 6.6743 1.8324
12.0025 6.7555 1.8332
11.9593 6.8364 1.8339
11.9155 6.9170 1.8346
11.8710 6.9972 1.8353
11.8257 7.0770 1.8360
11.7796 7.1564 1.8366
11.7325 7.2353 1.8372
11.6844 7.3136 1.8378
11.6353 7.3912 1.8384
11.5850 7.4682 1.8389
11.5335 7.5444 1.8394
11.4807 7.6197 1.8399
11.4267 7.6942 1.8404
11.3712 7.7676 1.8408
11.3143 7.8400 1.8412
11.2559 7.9111 1.8416
11.1961 7.9811 1.8421
11.1348 8.0499 1.8425
11.0721 8.1175 1.8428
11.0079 8.1835 1.8430
10.9420 8.2479 1.8432
10.8744 8.3105 1.8435
10.8050 8.3713 1.8437
10.7340 8.4300 1.8439
10.6612 8.4866 1.8441
10.5867 8.5409 1.8443
10.5105 8.5928 1.8445
10.4326 8.6422 1.8447
10.3531 8.6891 1.8449
10.2722 8.7333 1.8452
10.1898 8.7748 1.8455
10.1060 8.8136 1.8458
10.0210 8.8495 1.8461
9.9349 8.8827 1.8465
9.8477 8.9131 1.8469
9.7596 8.9406 1.8473
9.6706 8.9654 1.8478
9.5808 8.9875 1.8482
9.4905 9.0068 1.8488
9.3995 9.0235 1.8493
9.3081 9.0376 1.8499
