x y v
9.1736 9.0528 1.9728
9.0754 9.0614 1.9732
8.9769 9.0672 1.9737
8.8782 9.0703 1.9742
8.7795 9.0708 1.9747
8.6808 9.0688 1.9752
8.5821 9.0642 1.9758
8.4836 9.0572 1.9764
8.3852 9.0478 1.9770
8.2870 9.0362 1.9776
8.1891 9.0224 1.9783
8.0914 9.0065 1.9789
7.9941 8.9887 1.9797
7.8971 8.9690 1.9804
7.8004 8.9476 1.9812
7.7040 8.9246 1.9820
7.6080 8.9001 1.9828
7.5122 8.8742 1.9836
7.4168 8.8471 1.9845
7.3216 8.8189 1.9854
7.2267 8.7898 1.9863
7.1320 8.7598 1.9872
7.0375 8.7292 1.9882
6.9431 8.6979 1.9891
6.8488 8.6662 1.9901
6.7546 8.6341 1.9910
6.6604 8.6017 1.9920
6.5662 8.5693 1.9931
6.4720 8.5368 1.9941
6.3776 8.5045 1.9953
6.2831 8.4725 1.9964
6.1884 8.4408 1.9976
6.0936 8.4095 1.9988
5.9985 8.3787 2.0001
5.9031 8.3484 2.0013
5.8075 8.3186 2.0027
5.7117 8.2894 2.0040
5.6156 8.2609 2.0053
5.5193 8.2329 2.0067
5.4228 8.2054 2.0081
5.3260 8.1785 2.0095
5.2290 8.1522 2.0109
5.1318 8.1264 2.0123
5.0344 8.1010 2.0138
4.9368 8.0761 2.0152
4.8390 8.0515 2.0166
4.7411 8.0273 2.0180
4.6430 8.0035 2.0194
4.5448 7.9799 2.0208
4.4465 7.9565 2.0222
4.3481 7.9333 2.0235
4.2495 7.9102 2.0248
4.1509 7.8872 2.0261
4.0522 7.8643 2.0274
3.9534 7.8413 2.0286
3.8546 7.8182 2.0299
3.7558 7.7950 2.0311
3.6569 7.7716 2.0323
3.5581 7.7479 2.0334
3.4593 7.7239 2.0346
3.3605 7.6995 2.0357
3.2617 7.6747 2.0368
3.1631 7.6494 2.0378
3.0645 7.6235 2.0389
2.9661 7.5969 2.0399
2.8678 7.5696 2.0409
2.7696 7.5414 2.0419
2.6717 7.5123 2.0429
2.5741 7.4823 2.0439
2.4767 7.4512 2.0448
2.3797 7.4190 2.0457
2.2830 7.3855 2.0466
2.1867 7.3507 2.0475
2.0909 7.3146 2.0484
1.9956 7.2771 2.0492
1.9008 7.2381 2.0501
1.8067 7.1975 2.0509
1.7132 7.1554 2.0517
1.6204 7.1116 2.0525
1.5283 7.0662 2.0533
1.4371 7.0191 2.0540
1.3467 6.9703 2.0548
1.2572 6.9198 2.0555
1.1686 6.8676 2.0562
1.0811 6.8137 2.0570
0.9946 6.7580 2.0577
0.9092 6.7006 2.0583
0.8249 6.6415 2.0590
0.7418 6.5807 2.0597
0.6599 6.5183 2.0603
0.5793 6.4541 2.0610
0.5000 6.3883 2.0616
0.4220 6.3208 2.0622
0.3455 6.2517 2.0628
0.2704 6.1809 2.0634
0.1969 6.1086 2.0640
0.1249 6.0346 2.0646
0.0545 5.9591 2.0651
-0.0142 5.8820 2.0657
-0.0811 5.8033 2.0662
-0.1463 5.7231 2.0667
-0.2096 5.6414 2.0672
-0.2709 5.5582 2.0678
-0.3302 5.4735 2.0683
-0.3875 5.3874 2.0688
-0.4426 5.2999 2.0693
-0.4956 5.2110 2.0698
-0.5464 5.1208 2.0703
-0.5949 5.0293 2.0709
-0.6411 4.9366 2.0714
-0.6849 4.8428 2.0720
-0.7265 4.7479 2.0725
-0.7656 4.6519 2.0731
-0.8024 4.5550 2.0737
-0.8368 4.4572 2.0743
-0.8689 4.3585 2.0749
-0.8986 4.2591 2.0756
-0.9260 4.1590 2.0762
-0.9511 4.0583 2.0769
-0.9739 3.9569 2.0775
-0.9944 3.8551 2.0782
-1.0127 3.7528 2.0789
-1.0289 3.6501 2.0796
-1.0428 3.5470 2.0803
-1.0546 3.4437 2.0810
-1.0642 3.3401 2.0817
-1.0717 3.2362 2.0824
-1.0772 3.1322 2.0831
-1.0806 3.0281 2.0839
-1.0819 2.9239 2.0846
-1.0812 2.8197 2.0854
-1.0785 2.7154 2.0861
-1.0737 2.6112 2.0869
-1.0668 2.5071 2.0877
-1.0577 2.4031 2.0885
-1.0465 2.2992 2.0895
-1.0332 2.1956 2.0904
-1.0179 2.0922 2.0914
-1.0007 1.9890 2.0925
-0.9816 1.8861 2.0935
-0.9608 1.7835 2.0947
-0.9384 1.6812 2.0958
-0.9145 1.5791 2.0970
-0.8892 1.4773 2.0981
-0.8625 1.3758 2.0993
-0.8347 1.2746 2.1006
-0.8059 1.1736 2.1018
-0.7760 1.0728 2.1030
-0.7453 0.9722 2.1042
-0.7138 0.8718 2.1054
-0.6816 0.7715 2.1066
-0.6488 0.6714 2.1078
-0.6154 0.5714 2.1090
-0.5815 0.4715 2.1102
-0.5473 0.3717 2.1113
-0.5127 0.2719 2.1124
-0.4777 0.1722 2.1135
-0.4426 0.0725 2.1146
-0.4072 -0.0271 2.1156
-0.3716 -0.1268 2.1167
-0.3359 -0.2264 2.1177
-0.3000 -0.3261 2.1186
-0.2641 -0.4258 2.1196
-0.2282 -0.5255 2.1205
-0.1922 -0.6252 2.1214
-0.1562 -0.7250 2.1223
-0.1202 -0.8249 2.1231
-0.0842 -0.9248 2.1239
-0.0482 -1.0247 2.1247
-0.0123 -1.1247 2.1255
0.0237 -1.2247 2.1262
0.0596 -1.3248 2.1270
0.0955 -1.4249 2.1276
0.1315 -1.5250 2.1283
0.1676 -1.6252 2.1289
0.2037 -1.7253 2.1295
0.2400 -1.8255 2.1301
0.2764 -1.9256 2.1307
0.3130 -2.0256 2.1312
0.3500 -2.1256 2.1317
0.3873 -2.2254 2.1321
0.4250 -2.3252 2.1326
0.4632 -2.4247 2.1329
0.5019 -2.5241 2.1333
0.5414 -2.6232 2.1336
0.5816 -2.7220 2.1339
0.6227 -2.8205 2.1342
0.6647 -2.9186 2.1344
0.7079 -3.0162 2.1346
0.7522 -3.1133 2.1347
0.7979 -3.2097 2.1348
0.8451 -3.3055 2.1349
0.8938 -3.4005 2.1349
0.9443 -3.4945 2.1348
0.9966 -3.5875 2.1347
1.0509 -3.6794 2.1345
1.1074 -3.7700 2.1343
1.1661 -3.8591 2.1340
1.2273 -3.9465 2.1336
1.2910 -4.0320 2.1332
1.3573 -4.1155 2.1327
1.4264 -4.1967 2.1321
1.4984 -4.2753 2.1314
1.5733 -4.3511 2.1306
1.6512 -4.4237 2.1297
1.7321 -4.4929 2.1288
1.8160 -4.5583 2.1277
1.9029 -4.6196 2.1265
1.9927 -4.6765 2.1253
2.0853 -4.7286 2.1239
2.1805 -4.7755 2.1225
2.2782 -4.8169 2.1210
2.3780 -4.8526 2.1194
2.4797 -4.8821 2.1178
2.5830 -4.9053 2.1161
2.6874 -4.9219 2.1144
2.7926 -4.9317 2.1127
2.8982 -4.9346 2.1110
3.0036 -4.9304 2.1092
3.1084 -4.9191 2.1075
3.2118 -4.9000 2.0971
3.3106 -4.8669 2.0854
3.4080 -4.8286 2.0984
3.5050 -4.7886 2.0952
3.5989 -4.7424 2.0933
3.6898 -4.6906 2.0919
3.7773 -4.6333 2.0905
3.8610 -4.5708 2.0892
3.9406 -4.5032 2.0880
4.0158 -4.4309 2.0868
4.0864 -4.3541 2.0857
4.1521 -4.2732 2.0848
4.2128 -4.1885 2.0839
4.2684 -4.1005 2.0831
4.3188 -4.0093 2.0824
4.3640 -3.9155 2.0818
4.4039 -3.8194 2.0813
4.4386 -3.7214 2.0809
4.4682 -3.6216 2.0806
4.4928 -3.5206 2.0803
4.5125 -3.4185 2.0801
4.5275 -3.3156 2.0800
4.5379 -3.2121 2.0799
4.5438 -3.1083 2.0799
4.5455 -3.0043 2.0800
4.5432 -2.9003 2.0801
4.5370 -2.7965 2.0802
4.5271 -2.6930 2.0804
4.5137 -2.5898 2.0807
4.4971 -2.4871 2.0810
4.4773 -2.3850 2.0812
4.4546 -2.2834 2.0816
4.4290 -2.1825 2.0820
4.4007 -2.0823 2.0825
4.3699 -1.9828 2.0830
4.3369 -1.8840 2.0837
4.3019 -1.7859 2.0843
4.2651 -1.6884 2.0850
4.2267 -1.5915 2.0858
4.1869 -1.4950 2.0866
4.1459 -1.3991 2.0873
4.1039 -1.3035 2.0881
4.0611 -1.2083 2.0889
4.0176 -1.1133 2.0897
3.9736 -1.0185 2.0905
3.9292 -0.9238 2.0913
3.8846 -0.8292 2.0921
3.8399 -0.7347 2.0929
3.7952 -0.6400 2.0936
3.7506 -0.5453 2.0944
3.7062 -0.4504 2.0951
3.6621 -0.3554 2.0958
3.6184 -0.2601 2.0965
3.5753 -0.1646 2.0972
3.5327 -0.0687 2.0978
3.4908 0.0275 2.0984
3.4497 0.1240 2.0990
3.4095 0.2210 2.0995
3.3702 0.3183 2.1001
3.3321 0.4162 2.1005
3.2952 0.5145 2.1010
3.2595 0.6133 2.1014
3.2253 0.7127 2.1018
3.1925 0.8126 2.1021
3.1614 0.9129 2.1024
3.1320 1.0139 2.1027
3.1044 1.1153 2.1030
3.0787 1.2173 2.1032
3.0551 1.3198 2.1033
3.0337 1.4227 2.1035
3.0144 1.5261 2.1036
2.9976 1.6300 2.1037
2.9832 1.7342 2.1037
2.9714 1.8387 2.1037
2.9624 1.9435 2.1037
2.9561 2.0485 2.1036
2.9527 2.1536 2.1035
2.9523 2.2587 2.1033
2.9551 2.3639 2.1031
2.9611 2.4688 2.1029
2.9705 2.5736 2.1026
2.9833 2.6779 2.1022
2.9997 2.7817 2.1018
3.0197 2.8848 2.1014
3.0435 2.9872 2.1009
3.0712 3.0885 2.1004
3.1028 3.1886 2.0998
3.1385 3.2873 2.0992
3.1783 3.3844 2.0985
3.2222 3.4797 2.0977
3.2703 3.5729 2.0969
3.3227 3.6637 2.0961
3.3793 3.7518 2.0952
3.4401 3.8371 2.0942
3.5051 3.9191 2.0932
3.5743 3.9976 2.0922
3.6474 4.0724 2.0911
3.7244 4.1430 2.0899
3.8052 4.2093 2.0888
3.8895 4.2709 2.0876
3.9771 4.3276 2.0864
4.0677 4.3790 2.0852
4.1612 4.4251 2.0840
4.2572 4.4655 2.0828
4.3554 4.5002 2.0816
4.4554 4.5288 2.0804
4.5569 4.5514 2.0792
4.6595 4.5678 2.0781
4.7629 4.5780 2.0770
4.8666 4.5819 2.0760
4.9703 4.5796 2.0749
5.0737 4.5711 2.0740
5.1768 4.5556 2.0964
5.2770 4.5266 2.0883
5.3761 4.4926 2.1002
5.4750 4.4573 2.0988
5.5719 4.4171 2.0981
5.6668 4.3725 2.0974
5.7594 4.3233 2.0967
5.8495 4.2698 2.0961
5.9369 4.2119 2.0955
6.0214 4.1500 2.0950
6.1028 4.0841 2.0945
6.1809 4.0144 2.0941
6.2557 3.9411 2.0937
6.3270 3.8645 2.0934
6.3947 3.7847 2.0932
6.4588 3.7020 2.0930
6.5193 3.6166 2.0928
6.5762 3.5288 2.0928
6.6294 3.4387 2.0927
6.6790 3.3466 2.0928
6.7251 3.2527 2.0928
6.7677 3.1571 2.0930
6.8069 3.0601 2.0931
6.8428 2.9618 2.0933
6.8753 2.8623 2.0935
6.9045 2.7618 2.0938
6.9306 2.6604 2.0942
6.9536 2.5582 2.0947
6.9739 2.4555 2.0952
6.9916 2.3522 2.0958
7.0069 2.2485 2.0965
7.0201 2.1445 2.0972
7.0314 2.0402 2.0980
7.0409 1.9357 2.0987
7.0491 1.8311 2.0995
7.0560 1.7263 2.1003
7.0619 1.6215 2.1011
7.0670 1.5165 2.1019
7.0715 1.4115 2.1026
7.0756 1.3064 2.1034
7.0794 1.2013 2.1042
7.0831 1.0962 2.1049
7.0869 0.9910 2.1056
7.0910 0.8857 2.1063
7.0954 0.7805 2.1070
7.1003 0.6752 2.1077
7.1059 0.5700 2.1083
7.1123 0.4647 2.1089
7.1196 0.3595 2.1095
7.1280 0.2544 2.1100
7.1376 0.1493 2.1106
7.1486 0.0444 2.1110
7.1612 -0.0605 2.1115
7.1753 -0.1651 2.1119
7.1913 -0.2695 2.1123
7.2092 -0.3736 2.1126
7.2291 -0.4773 2.1129
7.2512 -0.5806 2.1132
7.2755 -0.6835 2.1134
7.3023 -0.7857 2.1137
7.3315 -0.8872 2.1139
7.3634 -0.9880 2.1140
7.3978 -1.0880 2.1142
7.4351 -1.1869 2.1143
7.4751 -1.2847 2.1144
7.5180 -1.3814 2.1145
7.5637 -1.4767 2.1146
7.6124 -1.5705 2.1146
7.6640 -1.6628 2.1147
7.7185 -1.7534 2.1147
7.7760 -1.8422 2.1147
7.8363 -1.9290 2.1148
7.8996 -2.0137 2.1148
7.9657 -2.0962 2.1148
8.0346 -2.1764 2.1148
8.1062 -2.2542 2.1148
8.1805 -2.3295 2.1149
8.2573 -2.4021 2.1149
8.3367 -2.4720 2.1149
8.4184 -2.5391 2.1150
8.5024 -2.6033 2.1151
8.5887 -2.6645 2.1152
8.6769 -2.7228 2.1153
8.7671 -2.7780 2.1154
8.8592 -2.8301 2.1155
8.9529 -2.8791 2.1157
9.0483 -2.9249 2.1159
9.1450 -2.9677 2.1161
9.2432 -3.0073 2.1163
9.3425 -3.0437 2.1166
9.4429 -3.0771 2.1169
9.5443 -3.1074 2.1172
9.6466 -3.1347 2.1175
9.7497 -3.1590 2.1179
9.8534 -3.1803 2.1182
9.9577 -3.1986 2.1185
10.0626 -3.2138 2.1189
10.1678 -3.2260 2.1193
10.2734 -3.2352 2.1198
10.3792 -3.2413 2.1203
10.4852 -3.2446 2.1209
10.5912 -3.2451 2.1215
10.6973 -3.2429 2.1222
10.8060 -3.2372 2.2370
10.9170 -3.2203 2.2562
11.0284 -3.2004 2.2665
11.1399 -3.1801 2.2682
11.2516 -3.1602 2.2690
11.3632 -3.1399 2.2698
11.4748 -3.1191 2.2705
11.5863 -3.0977 2.2713
11.6977 -3.0756 2.2720
11.8090 -3.0527 2.2727
11.9202 -3.0290 2.2734
12.0312 -3.0045 2.2741
12.1420 -2.9792 2.2747
12.2528 -2.9531 2.2753
12.3633 -2.9261 2.2759
12.4737 -2.8984 2.2765
12.5839 -2.8699 2.2771
12.6940 -2.8407 2.2776
12.8039 -2.8109 2.2781
12.9136 -2.7804 2.2785
13.0233 -2.7495 2.2790
13.1328 -2.7180 2.2794
13.2422 -2.6861 2.2797
13.3516 -2.6539 2.2801
13.4609 -2.6215 2.2803
13.5701 -2.5888 2.2806
13.6794 -2.5561 2.2808
13.7886 -2.5233 2.2810
13.8978 -2.4905 2.2812
14.0071 -2.4579 2.2813
14.1165 -2.4253 2.2813
14.2259 -2.3930 2.2814
14.3353 -2.3610 2.2814
14.4449 -2.3292 2.2813
14.5545 -2.2977 2.2813
14.6642 -2.2664 2.2812
14.7739 -2.2353 2.2811
14.8837 -2.2043 2.2810
14.9934 -2.1732 2.2808
15.1030 -2.1418 2.2806
15.2125 -2.1098 2.2804
15.3216 -2.0768 2.2801
15.4303 -2.0423 2.2796
15.5381 -2.0055 2.2779
15.6448 -1.9655 2.2783
15.7512 -1.9250 2.2756
15.8549 -1.8786 2.2690
15.9550 -1.8252 2.2710
16.0554 -1.7721 2.2696
16.1530 -1.7146 2.2636
16.2452 -1.6493 2.2517
16.3291 -1.5745 2.2511
16.4113 -1.4975 2.2546
16.4901 -1.4170 2.2471
16.5603 -1.3297 2.2339
16.6200 -1.2354 2.2362
16.6756 -1.1384 2.2314
16.7207 -1.0368 2.2176
16.7520 -0.9308 2.1994
16.7674 -0.8223 2.1994
16.7761 -0.7124 2.2022
16.7743 -0.6026 2.1920
16.7598 -0.4942 2.1856
16.7334 -0.3883 2.1815
16.6960 -0.2860 2.1772
16.6480 -0.1885 2.1731
16.5902 -0.0966 2.1695
16.5234 -0.0113 2.1661
16.4486 0.0668 2.1631
16.3665 0.1371 2.1604
16.2784 0.1993 2.1580
16.1850 0.2532 2.1559
16.0873 0.2986 2.1542
15.9863 0.3356 2.1526
15.8826 0.3644 2.1514
15.7771 0.3851 2.1504
15.6704 0.3982 2.1495
15.5632 0.4038 2.1486
15.4558 0.4022 2.1478
15.3488 0.3938 2.1474
15.2424 0.3790 2.1472
15.1371 0.3584 2.1472
15.0329 0.3325 2.1474
14.9300 0.3018 2.1477
14.8285 0.2669 2.1481
14.7282 0.2283 2.1485
14.6293 0.1865 2.1490
14.5316 0.1418 2.1495
14.4349 0.0948 2.1500
14.3393 0.0457 2.1505
14.2444 -0.0050 2.1510
14.1503 -0.0571 2.1514
14.0568 -0.1103 2.1519
13.9638 -0.1643 2.1523
13.8711 -0.2190 2.1526
13.7786 -0.2741 2.1530
13.6863 -0.3294 2.1533
13.5940 -0.3850 2.1536
13.5018 -0.4405 2.1539
13.4095 -0.4960 2.1541
13.3171 -0.5514 2.1543
13.2245 -0.6065 2.1544
13.1318 -0.6613 2.1545
13.0389 -0.7158 2.1546
12.9457 -0.7699 2.1546
12.8523 -0.8237 2.1546
12.7587 -0.8769 2.1546
12.6648 -0.9297 2.1545
12.5706 -0.9819 2.1544
12.4760 -1.0335 2.1543
12.3810 -1.0843 2.1541
12.2856 -1.1342 2.1539
12.1896 -1.1831 2.1536
12.0930 -1.2306 2.1533
11.9957 -1.2766 2.1528
11.8975 -1.3206 2.1522
11.7982 -1.3621 2.1514
11.6978 -1.4006 2.1503
11.5960 -1.4350 2.1470
11.4927 -1.4644 2.1485
11.3891 -1.4926 2.1453
11.2842 -1.5141 2.1370
11.1781 -1.5262 2.1387
11.0717 -1.5372 2.1364
10.9652 -1.5406 2.1274
10.8594 -1.5330 2.1130
10.7564 -1.5114 2.1094
10.6539 -1.4853 2.1181
10.5526 -1.4550 2.1098
10.4556 -1.4142 2.0982
10.3647 -1.3625 2.0889
10.2803 -1.3010 2.0890
10.2023 -1.2318 2.0822
10.1329 -1.1545 2.0760
10.0728 -1.0701 2.0709
10.0228 -0.9796 2.0661
9.9834 -0.8843 2.0615
9.9550 -0.7854 2.0573
9.9377 -0.6841 2.0535
9.9315 -0.5818 2.0501
9.9363 -0.4795 2.0471
9.9516 -0.3784 2.0442
9.9771 -0.2796 2.0414
10.0122 -0.1839 2.0390
10.0564 -0.0921 2.0371
10.1088 -0.0049 2.0357
10.1687 0.0774 2.0347
10.2351 0.1544 2.0341
10.3072 0.2260 2.0339
10.3843 0.2924 2.0338
10.4655 0.3535 2.0340
10.5503 0.4096 2.0344
10.6380 0.4612 2.0348
10.7280 0.5085 2.0354
10.8200 0.5520 2.0359
10.9136 0.5922 2.0366
11.0083 0.6295 2.0372
11.1040 0.6645 2.0377
11.2003 0.6977 2.0383
11.2971 0.7296 2.0388
11.3942 0.7607 2.0392
11.4914 0.7915 2.0395
11.5886 0.8225 2.0397
11.6855 0.8541 2.0398
11.7821 0.8868 2.0399
11.8782 0.9210 2.0398
11.9736 0.9571 2.0396
12.0681 0.9955 2.0392
12.1614 1.0366 2.0388
12.2533 1.0807 2.0382
12.3435 1.1280 2.0375
12.4318 1.1788 2.0368
12.5178 1.2333 2.0360
12.6012 1.2916 2.0351
12.6817 1.3537 2.0342
12.7591 1.4197 2.0334
12.8330 1.4895 2.0325
12.9031 1.5630 2.0317
12.9693 1.6401 2.0309
13.0312 1.7205 2.0301
13.0888 1.8041 2.0294
13.1419 1.8905 2.0288
13.1903 1.9796 2.0283
13.2340 2.0711 2.0278
13.2730 2.1647 2.0274
13.3072 2.2601 2.0271
13.3367 2.3570 2.0269
13.3616 2.4553 2.0267
13.3819 2.5545 2.0266
13.3977 2.6546 2.0265
13.4092 2.7553 2.0265
13.4164 2.8563 2.0266
13.4196 2.9576 2.0267
13.4188 3.0589 2.0269
13.4144 3.1602 2.0271
13.4064 3.2612 2.0273
13.3950 3.3619 2.0276
13.3804 3.4623 2.0280
13.3628 3.5621 2.0284
13.3424 3.6615 2.0288
13.3194 3.7603 2.0293
13.2939 3.8585 2.0298
13.2661 3.9561 2.0303
13.2361 4.0531 2.0309
13.2042 4.1495 2.0316
13.1704 4.2453 2.0323
13.1350 4.3406 2.0330
13.0982 4.4354 2.0338
13.0602 4.5297 2.0347
13.0211 4.6237 2.0355
12.9810 4.7172 2.0364
12.9402 4.8105 2.0373
12.8987 4.9036 2.0382
12.8566 4.9964 2.0391
12.8141 5.0891 2.0400
12.7712 5.1817 2.0409
12.7280 5.2742 2.0418
12.6846 5.3666 2.0427
12.6410 5.4590 2.0436
12.5972 5.5513 2.0445
12.5533 5.6437 2.0453
12.5093 5.7360 2.0462
12.4651 5.8283 2.0470
12.4208 5.9206 2.0479
12.3763 6.0128 2.0487
12.3316 6.1050 2.0494
12.2867 6.1971 2.0502
12.2415 6.2892 2.0509
12.1960 6.3811 2.0516
12.1501 6.4728 2.0523
12.1037 6.5644 2.0530
12.0568 6.6557 2.0536
12.0092 6.7467 2.0542
11.9610 6.8374 2.0548
11.9120 6.9277 2.0553
11.8621 7.0176 2.0558
11.8112 7.1069 2.0563
11.7593 7.1957 2.0567
11.7062 7.2837 2.0572
11.6517 7.3710 2.0575
11.5960 7.4575 2.0579
11.5387 7.5430 2.0582
11.4798 7.6274 2.0585
11.4193 7.7106 2.0588
11.3571 7.7927 2.0591
11.2932 7.8734 2.0593
11.2276 7.9528 2.0594
11.1601 8.0305 2.0595
11.0905 8.1064 2.0595
11.0188 8.1803 2.0596
10.9450 8.2521 2.0596
10.8690 8.3216 2.0596
10.7907 8.3886 2.0595
10.7103 8.4529 2.0595
10.6278 8.5144 2.0595
10.5431 8.5730 2.0595
10.4564 8.6286 2.0595
10.3678 8.6810 2.0595
10.2773 8.7301 2.0595
10.1851 8.7760 2.0596
10.0913 8.8185 2.0597
9.9960 8.8576 2.0598
9.8994 8.8933 2.0599
9.8016 8.9256 2.0601
9.7028 8.9545 2.0603
9.6030 8.9800 2.0606
9.5024 9.0022 2.0609
9.4011 9.0212 2.0612
9.2992 9.0370 2.0616
