x y
15.9517 -1.7971
16.0082 -1.7664
16.0638 -1.7343
16.1186 -1.7006
16.1723 -1.6653
16.2248 -1.6283
16.2761 -1.5895
16.3259 -1.5489
16.3741 -1.5064
16.4206 -1.4620
16.4651 -1.4157
16.5076 -1.3674
16.5477 -1.3172
16.5853 -1.2651
16.6202 -1.2111
16.6522 -1.1554
16.6810 -1.0979
16.7065 -1.0390
16.7285 -0.9786
16.7468 -0.9170
16.7612 -0.8544
16.7717 -0.7910
16.7780 -0.7271
16.7802 -0.6629
16.7782 -0.5987
16.7719 -0.5348
16.7613 -0.4714
16.7466 -0.4089
16.7277 -0.3475
16.7047 -0.2876
16.6777 -0.2293
16.6470 -0.1729
16.6125 -0.1187
16.5746 -0.0668
16.5335 -0.0176
16.4892 0.0290
16.4421 0.0726
16.3924 0.1132
16.3403 0.1508
16.2861 0.1852
16.2300 0.2165
16.1722 0.2446
16.1130 0.2696
16.0526 0.2914
15.9912 0.3101
15.9289 0.3258
15.8659 0.3386
15.8024 0.3484
15.7386 0.3554
15.6745 0.3597
15.6102 0.3614
15.5460 0.3605
15.4818 0.3572
15.4178 0.3516
15.3541 0.3438
15.2906 0.3339
15.2274 0.3220
15.1646 0.3083
15.1023 0.2928
15.0403 0.2758
14.9787 0.2573
14.9176 0.2374
14.8570 0.2162
14.7967 0.1939
14.7369 0.1704
14.6774 0.1460
14.6184 0.1206
14.5597 0.0944
14.5014 0.0674
14.4434 0.0398
14.3856 0.0115
14.3282 -0.0173
14.2710 -0.0466
14.2140 -0.0763
14.1572 -0.1064
14.1006 -0.1369
14.0442 -0.1676
13.9878 -0.1986
13.9316 -0.2298
13.8755 -0.2611
13.8195 -0.2926
13.7635 -0.3242
13.7076 -0.3558
13.6517 -0.3875
13.5958 -0.4193
13.5399 -0.4510
13.4840 -0.4827
13.4280 -0.5143
13.3721 -0.5459
13.3161 -0.5775
13.2600 -0.6089
13.2039 -0.6402
13.1477 -0.6715
13.0915 -0.7026
13.0351 -0.7335
12.9787 -0.7643
12.9222 -0.7950
12.8656 -0.8254
12.8089 -0.8557
12.7521 -0.8857
12.6951 -0.9155
12.6381 -0.9451
12.5809 -0.9744
12.5236 -1.0035
12.4661 -1.0322
12.4085 -1.0607
12.3507 -1.0888
12.2927 -1.1166
12.2346 -1.1440
12.1762 -1.1709
12.1176 -1.1974
12.0588 -1.2233
11.9997 -1.2486
11.9404 -1.2733
11.8808 -1.2973
11.8209 -1.3205
11.7606 -1.3429
11.7000 -1.3644
11.6391 -1.3848
11.5778 -1.4041
11.5161 -1.4222
11.4541 -1.4389
11.3916 -1.4540
11.3288 -1.4676
11.2656 -1.4794
11.2021 -1.4892
11.1383 -1.4969
11.0743 -1.5024
11.0101 -1.5054
10.9459 -1.5059
10.8817 -1.5036
10.8177 -1.4983
10.7540 -1.4900
10.6908 -1.4784
10.6283 -1.4634
10.5668 -1.4450
10.5065 -1.4229
10.4476 -1.3972
10.3905 -1.3678
10.3355 -1.3347
10.2828 -1.2980
10.2328 -1.2577
10.1858 -1.2139
10.1421 -1.1668
10.1020 -1.1166
10.0658 -1.0636
10.0336 -1.0079
10.0058 -0.9500
9.9824 -0.8902
9.9636 -0.8287
9.9494 -0.7661
9.9400 -0.7025
9.9352 -0.6384
9.9351 -0.5741
9.9398 -0.5100
9.9489 -0.4464
9.9624 -0.3835
9.9801 -0.3217
10.0018 -0.2612
10.0272 -0.2022
10.0561 -0.1448
10.0884 -0.0893
10.1238 -0.0356
10.1621 0.0160
10.2030 0.0655
10.2464 0.1129
10.2920 0.1582
10.3397 0.2013
10.3891 0.2423
10.4403 0.2812
10.4929 0.3181
10.5469 0.3529
10.6021 0.3859
10.6583 0.4171
10.7154 0.4465
10.7733 0.4744
10.8319 0.5008
10.8911 0.5259
10.9507 0.5498
11.0108 0.5726
11.0713 0.5945
11.1320 0.6155
11.1929 0.6360
11.2540 0.6559
11.3153 0.6754
11.3766 0.6947
11.4379 0.7139
11.4992 0.7331
11.5605 0.7525
11.6217 0.7721
11.6828 0.7922
11.7436 0.8129
11.8042 0.8342
11.8646 0.8563
11.9246 0.8793
11.9842 0.9033
12.0434 0.9284
12.1021 0.9547
12.1601 0.9822
12.2176 1.0111
12.2743 1.0413
12.3302 1.0729
12.3853 1.1061
12.4394 1.1407
12.4925 1.1769
12.5445 1.2146
12.5954 1.2539
12.6450 1.2947
12.6933 1.3371
12.7402 1.3810
12.7856 1.4265
12.8296 1.4734
12.8719 1.5217
12.9126 1.5715
12.9516 1.6225
12.9890 1.6748
13.0245 1.7283
13.0583 1.7830
13.0904 1.8387
13.1205 1.8954
13.1489 1.9531
13.1754 2.0116
13.2001 2.0709
13.2230 2.1310
13.2440 2.1917
13.2632 2.2530
13.2806 2.3149
13.2963 2.3772
13.3101 2.4400
13.3222 2.5031
13.3326 2.5665
13.3413 2.6302
13.3484 2.6941
13.3538 2.7581
13.3577 2.8222
13.3600 2.8865
13.3608 2.9507
13.3602 3.0150
13.3581 3.0792
13.3547 3.1434
13.3499 3.2075
13.3438 3.2715
13.3365 3.3353
13.3280 3.3990
13.3183 3.4625
13.3075 3.5259
13.2956 3.5891
13.2827 3.6520
13.2689 3.7148
13.2541 3.7773
13.2385 3.8397
13.2220 3.9018
13.2047 3.9637
13.1867 4.0254
13.1680 4.0869
13.1486 4.1481
13.1285 4.2092
13.1079 4.2701
13.0867 4.3308
13.0650 4.3913
13.0429 4.4516
13.0203 4.5118
12.9973 4.5718
12.9739 4.6316
12.9502 4.6914
12.9261 4.7510
12.9018 4.8105
12.8772 4.8698
12.8524 4.9291
12.8274 4.9883
12.8021 5.0474
12.7767 5.1065
12.7512 5.1655
12.7255 5.2244
12.6997 5.2832
12.6738 5.3421
12.6478 5.4008
12.6217 5.4596
12.5955 5.5183
12.5693 5.5770
12.5431 5.6356
12.5167 5.6943
12.4903 5.7529
12.4639 5.8115
12.4374 5.8700
12.4109 5.9285
12.3843 5.9871
12.3576 6.0455
12.3308 6.1040
12.3040 6.1624
12.2770 6.2207
12.2500 6.2790
12.2228 6.3372
12.1954 6.3954
12.1679 6.4535
12.1402 6.5115
12.1123 6.5694
12.0841 6.6271
12.0557 6.6848
12.0271 6.7423
11.9981 6.7997
11.9688 6.8569
11.9392 6.9140
11.9092 6.9708
11.8787 7.0274
11.8478 7.0838
11.8165 7.1399
11.7846 7.1957
11.7522 7.2512
11.7192 7.3063
11.6857 7.3612
11.6515 7.4156
11.6167 7.4696
11.5812 7.5232
11.5450 7.5763
11.5081 7.6289
11.4704 7.6810
11.4320 7.7325
11.3928 7.7834
11.3528 7.8337
11.3120 7.8834
11.2703 7.9323
11.2278 7.9805
11.1845 8.0280
11.1403 8.0747
11.0953 8.1205
11.0494 8.1655
11.0027 8.2096
10.9550 8.2528
10.9066 8.2950
10.8573 8.3362
10.8071 8.3764
10.7562 8.4155
10.7044 8.4536
10.6518 8.4905
10.5984 8.5263
10.5443 8.5609
10.4894 8.5944
10.4337 8.6266
10.3774 8.6575
10.3204 8.6872
10.2628 8.7156
10.2045 8.7427
10.1457 8.7685
10.0863 8.7930
10.0263 8.8162
9.9658 8.8380
9.9049 8.8584
9.8436 8.8775
9.7818 8.8953
9.7197 8.9117
9.6572 8.9268
9.5945 8.9408
9.5315 8.9537
9.4684 8.9656
9.4051 8.9766
9.3416 8.9868
9.2780 8.9959
9.2142 9.0039
9.1503 9.0106
9.0863 9.0163
9.0221 9.0207
8.9579 9.0237
8.8937 9.0254
8.8294 9.0259
8.7652 9.0251
8.7009 9.0231
8.6367 9.0201
8.5726 9.0161
8.5085 9.0110
8.4445 9.0050
8.3806 8.9980
8.3169 8.9902
8.2532 8.9815
8.1896 8.9719
8.1262 8.9616
8.0629 8.9505
7.9997 8.9387
7.9366 8.9263
7.8737 8.9132
7.8109 8.8994
7.7483 8.8851
7.6857 8.8703
7.6233 8.8549
7.5610 8.8391
7.4989 8.8229
7.4368 8.8062
7.3748 8.7892
7.3129 8.7718
7.2511 8.7542
7.1894 8.7362
7.1278 8.7180
7.0662 8.6996
7.0047 8.6810
6.9432 8.6622
6.8818 8.6433
6.8204 8.6243
6.7590 8.6052
6.6977 8.5860
6.6363 8.5668
6.5750 8.5476
6.5137 8.5284
6.4523 8.5091
6.3910 8.4900
6.3296 8.4708
6.2682 8.4518
6.2068 8.4328
6.1454 8.4139
6.0839 8.3952
6.0224 8.3765
5.9609 8.3580
5.8993 8.3396
5.8376 8.3214
5.7760 8.3034
5.7142 8.2855
5.6524 8.2678
5.5906 8.2503
5.5287 8.2329
5.4668 8.2158
5.4048 8.1989
5.3427 8.1821
5.2806 8.1655
5.2185 8.1492
5.1563 8.1330
5.0940 8.1170
5.0317 8.1012
4.9694 8.0856
4.9070 8.0702
4.8445 8.0549
4.7821 8.0398
4.7195 8.0249
4.6570 8.0101
4.5944 7.9955
4.5318 7.9809
4.4692 7.9665
4.4065 7.9523
4.3438 7.9381
4.2811 7.9239
4.2184 7.9099
4.1557 7.8959
4.0929 7.8820
4.0302 7.8681
3.9674 7.8542
3.9047 7.8403
3.8419 7.8263
3.7792 7.8124
3.7165 7.7984
3.6538 7.7843
3.5911 7.7701
3.5284 7.7557
3.4658 7.7413
3.4032 7.7267
3.3406 7.7119
3.2781 7.6970
3.2157 7.6818
3.1533 7.6664
3.0909 7.6507
3.0287 7.6348
2.9665 7.6186
2.9044 7.6020
2.8424 7.5851
2.7805 7.5679
2.7187 7.5502
2.6570 7.5322
2.5954 7.5138
2.5340 7.4949
2.4727 7.4756
2.4115 7.4558
2.3505 7.4355
2.2897 7.4147
2.2291 7.3933
2.1687 7.3714
2.1084 7.3490
2.0484 7.3260
1.9887 7.3023
1.9291 7.2781
1.8699 7.2532
1.8109 7.2277
1.7522 7.2015
1.6938 7.1747
1.6357 7.1472
1.5779 7.1191
1.5205 7.0902
1.4634 7.0607
1.4067 7.0304
1.3504 6.9995
1.2944 6.9678
1.2389 6.9354
1.1838 6.9024
1.1291 6.8686
1.0749 6.8341
1.0211 6.7989
0.9678 6.7630
0.9149 6.7264
0.8626 6.6892
0.8107 6.6513
0.7593 6.6127
0.7084 6.5734
0.6580 6.5335
0.6082 6.4930
0.5588 6.4518
0.5100 6.4100
0.4617 6.3676
0.4139 6.3246
0.3667 6.2810
0.3200 6.2368
0.2739 6.1920
0.2284 6.1466
0.1835 6.1007
0.1392 6.0541
0.0955 6.0070
0.0524 5.9593
0.0100 5.9110
-0.0317 5.8621
-0.0727 5.8126
-0.1130 5.7625
-0.1525 5.7119
-0.1914 5.6606
-0.2294 5.6088
-0.2666 5.5564
-0.3031 5.5035
-0.3387 5.4500
-0.3735 5.3960
-0.4074 5.3414
-0.4405 5.2863
-0.4727 5.2307
-0.5040 5.1745
-0.5344 5.1179
-0.5640 5.0608
-0.5926 5.0033
-0.6203 4.9453
-0.6471 4.8869
-0.6730 4.8281
-0.6980 4.7688
-0.7221 4.7093
-0.7452 4.6493
-0.7675 4.5890
-0.7889 4.5284
-0.8094 4.4675
-0.8290 4.4063
-0.8477 4.3448
-0.8656 4.2831
-0.8827 4.2211
-0.8988 4.1589
-0.9142 4.0965
-0.9287 4.0339
-0.9425 3.9711
-0.9554 3.9081
-0.9675 3.8450
-0.9787 3.7817
-0.9892 3.7183
-0.9989 3.6548
-1.0077 3.5911
-1.0158 3.5274
-1.0230 3.4635
-1.0294 3.3996
-1.0350 3.3355
-1.0397 3.2714
-1.0437 3.2073
-1.0468 3.1431
-1.0492 3.0789
-1.0507 3.0146
-1.0514 2.9503
-1.0513 2.8861
-1.0504 2.8218
-1.0487 2.7575
-1.0463 2.6933
-1.0430 2.6291
-1.0390 2.5650
-1.0343 2.5009
-1.0288 2.4369
-1.0226 2.3729
-1.0157 2.3090
-1.0080 2.2452
-0.9997 2.1814
-0.9907 2.1178
-0.9811 2.0543
-0.9708 1.9908
-0.9599 1.9275
-0.9484 1.8642
-0.9362 1.8011
-0.9236 1.7381
-0.9103 1.6752
-0.8966 1.6124
-0.8823 1.5498
-0.8675 1.4872
-0.8522 1.4248
-0.8365 1.3625
-0.8203 1.3003
-0.8038 1.2382
-0.7868 1.1762
-0.7694 1.1143
-0.7516 1.0525
-0.7335 0.9909
-0.7151 0.9293
-0.6964 0.8678
-0.6774 0.8064
-0.6581 0.7451
-0.6385 0.6839
-0.6187 0.6227
-0.5987 0.5617
-0.5785 0.5006
-0.5581 0.4397
-0.5375 0.3788
-0.5167 0.3180
-0.4958 0.2572
-0.4748 0.1965
-0.4536 0.1358
-0.4324 0.0751
-0.4111 0.0145
-0.3897 -0.0461
-0.3682 -0.1067
-0.3467 -0.1672
-0.3251 -0.2278
-0.3035 -0.2883
-0.2819 -0.3489
-0.2603 -0.4094
-0.2386 -0.4699
-0.2170 -0.5304
-0.1954 -0.5910
-0.1738 -0.6515
-0.1522 -0.7120
-0.1307 -0.7726
-0.1091 -0.8332
-0.0877 -0.8937
-0.0662 -0.9543
-0.0448 -1.0149
-0.0235 -1.0755
-0.0022 -1.1362
0.0191 -1.1968
0.0404 -1.2575
0.0616 -1.3182
0.0827 -1.3789
0.1039 -1.4395
0.1250 -1.5002
0.1461 -1.5610
0.1672 -1.6217
0.1883 -1.6824
0.2094 -1.7431
0.2306 -1.8038
0.2518 -1.8644
0.2730 -1.9251
0.2943 -1.9857
0.3157 -2.0464
0.3372 -2.1069
0.3588 -2.1675
0.3805 -2.2280
0.4024 -2.2884
0.4244 -2.3488
0.4467 -2.4091
0.4691 -2.4693
0.4918 -2.5294
0.5148 -2.5894
0.5381 -2.6493
0.5617 -2.7091
0.5856 -2.7688
0.6099 -2.8283
0.6346 -2.8876
0.6598 -2.9468
0.6854 -3.0057
0.7115 -3.0645
0.7381 -3.1230
0.7652 -3.1812
0.7930 -3.2392
