x y
3.0801 1.1107
3.0607 1.1887
3.0426 1.2670
3.0258 1.3455
3.0103 1.4244
2.9962 1.5034
2.9835 1.5828
2.9722 1.6623
2.9625 1.7421
2.9543 1.8220
2.9476 1.9020
2.9427 1.9822
2.9394 2.0625
2.9378 2.1428
2.9380 2.2231
2.9400 2.3034
2.9438 2.3837
2.9496 2.4638
2.9573 2.5438
2.9669 2.6235
2.9786 2.7030
2.9924 2.7821
3.0083 2.8609
3.0264 2.9392
3.0466 3.0169
3.0692 3.0940
3.0940 3.1704
3.1212 3.2460
3.1507 3.3207
3.1826 3.3944
3.2169 3.4670
3.2536 3.5385
3.2928 3.6086
3.3345 3.6772
3.3786 3.7443
3.4253 3.8097
3.4744 3.8733
3.5259 3.9349
3.5799 3.9944
3.6362 4.0517
3.6949 4.1065
3.7558 4.1589
3.8189 4.2086
3.8840 4.2555
3.9512 4.2995
4.0203 4.3404
4.0912 4.3782
4.1637 4.4127
4.2377 4.4438
4.3132 4.4715
4.3898 4.4955
4.4674 4.5160
4.5460 4.5327
4.6253 4.5456
4.7050 4.5548
4.7852 4.5602
4.8655 4.5617
4.9457 4.5594
5.0258 4.5533
5.1055 4.5435
5.1847 4.5299
5.2631 4.5127
5.3407 4.4918
5.4172 4.4675
5.4926 4.4397
5.5666 4.4086
5.6393 4.3743
5.7103 4.3369
5.7798 4.2965
5.8475 4.2533
5.9134 4.2074
5.9773 4.1588
6.0394 4.1078
6.0994 4.0544
6.1574 3.9989
6.2134 3.9412
6.2672 3.8816
6.3190 3.8202
6.3687 3.7571
6.4163 3.6924
6.4617 3.6262
6.5051 3.5585
6.5464 3.4897
6.5857 3.4196
6.6229 3.3484
6.6582 3.2762
6.6914 3.2031
6.7228 3.1291
6.7522 3.0544
6.7798 2.9789
6.8056 2.9028
6.8297 2.8262
6.8521 2.7490
6.8729 2.6714
6.8921 2.5934
6.9098 2.5151
6.9260 2.4364
6.9409 2.3575
6.9545 2.2783
6.9669 2.1989
6.9781 2.1193
6.9882 2.0396
6.9972 1.9598
7.0054 1.8799
7.0127 1.7999
7.0192 1.7198
7.0250 1.6397
7.0302 1.5595
7.0349 1.4793
7.0391 1.3991
7.0429 1.3188
7.0464 1.2386
7.0497 1.1583
7.0529 1.0780
7.0560 0.9977
7.0591 0.9174
7.0623 0.8372
7.0657 0.7569
7.0694 0.6766
7.0734 0.5964
7.0779 0.5162
7.0828 0.4360
7.0884 0.3559
7.0946 0.2758
7.1015 0.1957
7.1092 0.1157
7.1178 0.0359
7.1273 -0.0439
7.1379 -0.1235
7.1495 -0.2030
7.1623 -0.2824
7.1763 -0.3615
7.1916 -0.4403
7.2081 -0.5189
7.2261 -0.5973
7.2455 -0.6752
7.2663 -0.7528
7.2886 -0.8300
7.3125 -0.9067
7.3379 -0.9829
7.3650 -1.0585
7.3936 -1.1336
7.4239 -1.2080
7.4558 -1.2817
7.4894 -1.3547
7.5247 -1.4269
7.5616 -1.4982
7.6002 -1.5687
7.6405 -1.6382
7.6824 -1.7067
7.7261 -1.7742
7.7713 -1.8405
7.8183 -1.9057
7.8668 -1.9697
7.9170 -2.0325
7.9688 -2.0939
8.0222 -2.1539
8.0771 -2.2125
8.1336 -2.2697
8.1915 -2.3253
8.2509 -2.3795
8.3117 -2.4320
8.3738 -2.4829
8.4372 -2.5322
8.5020 -2.5798
8.5679 -2.6256
8.6351 -2.6697
8.7034 -2.7121
8.7727 -2.7527
8.8431 -2.7915
8.9144 -2.8285
8.9866 -2.8637
9.0596 -2.8971
9.1335 -2.9287
9.2081 -2.9586
9.2833 -2.9866
9.3593 -3.0129
9.4358 -3.0375
9.5128 -3.0602
9.5903 -3.0813
9.6683 -3.1007
9.7467 -3.1183
9.8254 -3.1344
9.9044 -3.1487
9.9838 -3.1615
10.0633 -3.1727
10.1431 -3.1823
10.2230 -3.1903
10.3031 -3.1969
10.3833 -3.2019
10.4635 -3.2056
10.5438 -3.2077
10.6242 -3.2085
10.7045 -3.2079
10.7848 -3.2060
10.8651 -3.2027
10.9453 -3.1982
11.0254 -3.1925
11.1055 -3.1855
11.1854 -3.1774
11.2652 -3.1681
11.3449 -3.1578
11.4244 -3.1464
11.5038 -3.1340
11.5830 -3.1206
11.6621 -3.1063
11.7410 -3.0911
11.8197 -3.0751
11.8982 -3.0582
11.9766 -3.0407
12.0549 -3.0224
12.1329 -3.0034
12.2108 -2.9838
12.2886 -2.9637
12.3662 -2.9430
12.4437 -2.9218
12.5211 -2.9002
12.5984 -2.8782
12.6756 -2.8558
12.7526 -2.8331
12.8296 -2.8102
12.9065 -2.7869
12.9834 -2.7635
13.0602 -2.7399
13.1369 -2.7161
13.2136 -2.6923
13.2903 -2.6684
13.3670 -2.6444
13.4437 -2.6205
13.5204 -2.5965
13.5971 -2.5726
13.6738 -2.5488
13.7506 -2.5251
13.8274 -2.5015
13.9042 -2.4780
13.9811 -2.4546
14.0580 -2.4314
14.1349 -2.4083
14.2119 -2.3854
14.2890 -2.3627
14.3661 -2.3400
14.4432 -2.3175
14.5203 -2.2951
14.5975 -2.2727
14.6747 -2.2503
14.7518 -2.2280
14.8290 -2.2055
14.9061 -2.1829
14.9831 -2.1601
15.0601 -2.1371
15.1369 -2.1136
15.2136 -2.0896
15.2901 -2.0651
15.3663 -2.0398
15.4423 -2.0136
15.5179 -1.9864
15.5931 -1.9581
15.6677 -1.9284
15.7418 -1.8972
15.8151 -1.8644
15.8876 -1.8298
15.9591 -1.7932
16.0295 -1.7544
16.0985 -1.7132
16.1659 -1.6696
16.2316 -1.6233
16.2952 -1.5743
16.3565 -1.5223
16.4152 -1.4674
16.4708 -1.4095
16.5231 -1.3485
16.5717 -1.2846
16.6162 -1.2177
16.6561 -1.1480
16.6911 -1.0757
16.7208 -1.0010
16.7448 -0.9244
16.7628 -0.8461
16.7746 -0.7667
16.7799 -0.6866
16.7787 -0.6070
16.7710 -0.5282
16.7569 -0.4507
16.7366 -0.3748
16.7102 -0.3009
16.6778 -0.2293
16.6395 -0.1604
16.5956 -0.0946
16.5462 -0.0321
16.4916 0.0266
16.4324 0.0809
16.3693 0.1305
16.3026 0.1752
16.2329 0.2150
16.1606 0.2498
16.0861 0.2797
16.0098 0.3048
15.9321 0.3251
15.8534 0.3407
15.7738 0.3519
15.6938 0.3587
15.6136 0.3614
15.5333 0.3601
15.4531 0.3550
15.3733 0.3464
15.2938 0.3344
15.2149 0.3194
15.1366 0.3016
15.0589 0.2811
14.9819 0.2583
14.9056 0.2333
14.8299 0.2064
14.7549 0.1776
14.6805 0.1473
14.6067 0.1155
14.5335 0.0824
14.4608 0.0482
14.3886 0.0130
14.3168 -0.0231
14.2454 -0.0599
14.1743 -0.0973
14.1035 -0.1353
14.0330 -0.1737
13.9626 -0.2125
13.8925 -0.2516
13.8224 -0.2910
13.7524 -0.3305
13.6825 -0.3700
13.6126 -0.4097
13.5428 -0.4493
13.4729 -0.4890
13.4030 -0.5285
13.3330 -0.5680
13.2629 -0.6073
13.1928 -0.6464
13.1225 -0.6854
13.0521 -0.7242
12.9816 -0.7627
12.9110 -0.8010
12.8402 -0.8390
12.7692 -0.8766
12.6981 -0.9140
12.6268 -0.9509
12.5552 -0.9875
12.4834 -1.0236
12.4115 -1.0592
12.3392 -1.0944
12.2667 -1.1289
12.1938 -1.1628
12.1207 -1.1960
12.0471 -1.2283
11.9732 -1.2598
11.8988 -1.2901
11.8240 -1.3194
11.7486 -1.3473
11.6728 -1.3737
11.5964 -1.3984
11.5193 -1.4213
11.4417 -1.4420
11.3635 -1.4603
11.2847 -1.4760
11.2054 -1.4887
11.1257 -1.4982
11.0456 -1.5041
10.9653 -1.5060
10.8850 -1.5038
10.8050 -1.4969
10.7256 -1.4852
10.6471 -1.4683
10.5700 -1.4460
10.4947 -1.4181
10.4218 -1.3845
10.3520 -1.3452
10.2868 -1.3010
10.2265 -1.2522
10.1713 -1.1991
10.1214 -1.1419
10.0771 -1.0811
10.0385 -1.0170
10.0058 -0.9500
9.9791 -0.8805
9.9586 -0.8089
9.9443 -0.7356
9.9363 -0.6610
9.9348 -0.5855
9.9398 -0.5096
9.9513 -0.4336
9.9692 -0.3579
9.9935 -0.2828
10.0241 -0.2088
10.0604 -0.1371
10.1018 -0.0683
10.1479 -0.0025
10.1983 0.0600
10.2525 0.1193
10.3102 0.1751
10.3710 0.2277
10.4345 0.2769
10.5003 0.3230
10.5682 0.3659
10.6378 0.4060
10.7089 0.4433
10.7813 0.4781
10.8547 0.5107
10.9290 0.5412
11.0040 0.5701
11.0796 0.5974
11.1555 0.6235
11.2318 0.6487
11.3083 0.6732
11.3850 0.6974
11.4617 0.7213
11.5383 0.7454
11.6148 0.7699
11.6911 0.7950
11.7671 0.8211
11.8427 0.8482
11.9179 0.8767
11.9924 0.9067
12.0662 0.9385
12.1391 0.9721
12.2111 1.0077
12.2820 1.0455
12.3516 1.0856
12.4199 1.1280
12.4866 1.1727
12.5516 1.2199
12.6148 1.2695
12.6759 1.3216
12.7350 1.3760
12.7918 1.4328
12.8461 1.4919
12.8980 1.5533
12.9473 1.6167
12.9940 1.6821
13.0378 1.7493
13.0790 1.8184
13.1172 1.8890
13.1527 1.9611
13.1852 2.0345
13.2149 2.1091
13.2417 2.1848
13.2657 2.2615
13.2869 2.3390
13.3053 2.4172
13.3209 2.4960
13.3339 2.5752
13.3442 2.6549
13.3520 2.7348
13.3573 2.8150
13.3602 2.8953
13.3607 2.9756
13.3590 3.0559
13.3551 3.1361
13.3491 3.2163
13.3411 3.2962
13.3312 3.3759
13.3194 3.4554
13.3059 3.5346
13.2908 3.6135
13.2740 3.6920
13.2558 3.7703
13.2363 3.8482
13.2154 3.9258
13.1933 4.0030
13.1701 4.0799
13.1459 4.1565
13.1206 4.2328
13.0945 4.3088
13.0675 4.3844
13.0398 4.4598
13.0114 4.5350
12.9824 4.6099
12.9529 4.6846
12.9228 4.7591
12.8923 4.8335
12.8614 4.9076
12.8302 4.9817
12.7987 5.0555
12.7668 5.1293
12.7348 5.2030
12.7026 5.2766
12.6702 5.3501
12.6377 5.4236
12.6050 5.4970
12.5723 5.5704
12.5394 5.6437
12.5065 5.7170
12.4735 5.7902
12.4404 5.8634
12.4072 5.9366
12.3739 6.0097
12.3405 6.0828
12.3070 6.1558
12.2733 6.2287
12.2394 6.3016
12.2053 6.3743
12.1710 6.4469
12.1364 6.5194
12.1014 6.5918
12.0661 6.6639
12.0303 6.7359
11.9941 6.8076
11.9574 6.8790
11.9201 6.9502
11.8822 7.0210
11.8436 7.0915
11.8042 7.1615
11.7640 7.2311
11.7230 7.3001
11.6810 7.3686
11.6381 7.4365
11.5941 7.5038
11.5491 7.5703
11.5029 7.6361
11.4556 7.7010
11.4071 7.7650
11.3573 7.8281
11.3063 7.8901
11.2540 7.9511
11.2003 8.0109
11.1454 8.0695
11.0891 8.1268
11.0314 8.1827
10.9724 8.2372
10.9121 8.2903
10.8504 8.3418
10.7875 8.3917
10.7232 8.4399
10.6577 8.4864
10.5910 8.5311
10.5231 8.5740
10.4540 8.6150
10.3838 8.6541
10.3126 8.6912
10.2403 8.7263
10.1671 8.7593
10.0930 8.7903
10.0180 8.8192
9.9423 8.8460
9.8659 8.8707
9.7888 8.8933
9.7111 8.9138
9.6330 8.9324
9.5544 8.9492
9.4755 8.9643
9.3963 8.9781
9.3170 8.9904
9.2373 9.0011
9.1575 9.0099
9.0775 9.0170
8.9973 9.0220
8.9170 9.0249
8.8367 9.0259
8.7564 9.0249
8.6761 9.0221
8.5959 9.0176
8.5157 9.0116
8.4358 9.0041
8.3559 8.9951
8.2763 8.9847
8.1968 8.9731
8.1175 8.9601
8.0384 8.9461
7.9595 8.9309
7.8808 8.9147
7.8023 8.8975
7.7241 8.8794
7.6460 8.8606
7.5681 8.8409
7.4903 8.8206
7.4128 8.7997
7.3354 8.7782
7.2581 8.7562
7.1809 8.7337
7.1039 8.7109
7.0270 8.6878
6.9501 8.6644
6.8733 8.6407
6.7966 8.6169
6.7199 8.5930
6.6432 8.5690
6.5666 8.5449
6.4899 8.5209
6.4132 8.4969
6.3366 8.4730
6.2598 8.4492
6.1831 8.4255
6.1062 8.4020
6.0294 8.3786
5.9524 8.3555
5.8754 8.3326
5.7983 8.3099
5.7212 8.2875
5.6440 8.2654
5.5666 8.2435
5.4892 8.2220
5.4118 8.2008
5.3342 8.1798
5.2566 8.1592
5.1788 8.1388
5.1010 8.1188
5.0232 8.0991
4.9452 8.0796
4.8672 8.0604
4.7891 8.0415
4.7110 8.0229
4.6328 8.0044
4.5545 7.9862
4.4762 7.9682
4.3979 7.9503
4.3195 7.9326
4.2411 7.9150
4.1627 7.8975
4.0843 7.8801
4.0059 7.8627
3.9274 7.8453
3.8490 7.8279
3.7706 7.8105
3.6922 7.7929
3.6138 7.7752
3.5355 7.7574
3.4572 7.7393
3.3790 7.7210
3.3008 7.7024
3.2227 7.6835
3.1447 7.6643
3.0668 7.6446
2.9890 7.6245
2.9114 7.6039
2.8339 7.5828
2.7565 7.5611
2.6793 7.5388
2.6023 7.5159
2.5255 7.4923
2.4490 7.4680
2.3726 7.4429
2.2966 7.4170
2.2208 7.3904
2.1453 7.3628
2.0702 7.3344
1.9954 7.3050
1.9210 7.2747
1.8470 7.2434
1.7734 7.2111
1.7003 7.1778
1.6277 7.1434
1.5556 7.1080
1.4841 7.0715
1.4131 7.0339
1.3427 6.9952
1.2729 6.9554
1.2037 6.9145
1.1353 6.8724
1.0675 6.8293
1.0004 6.7851
0.9341 6.7398
0.8685 6.6934
0.8036 6.6460
0.7395 6.5975
0.6763 6.5480
0.6138 6.4976
0.5521 6.4461
0.4912 6.3937
0.4312 6.3403
0.3720 6.2859
0.3137 6.2307
0.2562 6.1745
0.1997 6.1174
0.1441 6.0594
0.0895 6.0005
0.0359 5.9406
-0.0166 5.8799
-0.0681 5.8182
-0.1185 5.7556
-0.1677 5.6921
-0.2157 5.6277
-0.2625 5.5624
-0.3080 5.4962
-0.3523 5.4291
-0.3952 5.3612
-0.4368 5.2925
-0.4770 5.2230
-0.5159 5.1527
-0.5534 5.0816
-0.5894 5.0098
-0.6240 4.9373
-0.6572 4.8642
-0.6890 4.7904
-0.7194 4.7160
-0.7483 4.6411
-0.7759 4.5656
-0.8020 4.4896
-0.8268 4.4132
-0.8502 4.3364
-0.8723 4.2591
-0.8931 4.1815
-0.9125 4.1035
-0.9307 4.0253
-0.9475 3.9467
-0.9632 3.8679
-0.9775 3.7889
-0.9906 3.7096
-1.0024 3.6302
