x y
3.8666 4.2433
3.9332 4.2881
4.0018 4.3299
4.0722 4.3685
4.1443 4.4039
4.2180 4.4359
4.2930 4.4645
4.3693 4.4895
4.4468 4.5109
4.5251 4.5286
4.6042 4.5426
4.6838 4.5528
4.7639 4.5591
4.8442 4.5617
4.9245 4.5604
5.0046 4.5553
5.0844 4.5465
5.1638 4.5339
5.2424 4.5176
5.3202 4.4977
5.3970 4.4743
5.4727 4.4474
5.5471 4.4171
5.6201 4.3837
5.6916 4.3471
5.7615 4.3075
5.8297 4.2650
5.8961 4.2198
5.9606 4.1719
6.0231 4.1215
6.0837 4.0688
6.1422 4.0138
6.1987 3.9567
6.2532 3.8976
6.3055 3.8367
6.3557 3.7740
6.4039 3.7097
6.4499 3.6439
6.4938 3.5766
6.5357 3.5080
6.5755 3.4383
6.6133 3.3674
6.6490 3.2954
6.6828 3.2225
6.7146 3.1488
6.7446 3.0742
6.7727 2.9990
6.7989 2.9231
6.8235 2.8466
6.8463 2.7695
6.8675 2.6921
6.8871 2.6142
6.9052 2.5359
6.9219 2.4573
6.9371 2.3784
6.9510 2.2993
6.9637 2.2200
6.9752 2.1404
6.9856 2.0608
6.9949 1.9810
7.0033 1.9011
7.0108 1.8211
7.0176 1.7410
7.0235 1.6609
7.0289 1.5808
7.0337 1.5006
7.0380 1.4203
7.0419 1.3401
7.0455 1.2598
7.0489 1.1796
7.0520 1.0993
7.0552 1.0190
7.0583 0.9387
7.0615 0.8585
7.0648 0.7782
7.0684 0.6979
7.0723 0.6177
7.0767 0.5375
7.0815 0.4573
7.0868 0.3771
7.0928 0.2970
7.0996 0.2169
7.1071 0.1369
7.1154 0.0570
7.1247 -0.0228
7.1350 -0.1024
7.1463 -0.1820
7.1588 -0.2613
7.1725 -0.3405
7.1874 -0.4194
7.2036 -0.4981
7.2212 -0.5765
7.2402 -0.6546
7.2606 -0.7323
7.2826 -0.8096
7.3060 -0.8864
7.3310 -0.9627
7.3577 -1.0385
7.3859 -1.1138
7.4157 -1.1883
7.4472 -1.2623
7.4803 -1.3354
7.5152 -1.4078
7.5516 -1.4794
7.5898 -1.5501
7.6296 -1.6199
7.6711 -1.6886
7.7143 -1.7564
7.7592 -1.8231
7.8057 -1.8886
7.8538 -1.9529
7.9036 -2.0160
7.9549 -2.0777
8.0079 -2.1381
8.0624 -2.1971
8.1185 -2.2547
8.1760 -2.3107
8.2350 -2.3653
8.2954 -2.4182
8.3572 -2.4696
8.4203 -2.5193
8.4847 -2.5673
8.5503 -2.6137
8.6172 -2.6582
8.6852 -2.7010
8.7542 -2.7421
8.8243 -2.7813
8.8954 -2.8188
8.9673 -2.8545
9.0402 -2.8884
9.1138 -2.9205
9.1882 -2.9508
9.2633 -2.9794
9.3391 -3.0061
9.4154 -3.0311
9.4923 -3.0544
9.5697 -3.0759
9.6476 -3.0957
9.7258 -3.1138
9.8045 -3.1303
9.8834 -3.1451
9.9627 -3.1583
10.0422 -3.1698
10.1219 -3.1799
10.2018 -3.1883
10.2818 -3.1953
10.3620 -3.2007
10.4422 -3.2047
10.5225 -3.2073
10.6029 -3.2084
10.6832 -3.2082
10.7635 -3.2066
10.8438 -3.2037
10.9240 -3.1995
11.0042 -3.1941
11.0843 -3.1875
11.1642 -3.1796
11.2441 -3.1707
11.3238 -3.1606
11.4033 -3.1495
11.4828 -3.1374
11.5620 -3.1242
11.6411 -3.1102
11.7200 -3.0952
11.7988 -3.0794
11.8774 -3.0628
11.9559 -3.0454
12.0341 -3.0273
12.1122 -3.0085
12.1902 -2.9891
12.2680 -2.9691
12.3457 -2.9485
12.4232 -2.9275
12.5006 -2.9060
12.5779 -2.8841
12.6551 -2.8618
12.7322 -2.8392
12.8092 -2.8163
12.8861 -2.7931
12.9630 -2.7697
13.0398 -2.7462
13.1166 -2.7225
13.1933 -2.6986
13.2700 -2.6747
13.3467 -2.6508
13.4234 -2.6268
13.5001 -2.6029
13.5768 -2.5790
13.6535 -2.5551
13.7302 -2.5314
13.8070 -2.5077
13.8838 -2.4842
13.9607 -2.4608
14.0376 -2.4375
14.1145 -2.4144
14.1915 -2.3915
14.2686 -2.3687
14.3456 -2.3460
14.4227 -2.3235
14.4999 -2.3010
14.5770 -2.2786
14.6542 -2.2563
14.7314 -2.2339
14.8085 -2.2115
14.8856 -2.1889
14.9627 -2.1662
15.0397 -2.1432
15.1165 -2.1199
15.1933 -2.0960
15.2698 -2.0716
15.3461 -2.0466
15.4222 -2.0206
15.4979 -1.9937
15.5732 -1.9657
15.6480 -1.9364
15.7222 -1.9056
15.7957 -1.8733
15.8685 -1.8392
15.9403 -1.8031
16.0109 -1.7649
16.0803 -1.7244
16.1482 -1.6814
16.2144 -1.6358
16.2786 -1.5875
16.3405 -1.5364
16.3999 -1.4823
16.4564 -1.4251
16.5096 -1.3650
16.5592 -1.3018
16.6048 -1.2357
16.6460 -1.1667
16.6823 -1.0951
16.7135 -1.0210
16.7390 -0.9449
16.7586 -0.8670
16.7721 -0.7879
16.7791 -0.7079
16.7796 -0.6281
16.7737 -0.5491
16.7613 -0.4712
16.7426 -0.3948
16.7178 -0.3203
16.6870 -0.2481
16.6502 -0.1785
16.6078 -0.1118
16.5599 -0.0484
16.5066 0.0114
16.4486 0.0669
16.3865 0.1177
16.3207 0.1637
16.2518 0.2048
16.1801 0.2410
16.1062 0.2722
16.0303 0.2986
15.9530 0.3201
15.8745 0.3370
15.7951 0.3494
15.7152 0.3573
15.6350 0.3611
15.5547 0.3608
15.4745 0.3567
15.3945 0.3490
15.3150 0.3379
15.2359 0.3237
15.1575 0.3066
15.0796 0.2868
15.0024 0.2646
14.9259 0.2402
14.8500 0.2137
14.7748 0.1855
14.7003 0.1555
14.6264 0.1241
14.5530 0.0913
14.4802 0.0574
14.4078 0.0225
14.3359 -0.0134
14.2644 -0.0500
14.1933 -0.0873
14.1224 -0.1251
14.0518 -0.1634
13.9814 -0.2022
13.9112 -0.2412
13.8411 -0.2805
13.7711 -0.3199
13.7012 -0.3595
13.6313 -0.3991
13.5614 -0.4388
13.4915 -0.4784
13.4216 -0.5180
13.3516 -0.5574
13.2816 -0.5968
13.2115 -0.6360
13.1413 -0.6750
13.0709 -0.7139
13.0005 -0.7525
12.9299 -0.7908
12.8591 -0.8289
12.7882 -0.8666
12.7171 -0.9040
12.6458 -0.9411
12.5743 -0.9777
12.5026 -1.0140
12.4307 -1.0498
12.3585 -1.0850
12.2861 -1.1198
12.2133 -1.1539
12.1402 -1.1872
12.0668 -1.2198
11.9930 -1.2515
11.9187 -1.2821
11.8440 -1.3117
11.7688 -1.3400
11.6931 -1.3668
11.6168 -1.3920
11.5399 -1.4154
11.4625 -1.4367
11.3844 -1.4557
11.3058 -1.4721
11.2266 -1.4857
11.1470 -1.4960
11.0670 -1.5029
10.9867 -1.5059
10.9064 -1.5048
10.8263 -1.4992
10.7467 -1.4888
10.6679 -1.4733
10.5904 -1.4525
10.5146 -1.4261
10.4410 -1.3940
10.3702 -1.3562
10.3038 -1.3133
10.2422 -1.2657
10.1856 -1.2137
10.1342 -1.1575
10.0884 -1.0976
10.0482 -1.0344
10.0139 -0.9682
9.9856 -0.8993
9.9635 -0.8282
9.9475 -0.7553
9.9378 -0.6810
9.9346 -0.6058
9.9378 -0.5299
9.9476 -0.4539
9.9638 -0.3780
9.9864 -0.3028
10.0153 -0.2284
10.0501 -0.1560
10.0902 -0.0864
10.1351 -0.0198
10.1844 0.0436
10.2376 0.1037
10.2945 0.1605
10.3544 0.2139
10.4172 0.2640
10.4824 0.3109
10.5498 0.3547
10.6190 0.3955
10.6897 0.4335
10.7618 0.4690
10.8350 0.5022
10.9091 0.5332
10.9839 0.5625
11.0593 0.5902
11.1351 0.6166
11.2114 0.6421
11.2878 0.6667
11.3644 0.6909
11.4411 0.7149
11.5178 0.7389
11.5943 0.7633
11.6707 0.7882
11.7468 0.8140
11.8225 0.8408
11.8978 0.8689
11.9725 0.8985
12.0465 0.9298
12.1197 0.9629
12.1919 0.9980
12.2631 1.0352
12.3331 1.0746
12.4017 1.1164
12.4689 1.1605
12.5343 1.2070
12.5980 1.2560
12.6598 1.3074
12.7194 1.3612
12.7768 1.4174
12.8318 1.4759
12.8844 1.5366
12.9344 1.5995
12.9817 1.6644
13.0264 1.7311
13.0682 1.7997
13.1072 1.8699
13.1434 1.9416
13.1768 2.0147
13.2072 2.0890
13.2348 2.1644
13.2596 2.2409
13.2815 2.3181
13.3006 2.3961
13.3170 2.4748
13.3307 2.5539
13.3417 2.6335
13.3502 2.7134
13.3561 2.7935
13.3596 2.8737
13.3608 2.9541
13.3597 3.0344
13.3564 3.1147
13.3509 3.1948
13.3435 3.2748
13.3340 3.3546
13.3228 3.4341
13.3097 3.5134
13.2950 3.5923
13.2787 3.6710
13.2609 3.7493
13.2416 3.8274
13.2211 3.9050
13.1994 3.9824
13.1765 4.0594
13.1525 4.1360
13.1275 4.2124
13.1016 4.2884
13.0748 4.3642
13.0473 4.4397
13.0191 4.5149
12.9902 4.5899
12.9608 4.6646
12.9309 4.7392
12.9005 4.8136
12.8697 4.8878
12.8386 4.9618
12.8071 5.0358
12.7754 5.1096
12.7434 5.1833
12.7113 5.2569
12.6789 5.3304
12.6464 5.4039
12.6138 5.4773
12.5811 5.5507
12.5483 5.6240
12.5153 5.6973
12.4824 5.7706
12.4493 5.8438
12.4161 5.9170
12.3829 5.9901
12.3495 6.0632
12.3160 6.1362
12.2824 6.2092
12.2485 6.2820
12.2145 6.3548
12.1802 6.4275
12.1457 6.5000
12.1108 6.5724
12.0756 6.6446
12.0400 6.7166
12.0039 6.7884
11.9673 6.8599
11.9302 6.9312
11.8924 7.0021
11.8540 7.0726
11.8148 7.1428
11.7749 7.2125
11.7341 7.2817
11.6924 7.3503
11.6497 7.4184
11.6060 7.4858
11.5613 7.5526
11.5154 7.6185
11.4684 7.6837
11.4202 7.7479
11.3708 7.8113
11.3201 7.8736
11.2681 7.9348
11.2148 7.9950
11.1602 8.0539
11.1043 8.1115
11.0470 8.1678
10.9884 8.2228
10.9284 8.2762
10.8671 8.3281
10.8045 8.3785
10.7406 8.4272
10.6754 8.4741
10.6090 8.5193
10.5414 8.5627
10.4726 8.6042
10.4027 8.6438
10.3318 8.6814
10.2598 8.7171
10.1868 8.7507
10.1129 8.7822
10.0382 8.8117
9.9627 8.8391
9.8864 8.8643
9.8095 8.8875
9.7320 8.9085
9.6539 8.9276
9.5755 8.9448
9.4967 8.9604
9.4176 8.9745
9.3383 8.9873
9.2587 8.9985
9.1789 9.0077
9.0989 9.0153
9.0188 9.0208
8.9385 9.0244
8.8582 9.0258
8.7779 9.0253
8.6976 9.0230
8.6173 9.0190
8.5372 9.0134
8.4572 9.0062
8.3773 8.9976
8.2976 8.9876
8.2181 8.9763
8.1387 8.9637
8.0596 8.9499
7.9806 8.9350
7.9019 8.9191
7.8233 8.9022
7.7450 8.8844
7.6669 8.8657
7.5889 8.8463
7.5111 8.8261
7.4335 8.8053
7.3561 8.7840
7.2788 8.7621
7.2016 8.7398
7.1245 8.7171
7.0476 8.6940
6.9707 8.6707
6.8939 8.6471
6.8172 8.6233
6.7405 8.5994
6.6638 8.5754
6.5871 8.5514
6.5105 8.5274
6.4338 8.5033
6.3571 8.4794
6.2804 8.4556
6.2036 8.4318
6.1268 8.4083
6.0500 8.3849
5.9731 8.3617
5.8961 8.3387
5.8190 8.3160
5.7419 8.2935
5.6647 8.2713
5.5874 8.2494
5.5100 8.2277
5.4325 8.2064
5.3550 8.1854
5.2774 8.1647
5.1997 8.1443
5.1219 8.1242
5.0440 8.1043
4.9661 8.0848
4.8881 8.0656
4.8100 8.0466
4.7319 8.0278
4.6537 8.0093
4.5755 7.9911
4.4972 7.9730
4.4189 7.9551
4.3405 7.9373
4.2622 7.9197
4.1838 7.9022
4.1053 7.8847
4.0269 7.8674
3.9485 7.8500
3.8700 7.8326
3.7916 7.8151
3.7132 7.7976
3.6348 7.7800
3.5565 7.7622
3.4782 7.7442
3.3999 7.7259
3.3217 7.7074
3.2436 7.6886
3.1656 7.6695
3.0877 7.6499
3.0099 7.6299
2.9322 7.6095
2.8546 7.5885
2.7772 7.5670
2.7000 7.5448
2.6229 7.5221
2.5461 7.4987
2.4695 7.4746
2.3931 7.4497
2.3169 7.4241
2.2411 7.3976
2.1655 7.3703
2.0903 7.3421
2.0154 7.3130
1.9409 7.2829
1.8668 7.2519
1.7931 7.2199
1.7199 7.1868
1.6471 7.1527
1.5749 7.1176
1.5032 7.0814
1.4320 7.0441
1.3615 7.0057
1.2915 6.9661
1.2222 6.9255
1.1536 6.8838
1.0856 6.8410
1.0183 6.7971
0.9518 6.7520
0.8860 6.7060
0.8209 6.6588
0.7566 6.6106
0.6931 6.5614
0.6304 6.5112
0.5685 6.4600
0.5074 6.4078
0.4472 6.3547
0.3878 6.3006
0.3292 6.2456
0.2715 6.1897
0.2148 6.1328
0.1590 6.0750
0.1041 6.0164
0.0502 5.9568
-0.0026 5.8962
-0.0544 5.8348
-0.1051 5.7725
-0.1546 5.7092
-0.2029 5.6450
-0.2501 5.5800
-0.2959 5.5140
-0.3405 5.4472
-0.3838 5.3795
-0.4258 5.3110
-0.4664 5.2417
-0.5056 5.1716
-0.5434 5.1007
-0.5799 5.0291
-0.6149 4.9568
-0.6485 4.8838
-0.6806 4.8102
-0.7114 4.7360
-0.7407 4.6612
-0.7686 4.5859
-0.7952 4.5100
-0.8203 4.4337
-0.8441 4.3570
-0.8665 4.2798
-0.8876 4.2023
-0.9074 4.1245
-0.9259 4.0463
-0.9431 3.9678
-0.9591 3.8891
-0.9738 3.8101
-0.9872 3.7309
-0.9994 3.6515
-1.0102 3.5719
-1.0199 3.4921
-1.0282 3.4122
-1.0352 3.3322
-1.0410 3.2520
-1.0455 3.1718
-1.0488 3.0916
-1.0507 3.0112
-1.0514 2.9309
-1.0509 2.8506
-1.0491 2.7703
-1.0461 2.6900
-1.0419 2.6097
-1.0365 2.5296
-1.0300 2.4495
-1.0223 2.3695
-1.0134 2.2897
-1.0035 2.2100
-0.9926 2.1304
-0.9806 2.0509
-0.9676 1.9717
-0.9536 1.8925
-0.9387 1.8136
-0.9229 1.7348
-0.9062 1.6562
-0.8887 1.5778
-0.8705 1.4996
-0.8514 1.4215
-0.8317 1.3437
-0.8112 1.2660
-0.7902 1.1884
-0.7685 1.1111
-0.7462 1.0339
-0.7234 0.9568
-0.7001 0.8800
-0.6764 0.8032
-0.6522 0.7266
-0.6276 0.6501
-0.6027 0.5737
-0.5774 0.4975
-0.5519 0.4213
-0.5260 0.3452
-0.5000 0.2692
-0.4737 0.1933
-0.4472 0.1174
-0.4206 0.0416
-0.3939 -0.0341
-0.3671 -0.1098
-0.3401 -0.1855
-0.3132 -0.2612
-0.2862 -0.3369
-0.2591 -0.4125
-0.2321 -0.4882
-0.2051 -0.5639
-0.1780 -0.6395
-0.1511 -0.7152
-0.1242 -0.7909
-0.0973 -0.8666
-0.0705 -0.9423
-0.0437 -1.0181
-0.0170 -1.0939
0.0096 -1.1697
0.0362 -1.2455
0.0627 -1.3213
0.0891 -1.3972
0.1155 -1.4731
0.1419 -1.5489
0.1683 -1.6248
0.1947 -1.7007
