x y v
9.2125 9.0034 1.3007
9.1477 9.0097 1.3015
9.0829 9.0151 1.3024
9.0179 9.0199 1.3032
8.9528 9.0238 1.3041
8.8877 9.0269 1.3050
8.8225 9.0292 1.3058
8.7572 9.0307 1.3067
8.6918 9.0312 1.3076
8.6264 9.0308 1.3085
8.5610 9.0295 1.3094
8.4955 9.0272 1.3103
8.4301 9.0240 1.3112
8.3646 9.0198 1.3121
8.2992 9.0145 1.3130
8.2338 9.0082 1.3139
8.1685 9.0010 1.3148
8.1033 8.9927 1.3158
8.0381 8.9834 1.3168
7.9731 8.9731 1.3177
7.9081 8.9619 1.3187
7.8433 8.9497 1.3197
7.7786 8.9366 1.3208
7.7140 8.9226 1.3218
7.6496 8.9077 1.3228
7.5853 8.8920 1.3239
7.5212 8.8756 1.3250
7.4572 8.8583 1.3261
7.3933 8.8404 1.3272
7.3296 8.8219 1.3283
7.2660 8.8027 1.3294
7.2025 8.7829 1.3306
7.1391 8.7627 1.3317
7.0757 8.7420 1.3329
7.0125 8.7210 1.3341
6.9493 8.6995 1.3353
6.8861 8.6778 1.3365
6.8230 8.6558 1.3377
6.7598 8.6337 1.3389
6.6967 8.6114 1.3401
6.6335 8.5890 1.3413
6.5703 8.5665 1.3425
6.5070 8.5440 1.3438
6.4437 8.5215 1.3450
6.3802 8.4991 1.3463
6.3167 8.4768 1.3476
6.2530 8.4546 1.3488
6.1892 8.4326 1.3501
6.1253 8.4108 1.3514
6.0613 8.3891 1.3527
5.9971 8.3677 1.3540
5.9328 8.3465 1.3553
5.8683 8.3257 1.3567
5.8036 8.3051 1.3582
5.7387 8.2849 1.3597
5.6736 8.2651 1.3612
5.6084 8.2457 1.3628
5.5429 8.2266 1.3644
5.4773 8.2079 1.3660
5.4114 8.1896 1.3677
5.3454 8.1716 1.3695
5.2792 8.1540 1.3712
5.2128 8.1366 1.3730
5.1462 8.1196 1.3748
5.0795 8.1028 1.3766
5.0127 8.0863 1.3785
4.9456 8.0700 1.3803
4.8785 8.0539 1.3822
4.8112 8.0380 1.3840
4.7438 8.0222 1.3859
4.6762 8.0065 1.3878
4.6085 7.9910 1.3896
4.5408 7.9755 1.3915
4.4729 7.9601 1.3933
4.4049 7.9448 1.3952
4.3368 7.9294 1.3970
4.2686 7.9141 1.3988
4.2003 7.8988 1.4005
4.1319 7.8835 1.4023
4.0634 7.8682 1.4041
3.9949 7.8527 1.4058
3.9263 7.8373 1.4075
3.8576 7.8217 1.4092
3.7889 7.8060 1.4109
3.7201 7.7902 1.4125
3.6513 7.7742 1.4142
3.5824 7.7581 1.4158
3.5135 7.7418 1.4174
3.4445 7.7252 1.4190
3.3755 7.7085 1.4206
3.3065 7.6915 1.4221
3.2375 7.6742 1.4236
3.1685 7.6566 1.4252
3.0995 7.6387 1.4267
3.0305 7.6205 1.4281
2.9615 7.6019 1.4296
2.8925 7.5829 1.4311
2.8236 7.5635 1.4325
2.7548 7.5437 1.4339
2.6860 7.5233 1.4353
2.6173 7.5025 1.4367
2.5486 7.4812 1.4381
2.4801 7.4594 1.4395
2.4117 7.4369 1.4408
2.3434 7.4139 1.4422
2.2752 7.3902 1.4435
2.2072 7.3659 1.4448
2.1394 7.3408 1.4461
2.0718 7.3151 1.4474
2.0045 7.2886 1.4487
1.9373 7.2614 1.4500
1.8704 7.2333 1.4513
1.8038 7.2045 1.4526
1.7375 7.1748 1.4538
1.6715 7.1443 1.4551
1.6058 7.1129 1.4564
1.5405 7.0806 1.4576
1.4756 7.0474 1.4588
1.4111 7.0133 1.4601
1.3470 6.9783 1.4613
1.2833 6.9423 1.4625
1.2201 6.9055 1.4638
1.1574 6.8677 1.4650
1.0952 6.8290 1.4662
1.0335 6.7894 1.4674
0.9723 6.7488 1.4685
0.9117 6.7074 1.4697
0.8516 6.6650 1.4709
0.7921 6.6218 1.4720
0.7331 6.5776 1.4732
0.6748 6.5326 1.4743
0.6171 6.4866 1.4754
0.5601 6.4398 1.4766
0.5036 6.3922 1.4777
0.4479 6.3437 1.4787
0.3928 6.2943 1.4798
0.3384 6.2441 1.4809
0.2848 6.1930 1.4820
0.2319 6.1411 1.4830
0.1797 6.0884 1.4840
0.1283 6.0348 1.4851
0.0777 5.9804 1.4861
0.0279 5.9252 1.4871
-0.0210 5.8692 1.4881
-0.0691 5.8124 1.4891
-0.1163 5.7548 1.4901
-0.1626 5.6964 1.4910
-0.2079 5.6372 1.4920
-0.2524 5.5772 1.4930
-0.2958 5.5165 1.4939
-0.3382 5.4550 1.4949
-0.3796 5.3927 1.4958
-0.4199 5.3297 1.4968
-0.4592 5.2660 1.4977
-0.4973 5.2015 1.4987
-0.5344 5.1363 1.4996
-0.5702 5.0704 1.5006
-0.6049 5.0039 1.5015
-0.6384 4.9367 1.5025
-0.6707 4.8688 1.5034
-0.7018 4.8003 1.5044
-0.7316 4.7313 1.5054
-0.7601 4.6616 1.5063
-0.7874 4.5914 1.5073
-0.8135 4.5206 1.5083
-0.8382 4.4493 1.5093
-0.8617 4.3776 1.5103
-0.8839 4.3054 1.5113
-0.9048 4.2328 1.5124
-0.9245 4.1597 1.5134
-0.9429 4.0863 1.5144
-0.9600 4.0125 1.5155
-0.9760 3.9384 1.5165
-0.9907 3.8640 1.5176
-1.0042 3.7893 1.5186
-1.0165 3.7144 1.5197
-1.0276 3.6392 1.5207
-1.0376 3.5638 1.5218
-1.0464 3.4882 1.5229
-1.0541 3.4124 1.5240
-1.0606 3.3364 1.5250
-1.0660 3.2603 1.5261
-1.0704 3.1841 1.5272
-1.0736 3.1078 1.5283
-1.0757 3.0314 1.5293
-1.0768 2.9549 1.5304
-1.0767 2.8784 1.5315
-1.0757 2.8018 1.5326
-1.0735 2.7252 1.5337
-1.0704 2.6485 1.5348
-1.0662 2.5719 1.5359
-1.0609 2.4952 1.5370
-1.0547 2.4186 1.5381
-1.0474 2.3420 1.5392
-1.0391 2.2655 1.5403
-1.0299 2.1890 1.5414
-1.0196 2.1126 1.5426
-1.0083 2.0362 1.5437
-0.9960 1.9600 1.5449
-0.9825 1.8839 1.5462
-0.9681 1.8079 1.5475
-0.9525 1.7321 1.5489
-0.9360 1.6564 1.5503
-0.9185 1.5809 1.5517
-0.9000 1.5055 1.5532
-0.8808 1.4302 1.5547
-0.8607 1.3551 1.5562
-0.8398 1.2801 1.5578
-0.8183 1.2052 1.5594
-0.7961 1.1304 1.5609
-0.7733 1.0557 1.5625
-0.7501 0.9811 1.5642
-0.7263 0.9065 1.5658
-0.7021 0.8320 1.5674
-0.6776 0.7575 1.5690
-0.6527 0.6831 1.5706
-0.6275 0.6087 1.5722
-0.6020 0.5343 1.5738
-0.5764 0.4598 1.5754
-0.5505 0.3854 1.5769
-0.5244 0.3110 1.5785
-0.4981 0.2365 1.5800
-0.4717 0.1620 1.5815
-0.4452 0.0874 1.5830
-0.4186 0.0129 1.5845
-0.3919 -0.0618 1.5860
-0.3651 -0.1364 1.5874
-0.3382 -0.2111 1.5888
-0.3113 -0.2859 1.5902
-0.2844 -0.3608 1.5916
-0.2574 -0.4357 1.5930
-0.2304 -0.5107 1.5943
-0.2034 -0.5857 1.5957
-0.1764 -0.6608 1.5970
-0.1494 -0.7360 1.5983
-0.1223 -0.8112 1.5996
-0.0953 -0.8865 1.6008
-0.0683 -0.9619 1.6021
-0.0413 -1.0373 1.6033
-0.0143 -1.1129 1.6045
0.0127 -1.1884 1.6057
0.0397 -1.2641 1.6068
0.0668 -1.3397 1.6080
0.0938 -1.4155 1.6091
0.1209 -1.4913 1.6102
0.1481 -1.5671 1.6113
0.1753 -1.6429 1.6123
0.2026 -1.7188 1.6133
0.2300 -1.7947 1.6144
0.2576 -1.8706 1.6153
0.2853 -1.9465 1.6163
0.3131 -2.0224 1.6172
0.3412 -2.0982 1.6182
0.3695 -2.1741 1.6191
0.3981 -2.2498 1.6199
0.4270 -2.3255 1.6208
0.4562 -2.4011 1.6216
0.4858 -2.4767 1.6224
0.5158 -2.5520 1.6232
0.5463 -2.6273 1.6239
0.5772 -2.7024 1.6247
0.6088 -2.7772 1.6254
0.6409 -2.8519 1.6260
0.6737 -2.9263 1.6267
0.7072 -3.0004 1.6273
0.7415 -3.0743 1.6279
0.7765 -3.1477 1.6285
0.8124 -3.2208 1.6290
0.8493 -3.2935 1.6295
0.8871 -3.3656 1.6300
0.9260 -3.4373 1.6305
0.9659 -3.5084 1.6309
1.0070 -3.5788 1.6313
1.0493 -3.6486 1.6316
1.0928 -3.7176 1.6320
1.1376 -3.7858 1.6323
1.1838 -3.8531 1.6326
1.2314 -3.9194 1.6328
1.2804 -3.9847 1.6330
1.3310 -4.0489 1.6332
1.3830 -4.1117 1.6334
1.4367 -4.1733 1.6335
1.4920 -4.2335 1.6335
1.5489 -4.2921 1.6336
1.6074 -4.3490 1.6336
1.6677 -4.4041 1.6335
1.7297 -4.4573 1.6335
1.7933 -4.5084 1.6334
1.8587 -4.5574 1.6333
1.9258 -4.6040 1.6331
1.9945 -4.6481 1.6328
2.0648 -4.6895 1.6326
2.1367 -4.7281 1.6323
2.2101 -4.7637 1.6320
2.2850 -4.7963 1.6316
2.3611 -4.8255 1.6313
2.4385 -4.8513 1.6308
2.5169 -4.8735 1.6304
2.5963 -4.8919 1.6300
2.6765 -4.9066 1.6295
2.7572 -4.9173 1.6291
2.8384 -4.9240 1.6286
2.9197 -4.9265 1.6281
3.0011 -4.9248 1.6276
3.0823 -4.9189 1.6272
3.1627 -4.9080 1.6170
3.2405 -4.8872 1.6083
3.3161 -4.8598 1.6155
3.3922 -4.8321 1.6207
3.4675 -4.8022 1.6207
3.5415 -4.7692 1.6204
3.6140 -4.7330 1.6201
3.6848 -4.6936 1.6198
3.7536 -4.6510 1.6194
3.8204 -4.6053 1.6191
3.8850 -4.5564 1.6188
3.9471 -4.5045 1.6186
4.0066 -4.4498 1.6184
4.0635 -4.3922 1.6181
4.1175 -4.3320 1.6180
4.1685 -4.2692 1.6179
4.2165 -4.2041 1.6178
4.2614 -4.1369 1.6178
4.3032 -4.0676 1.6178
4.3417 -3.9964 1.6179
4.3769 -3.9236 1.6180
4.4089 -3.8493 1.6181
4.4377 -3.7737 1.6184
4.4632 -3.6969 1.6185
4.4856 -3.6192 1.6188
4.5048 -3.5405 1.6191
4.5209 -3.4612 1.6195
4.5341 -3.3813 1.6198
4.5443 -3.3010 1.6201
4.5517 -3.2203 1.6205
4.5563 -3.1394 1.6210
4.5582 -3.0583 1.6215
4.5576 -2.9773 1.6219
4.5545 -2.8962 1.6224
4.5490 -2.8153 1.6229
4.5412 -2.7345 1.6234
4.5313 -2.6539 1.6240
4.5193 -2.5736 1.6245
4.5053 -2.4936 1.6251
4.4894 -2.4139 1.6257
4.4718 -2.3345 1.6263
4.4524 -2.2555 1.6270
4.4315 -2.1769 1.6276
4.4091 -2.0987 1.6282
4.3852 -2.0208 1.6289
4.3600 -1.9434 1.6296
4.3335 -1.8663 1.6303
4.3058 -1.7896 1.6310
4.2769 -1.7133 1.6319
4.2470 -1.6374 1.6327
4.2161 -1.5618 1.6336
4.1843 -1.4865 1.6346
4.1518 -1.4115 1.6356
4.1185 -1.3368 1.6366
4.0848 -1.2622 1.6376
4.0505 -1.1878 1.6387
4.0158 -1.1135 1.6397
3.9809 -1.0393 1.6408
3.9457 -0.9652 1.6419
3.9104 -0.8911 1.6430
3.8750 -0.8169 1.6441
3.8396 -0.7427 1.6452
3.8043 -0.6684 1.6463
3.7690 -0.5940 1.6474
3.7339 -0.5194 1.6484
3.6990 -0.4447 1.6495
3.6643 -0.3699 1.6506
3.6299 -0.2948 1.6516
3.5958 -0.2196 1.6527
3.5621 -0.1441 1.6537
3.5288 -0.0684 1.6547
3.4959 0.0076 1.6557
3.4636 0.0838 1.6566
3.4318 0.1603 1.6576
3.4006 0.2371 1.6585
3.3700 0.3142 1.6594
3.3401 0.3916 1.6602
3.3110 0.4694 1.6611
3.2826 0.5475 1.6619
3.2551 0.6259 1.6627
3.2286 0.7047 1.6635
3.2029 0.7838 1.6642
3.1783 0.8633 1.6650
3.1547 0.9432 1.6657
3.1322 1.0234 1.6664
3.1108 1.1039 1.6670
3.0908 1.1848 1.6677
3.0719 1.2661 1.6683
3.0544 1.3477 1.6689
3.0383 1.4296 1.6695
3.0236 1.5117 1.6700
3.0104 1.5942 1.6706
2.9987 1.6769 1.6711
2.9887 1.7599 1.6716
2.9802 1.8430 1.6721
2.9735 1.9264 1.6725
2.9686 2.0099 1.6729
2.9654 2.0935 1.6733
2.9641 2.1771 1.6737
2.9648 2.2608 1.6740
2.9674 2.3445 1.6744
2.9721 2.4281 1.6747
2.9788 2.5115 1.6749
2.9877 2.5948 1.6752
2.9988 2.6779 1.6754
3.0121 2.7606 1.6756
3.0277 2.8429 1.6758
3.0456 2.9247 1.6760
3.0660 3.0060 1.6761
3.0887 3.0867 1.6762
3.1140 3.1666 1.6762
3.1418 3.2457 1.6763
3.1721 3.3238 1.6763
3.2050 3.4009 1.6763
3.2406 3.4768 1.6763
3.2788 3.5514 1.6762
3.3196 3.6245 1.6761
3.3632 3.6961 1.6760
3.4094 3.7660 1.6759
3.4583 3.8341 1.6758
3.5098 3.9001 1.6756
3.5640 3.9641 1.6754
3.6207 4.0257 1.6752
3.6800 4.0848 1.6749
3.7418 4.1413 1.6747
3.8059 4.1951 1.6744
3.8724 4.2460 1.6741
3.9411 4.2938 1.6738
4.0119 4.3384 1.6735
4.0847 4.3796 1.6732
4.1593 4.4174 1.6729
4.2356 4.4516 1.6727
4.3135 4.4822 1.6724
4.3927 4.5089 1.6721
4.4731 4.5318 1.6718
4.5545 4.5507 1.6715
4.6367 4.5656 1.6713
4.7195 4.5765 1.6710
4.8028 4.5833 1.6708
4.8863 4.5861 1.6706
4.9698 4.5847 1.6704
5.0531 4.5793 1.6702
5.1369 4.5707 1.7038
5.2221 4.5659 1.7045
5.3073 4.5657 1.7053
5.3922 4.5598 1.6975
5.4756 4.5450 1.6909
5.5571 4.5230 1.6885
5.6366 4.4948 1.6881
5.7140 4.4611 1.6884
5.7892 4.4226 1.6889
5.8619 4.3797 1.6895
5.9321 4.3327 1.6899
5.9997 4.2821 1.6905
6.0648 4.2281 1.6911
6.1272 4.1711 1.6916
6.1872 4.1115 1.6922
6.2447 4.0494 1.6927
6.2997 3.9850 1.6932
6.3523 3.9187 1.6937
6.4026 3.8506 1.6942
6.4506 3.7808 1.6948
6.4965 3.7095 1.6952
6.5402 3.6369 1.6957
6.5818 3.5630 1.6962
6.6213 3.4879 1.6966
6.6589 3.4119 1.6971
6.6945 3.3348 1.6976
6.7283 3.2570 1.6981
6.7602 3.1783 1.6986
6.7902 3.0988 1.6991
6.8185 3.0187 1.6996
6.8450 2.9379 1.7002
6.8698 2.8566 1.7007
6.8929 2.7748 1.7013
6.9144 2.6924 1.7018
6.9343 2.6097 1.7024
6.9525 2.5265 1.7030
6.9691 2.4430 1.7036
6.9841 2.3591 1.7043
6.9976 2.2750 1.7051
7.0096 2.1906 1.7059
7.0201 2.1059 1.7067
7.0294 2.0210 1.7076
7.0375 1.9360 1.7086
7.0446 1.8509 1.7096
7.0507 1.7656 1.7106
7.0561 1.6802 1.7116
7.0608 1.5947 1.7126
7.0649 1.5092 1.7136
7.0686 1.4235 1.7146
7.0719 1.3378 1.7157
7.0751 1.2521 1.7167
7.0781 1.1663 1.7177
7.0812 1.0804 1.7187
7.0843 0.9945 1.7197
7.0876 0.9086 1.7207
7.0911 0.8226 1.7217
7.0950 0.7366 1.7227
7.0993 0.6505 1.7236
7.1040 0.5644 1.7245
7.1093 0.4784 1.7254
7.1153 0.3923 1.7263
7.1220 0.3062 1.7271
7.1294 0.2201 1.7280
7.1377 0.1341 1.7288
7.1470 0.0482 1.7295
7.1573 -0.0377 1.7303
7.1688 -0.1235 1.7310
7.1813 -0.2091 1.7318
7.1952 -0.2946 1.7324
7.2103 -0.3799 1.7331
7.2268 -0.4650 1.7338
7.2448 -0.5498 1.7344
7.2643 -0.6343 1.7350
7.2854 -0.7185 1.7356
7.3081 -0.8023 1.7362
7.3325 -0.8856 1.7368
7.3586 -0.9684 1.7373
7.3865 -1.0507 1.7379
7.4162 -1.1324 1.7384
7.4477 -1.2134 1.7389
7.4812 -1.2937 1.7394
7.5166 -1.3731 1.7399
7.5539 -1.4517 1.7403
7.5932 -1.5293 1.7408
7.6345 -1.6060 1.7413
7.6777 -1.6816 1.7417
7.7230 -1.7560 1.7422
7.7702 -1.8292 1.7426
7.8194 -1.9011 1.7430
7.8705 -1.9717 1.7435
7.9236 -2.0409 1.7439
7.9786 -2.1085 1.7443
8.0356 -2.1746 1.7448
8.0943 -2.2391 1.7452
8.1550 -2.3019 1.7456
8.2174 -2.3629 1.7460
8.2815 -2.4221 1.7465
8.3473 -2.4795 1.7469
8.4148 -2.5350 1.7474
8.4839 -2.5885 1.7478
8.5545 -2.6400 1.7483
8.6266 -2.6895 1.7487
8.7000 -2.7369 1.7492
8.7748 -2.7822 1.7497
8.8509 -2.8254 1.7502
8.9282 -2.8665 1.7507
9.0066 -2.9055 1.7512
9.0861 -2.9423 1.7518
9.1665 -2.9769 1.7523
9.2479 -3.0094 1.7529
9.3302 -3.0397 1.7534
9.4132 -3.0679 1.7540
9.4969 -3.0940 1.7546
9.5813 -3.1180 1.7552
9.6664 -3.1398 1.7559
9.7519 -3.1596 1.7565
9.8379 -3.1774 1.7571
9.9244 -3.1931 1.7578
10.0112 -3.2069 1.7585
10.0983 -3.2187 1.7592
10.1857 -3.2286 1.7598
10.2734 -3.2366 1.7605
10.3612 -3.2427 1.7612
10.4492 -3.2468 1.7619
10.5373 -3.2490 1.7627
10.6254 -3.2491 1.7635
10.7136 -3.2473 1.7644
10.8018 -3.2437 1.7653
10.8899 -3.2391 1.7635
10.9780 -3.2373 1.7638
11.0661 -3.2332 1.7637
11.1540 -3.2260 1.7642
11.2418 -3.2164 1.7651
11.3293 -3.2048 1.7662
11.4166 -3.1912 1.7674
11.5036 -3.1760 1.7685
11.5905 -3.1593 1.7697
11.6772 -3.1413 1.7709
11.7636 -3.1221 1.7721
11.8499 -3.1018 1.7733
11.9360 -3.0805 1.7744
12.0220 -3.0584 1.7755
12.1078 -3.0356 1.7767
12.1935 -3.0121 1.7778
12.2791 -2.9881 1.7788
12.3646 -2.9636 1.7799
12.4501 -2.9386 1.7809
12.5354 -2.9132 1.7819
12.6208 -2.8875 1.7829
12.7061 -2.8616 1.7839
12.7914 -2.8353 1.7848
12.8766 -2.8089 1.7857
12.9619 -2.7823 1.7866
13.0471 -2.7556 1.7875
13.1324 -2.7288 1.7883
13.2177 -2.7019 1.7891
13.3030 -2.6749 1.7899
13.3884 -2.6480 1.7906
13.4738 -2.6210 1.7914
13.5592 -2.5941 1.7920
13.6447 -2.5673 1.7927
13.7303 -2.5404 1.7934
13.8159 -2.5137 1.7940
13.9015 -2.4870 1.7945
13.9873 -2.4604 1.7951
14.0730 -2.4339 1.7956
14.1588 -2.4075 1.7961
14.2447 -2.3811 1.7966
14.3306 -2.3548 1.7970
14.4165 -2.3285 1.7974
14.5024 -2.3022 1.7978
14.5884 -2.2758 1.7981
14.6743 -2.2494 1.7984
14.7603 -2.2229 1.7987
14.8461 -2.1961 1.7990
14.9320 -2.1692 1.7992
15.0177 -2.1419 1.7993
15.1033 -2.1142 1.7994
15.1887 -2.0860 1.7995
15.2740 -2.0573 1.7996
15.3590 -2.0278 1.7996
15.4437 -1.9975 1.7995
15.5282 -1.9664 1.7995
15.6122 -1.9343 1.7993
15.6958 -1.9011 1.7991
15.7789 -1.8666 1.7988
15.8613 -1.8306 1.7984
15.9429 -1.7928 1.7979
16.0234 -1.7529 1.7973
16.1027 -1.7106 1.7964
16.1804 -1.6656 1.7953
16.2561 -1.6175 1.7939
16.3296 -1.5661 1.7926
16.4003 -1.5111 1.7908
16.4678 -1.4524 1.7888
16.5316 -1.3898 1.7867
16.5912 -1.3233 1.7843
16.6459 -1.2529 1.7818
16.6953 -1.1789 1.7792
16.7387 -1.1014 1.7761
16.7757 -1.0207 1.7737
16.8060 -0.9374 1.7710
16.8291 -0.8520 1.7684
16.8447 -0.7651 1.7657
16.8527 -0.6773 1.7630
16.8527 -0.5892 1.7605
16.8449 -0.5016 1.7577
16.8289 -0.4154 1.7537
16.8040 -0.3315 1.7463
16.7696 -0.2514 1.7399
16.7269 -0.1756 1.7476
16.6817 -0.1006 1.7488
16.6307 -0.0297 1.7463
16.5742 0.0368 1.7451
16.5129 0.0988 1.7438
16.4471 0.1559 1.7428
16.3772 0.2080 1.7420
16.3038 0.2548 1.7411
16.2273 0.2962 1.7404
16.1481 0.3321 1.7400
16.0667 0.3627 1.7396
15.9834 0.3879 1.7395
15.8988 0.4079 1.7392
15.8132 0.4228 1.7391
15.7268 0.4326 1.7391
15.6400 0.4376 1.7391
15.5530 0.4380 1.7392
15.4662 0.4341 1.7395
15.3796 0.4259 1.7396
15.2934 0.4139 1.7400
15.2079 0.3981 1.7404
15.1230 0.3790 1.7408
15.0388 0.3568 1.7412
14.9555 0.3316 1.7417
14.8730 0.3037 1.7422
14.7913 0.2733 1.7427
14.7106 0.2406 1.7434
14.6306 0.2058 1.7441
14.5514 0.1693 1.7448
14.4729 0.1312 1.7455
14.3950 0.0918 1.7463
14.3177 0.0512 1.7470
14.2408 0.0097 1.7478
14.1644 -0.0327 1.7485
14.0882 -0.0756 1.7492
14.0122 -0.1190 1.7499
13.9364 -0.1627 1.7506
13.8607 -0.2067 1.7513
13.7851 -0.2509 1.7520
13.7095 -0.2952 1.7526
13.6339 -0.3395 1.7533
13.5582 -0.3838 1.7539
13.4825 -0.4280 1.7545
13.4064 -0.4718 1.7550
13.3300 -0.5149 1.7555
13.2533 -0.5577 1.7561
13.1764 -0.6000 1.7566
13.0992 -0.6419 1.7571
13.0218 -0.6835 1.7575
12.9442 -0.7249 1.7579
12.8665 -0.7658 1.7583
12.7885 -0.8065 1.7587
12.7103 -0.8468 1.7590
12.6320 -0.8867 1.7593
12.5534 -0.9264 1.7596
12.4747 -0.9657 1.7598
12.3959 -1.0048 1.7600
12.3170 -1.0437 1.7602
12.2379 -1.0824 1.7603
12.1587 -1.1208 1.7605
12.0794 -1.1589 1.7605
11.9998 -1.1967 1.7605
11.9200 -1.2336 1.7605
11.8396 -1.2696 1.7603
11.7587 -1.3043 1.7601
11.6772 -1.3374 1.7598
11.5950 -1.3687 1.7594
11.5120 -1.3978 1.7588
11.4282 -1.4244 1.7581
11.3435 -1.4481 1.7572
11.2581 -1.4684 1.7561
11.1719 -1.4849 1.7548
11.0851 -1.4972 1.7534
10.9978 -1.5048 1.7516
10.9103 -1.5074 1.7497
10.8229 -1.5045 1.7475
10.7361 -1.4956 1.7451
10.6502 -1.4805 1.7426
10.5659 -1.4590 1.7398
10.4836 -1.4308 1.7369
10.4042 -1.3959 1.7341
10.3283 -1.3543 1.7312
10.2565 -1.3061 1.7282
10.1894 -1.2517 1.7253
10.1279 -1.1914 1.7225
10.0724 -1.1257 1.7199
10.0235 -1.0551 1.7174
9.9815 -0.9803 1.7151
9.9469 -0.9019 1.7128
9.9199 -0.8207 1.7107
9.9008 -0.7374 1.7088
9.8895 -0.6528 1.7071
9.8861 -0.5676 1.7057
9.8903 -0.4825 1.7045
9.9023 -0.3982 1.7013
9.9224 -0.3156 1.6980
9.9507 -0.2357 1.6943
9.9871 -0.1593 1.6912
10.0311 -0.0873 1.6878
10.0821 -0.0200 1.6909
10.1379 0.0436 1.6940
10.1975 0.1038 1.6969
10.2602 0.1610 1.6992
10.3252 0.2158 1.7013
10.3921 0.2683 1.7014
10.4612 0.3178 1.7015
10.5324 0.3644 1.7017
10.6054 0.4081 1.7020
10.6800 0.4490 1.7023
10.7561 0.4872 1.7027
10.8335 0.5228 1.7032
10.9119 0.5561 1.7039
10.9912 0.5872 1.7045
11.0712 0.6167 1.7052
11.1518 0.6446 1.7059
11.2328 0.6713 1.7066
11.3141 0.6973 1.7072
11.3955 0.7228 1.7078
11.4771 0.7482 1.7083
11.5586 0.7738 1.7088
11.6400 0.7998 1.7092
11.7212 0.8263 1.7096
11.8024 0.8532 1.7099
11.8833 0.8809 1.7102
11.9639 0.9095 1.7105
12.0440 0.9393 1.7106
12.1237 0.9705 1.7108
12.2026 1.0034 1.7108
12.2808 1.0381 1.7108
12.3581 1.0748 1.7107
12.4342 1.1138 1.7106
12.5090 1.1552 1.7104
12.5824 1.1991 1.7102
12.6541 1.2457 1.7099
12.7240 1.2949 1.7097
12.7918 1.3470 1.7090
12.8571 1.4020 1.7085
12.9198 1.4600 1.7080
12.9796 1.5209 1.7075
13.0364 1.5847 1.7072
13.0900 1.6511 1.7071
13.1403 1.7200 1.7068
13.1872 1.7913 1.7066
13.2306 1.8648 1.7066
13.2705 1.9402 1.7066
13.3069 2.0174 1.7069
13.3398 2.0961 1.7066
13.3689 2.1763 1.7064
13.3941 2.2578 1.7063
13.4154 2.3404 1.7061
13.4327 2.4240 1.7061
13.4460 2.5082 1.7060
13.4553 2.5930 1.7065
13.4612 2.6781 1.7071
13.4638 2.7634 1.7077
13.4634 2.8488 1.7083
13.4602 2.9342 1.7090
13.4544 3.0195 1.7096
13.4461 3.1046 1.7102
13.4356 3.1894 1.7108
13.4230 3.2740 1.7114
13.4084 3.3584 1.7120
13.3920 3.4424 1.7126
13.3739 3.5261 1.7133
13.3542 3.6095 1.7139
13.3330 3.6925 1.7145
13.3104 3.7752 1.7152
13.2865 3.8576 1.7158
13.2613 3.9397 1.7165
13.2351 4.0214 1.7172
13.2078 4.1028 1.7178
13.1794 4.1839 1.7186
13.1501 4.2647 1.7193
13.1199 4.3452 1.7201
13.0889 4.4254 1.7210
13.0570 4.5054 1.7219
13.0245 4.5851 1.7228
12.9913 4.6646 1.7238
12.9576 4.7440 1.7248
12.9233 4.8231 1.7258
12.8886 4.9022 1.7268
12.8535 4.9811 1.7279
12.8181 5.0599 1.7290
12.7824 5.1387 1.7301
12.7464 5.2174 1.7312
12.7102 5.2961 1.7323
12.6739 5.3747 1.7334
12.6373 5.4533 1.7345
12.6007 5.5319 1.7357
12.5638 5.6106 1.7368
12.5269 5.6892 1.7379
12.4898 5.7678 1.7390
12.4526 5.8464 1.7401
12.4152 5.9250 1.7411
12.3778 6.0036 1.7422
12.3403 6.0823 1.7432
12.3029 6.1611 1.7442
12.2656 6.2399 1.7452
12.2281 6.3187 1.7462
12.1905 6.3976 1.7471
12.1527 6.4763 1.7480
12.1146 6.5550 1.7489
12.0762 6.6336 1.7498
12.0373 6.7120 1.7506
11.9979 6.7902 1.7514
11.9579 6.8681 1.7522
11.9172 6.9457 1.7529
11.8759 7.0230 1.7537
11.8337 7.0999 1.7544
11.7907 7.1764 1.7551
11.7468 7.2524 1.7557
11.7018 7.3278 1.7563
11.6556 7.4025 1.7569
11.6082 7.4764 1.7574
11.5593 7.5494 1.7579
11.5089 7.6215 1.7584
11.4571 7.6925 1.7589
11.4037 7.7625 1.7594
11.3489 7.8313 1.7599
11.2927 7.8990 1.7604
11.2350 7.9655 1.7610
11.1766 8.0314 1.7620
11.1197 8.0987 1.7618
11.0652 8.1679 1.7609
11.0134 8.2390 1.7611
10.9632 8.3114 1.7625
10.9127 8.3837 1.7633
10.8610 8.4550 1.7619
10.8036 8.5216 1.7539
10.7408 8.5826 1.7508
10.6735 8.6386 1.7502
10.6028 8.6901 1.7506
10.5290 8.7372 1.7515
10.4528 8.7805 1.7530
10.3749 8.8205 1.7551
10.2955 8.8580 1.7559
10.2148 8.8928 1.7570
10.1332 8.9251 1.7579
10.0506 8.9552 1.7586
9.9671 8.9831 1.7593
9.8830 9.0089 1.7601
9.7983 9.0326 1.7604
9.7128 9.0538 1.7610
9.6269 9.0730 1.7617
9.5405 9.0902 1.7624
9.4537 9.1055 1.7631
9.3665 9.1190 1.7639
9.2791 9.1307 1.7641
9.1914 9.1402 1.7649
