x y
6.2991 8.4195
6.2493 8.3622
6.1995 8.3050
6.1494 8.2479
6.0991 8.1908
6.0352 8.1505
5.9631 8.1204
5.8912 8.0900
5.8193 8.0597
5.7472 8.0296
5.6750 7.9996
5.6026 7.9699
5.5301 7.9404
5.4574 7.9113
5.3844 7.8826
5.3112 7.8543
5.2377 7.8265
5.1638 7.7993
5.0895 7.7728
5.0149 7.7470
4.9398 7.7219
4.8643 7.6977
4.7883 7.6742
4.7120 7.6515
4.6353 7.6296
4.5582 7.6085
4.4808 7.5881
4.4031 7.5683
4.3252 7.5491
4.2471 7.5305
4.1689 7.5123
4.0906 7.4945
4.0123 7.4769
3.9341 7.4596
3.8561 7.4425
3.7783 7.4254
3.7007 7.4085
3.6233 7.3915
3.5462 7.3745
3.4693 7.3574
3.3927 7.3402
3.3163 7.3228
3.2402 7.3052
3.1644 7.2873
3.0889 7.2691
3.0137 7.2505
2.9387 7.2314
2.8641 7.2119
2.7898 7.1916
2.7159 7.1707
2.6422 7.1491
2.5713 7.1686
2.5001 7.1876
2.4540 7.1301
2.3826 7.1480
2.3378 7.0898
2.2936 7.0316
2.2224 7.0478
2.1798 6.9886
2.1109 6.9590
2.0396 6.9729
1.9993 6.9125
1.9324 6.8802
1.8608 6.8918
1.7888 6.9023
1.7514 6.8400
1.7151 6.7775
1.6492 6.7428
1.5831 6.7092
1.5174 6.6756
1.4455 6.6807
1.4087 6.6201
1.3441 6.5857
1.2720 6.5878
1.1995 6.5886
1.1711 6.5219
1.0986 6.5208
1.0256 6.5185
0.9995 6.4504
0.9638 6.3891
0.9002 6.3549
0.8362 6.3218
0.7723 6.2886
0.6997 6.2800
0.6514 6.2246
0.5874 6.1910
0.5236 6.1565
0.4509 6.1433
0.4009 6.0866
0.3372 6.0509
0.2648 6.0342
0.2164 5.9749
0.1542 5.9354
0.0821 5.9150
0.0100 5.8931
-0.0065 5.8204
-0.0641 5.7716
-0.1313 5.7392
-0.1733 5.6736
-0.2248 5.6152
-0.2714 5.5497
-0.3166 5.4833
-0.3606 5.4161
-0.4033 5.3481
-0.4447 5.2792
-0.4846 5.2095
-0.5232 5.1390
-0.5604 5.0678
-0.5962 4.9959
-0.6305 4.9233
-0.6635 4.8500
-0.6950 4.7761
-0.7251 4.7016
-0.7538 4.6265
-0.7810 4.5510
-0.8069 4.4749
-0.8314 4.3984
-0.8546 4.3215
-0.8764 4.2442
-0.8969 4.1665
-0.9161 4.0885
-0.9340 4.0102
-0.9507 3.9316
-0.9660 3.8527
-0.9801 3.7736
-0.9930 3.6943
-1.0045 3.6148
-1.0148 3.5351
-1.0239 3.4553
-1.0316 3.3753
-1.0381 3.2953
-1.0433 3.2151
-1.0472 3.1348
-1.0498 3.0546
-1.0512 2.9742
-1.0513 2.8939
-1.0502 2.8136
-1.0479 2.7332
-1.0443 2.6530
-1.0396 2.5728
-1.0336 2.4927
-1.0266 2.4126
-1.0183 2.3327
-1.0090 2.2529
-0.9986 2.1733
-0.9872 2.0937
-0.9747 2.0144
-0.9612 1.9352
-0.9468 1.8561
-0.9315 1.7773
-0.9153 1.6986
-0.8983 1.6201
-0.8804 1.5417
-0.8618 1.4636
-0.8424 1.3856
-0.8223 1.3078
-0.8016 1.2302
-0.7802 1.1528
-0.7583 1.0755
-0.7358 0.9984
-0.7127 0.9214
-0.6892 0.8446
-0.6653 0.7679
-0.6409 0.6913
-0.6162 0.6149
-0.5911 0.5386
-0.5657 0.4624
-0.5400 0.3862
-0.5140 0.3102
-0.4879 0.2342
-0.4615 0.1583
-0.4350 0.0825
-0.4083 0.0067
-0.3815 -0.0690
-0.3547 -0.1447
-0.3277 -0.2204
-0.3007 -0.2961
-0.2737 -0.3718
-0.2467 -0.4474
-0.2196 -0.5231
-0.1926 -0.5987
-0.1656 -0.6744
-0.1387 -0.7501
-0.1118 -0.8258
-0.0849 -0.9015
-0.0581 -0.9772
-0.0314 -1.0530
-0.0047 -1.1288
0.0218 -1.2046
0.0484 -1.2804
0.0749 -1.3563
0.1013 -1.4322
0.1277 -1.5080
0.1541 -1.5839
0.1805 -1.6598
0.2069 -1.7357
0.2333 -1.8116
0.2598 -1.8874
0.2864 -1.9632
0.3131 -2.0390
0.3399 -2.1147
0.3670 -2.1904
0.3942 -2.2659
0.4217 -2.3414
0.4495 -2.4168
0.4777 -2.4920
0.5063 -2.5671
0.5352 -2.6421
0.5647 -2.7168
0.5948 -2.7913
0.6254 -2.8656
0.6567 -2.9396
0.6887 -3.0133
0.7215 -3.0866
0.7551 -3.1596
0.7896 -3.2321
0.8250 -3.3042
0.8615 -3.3758
0.8990 -3.4469
0.9376 -3.5173
0.9775 -3.5871
1.0186 -3.6561
1.0609 -3.7244
1.1046 -3.7918
1.1497 -3.8583
1.1962 -3.9238
1.2442 -3.9883
1.2936 -4.0516
1.3447 -4.1136
1.3972 -4.1744
1.4514 -4.2337
1.5073 -4.2915
1.5647 -4.3476
1.6239 -4.4020
1.6846 -4.4545
1.7471 -4.5050
1.8113 -4.5534
1.8771 -4.5995
1.9445 -4.6432
2.0135 -4.6843
2.0841 -4.7227
2.1562 -4.7582
2.2297 -4.7906
2.3045 -4.8199
2.3805 -4.8459
2.4576 -4.8684
2.5357 -4.8873
2.6146 -4.9024
2.6942 -4.9137
2.7742 -4.9210
2.8544 -4.9242
2.9348 -4.9233
3.0149 -4.9182
3.0947 -4.9089
3.1739 -4.8953
3.2522 -4.8776
3.3295 -4.8557
3.4055 -4.8297
3.4800 -4.7997
3.5528 -4.7657
3.6236 -4.7278
3.6924 -4.6863
3.7588 -4.6412
3.8228 -4.5926
3.8842 -4.5409
3.9429 -4.4860
3.9988 -4.4283
4.0517 -4.3679
4.1016 -4.3050
4.1485 -4.2398
4.1923 -4.1724
4.2329 -4.1031
4.2704 -4.0321
4.3047 -3.9595
4.3360 -3.8855
4.3641 -3.8102
4.3893 -3.7339
4.4114 -3.6567
4.4306 -3.5787
4.4469 -3.5001
4.4605 -3.4209
4.4712 -3.3413
4.4794 -3.2614
4.4849 -3.1813
4.4880 -3.1010
4.4887 -3.0207
4.4870 -2.9403
4.4832 -2.8601
4.4771 -2.7800
4.4691 -2.7001
4.4591 -2.6204
4.4472 -2.5409
4.4335 -2.4618
4.4181 -2.3829
4.4011 -2.3044
4.3826 -2.2262
4.3626 -2.1484
4.3413 -2.0709
4.3187 -1.9938
4.2949 -1.9171
4.2700 -1.8407
4.2440 -1.7647
4.2170 -1.6890
4.1891 -1.6137
4.1604 -1.5387
4.1309 -1.4639
4.1007 -1.3895
4.0699 -1.3153
4.0385 -1.2414
4.0065 -1.1676
3.9742 -1.0941
3.9414 -1.0207
3.9084 -0.9475
3.8750 -0.8744
3.8415 -0.8014
3.8077 -0.7285
3.7739 -0.6556
3.7401 -0.5828
3.7062 -0.5099
3.6725 -0.4370
3.6388 -0.3641
3.6053 -0.2910
3.5721 -0.2179
3.5391 -0.1446
3.5065 -0.0712
3.4743 0.0024
3.4425 0.0762
3.4112 0.1502
3.3805 0.2244
3.3503 0.2989
3.3209 0.3736
3.2921 0.4486
3.2641 0.5239
3.2368 0.5995
3.2105 0.6754
3.1851 0.7516
3.1606 0.8281
3.1371 0.9050
3.1147 0.9821
3.0935 1.0596
3.0733 1.1374
3.0544 1.2154
3.0367 1.2938
3.0204 1.3725
3.0053 1.4514
2.9917 1.5305
2.9795 1.6099
2.9687 1.6896
2.9595 1.7694
2.9518 1.8493
2.9458 1.9294
2.9413 2.0096
2.9386 2.0899
2.9376 2.1703
2.9385 2.2506
2.9411 2.3309
2.9456 2.4111
2.9520 2.4912
2.9604 2.5711
2.9707 2.6507
2.9831 2.7301
2.9976 2.8091
3.0142 2.8877
3.0330 2.9658
3.0541 3.0433
3.0774 3.1202
3.1030 3.1963
3.1310 3.2716
3.1613 3.3460
3.1940 3.4194
3.2292 3.4916
3.2667 3.5626
3.3068 3.6322
3.3493 3.7004
3.3943 3.7669
3.4418 3.8317
3.4917 3.8946
3.5441 3.9555
3.5988 4.0142
3.6560 4.0707
3.7154 4.1247
3.7771 4.1762
3.8409 4.2249
3.9068 4.2709
3.9746 4.3138
4.0443 4.3537
4.1158 4.3904
4.1889 4.4237
4.2634 4.4537
4.3392 4.4801
4.4162 4.5029
4.4942 4.5221
4.5730 4.5375
4.6525 4.5492
4.7324 4.5571
4.8126 4.5611
4.8929 4.5613
4.9732 4.5578
5.0531 4.5504
5.1327 4.5393
5.2116 4.5244
5.2898 4.5059
5.3670 4.4839
5.4431 4.4583
5.5180 4.4294
5.5916 4.3972
5.6637 4.3619
5.7343 4.3234
5.8031 4.2821
5.8702 4.2379
5.9354 4.1910
5.9988 4.1416
6.0601 4.0898
6.1195 4.0357
6.1768 3.9794
6.2320 3.9211
6.2852 3.8608
6.3362 3.7988
6.3852 3.7352
6.4321 3.6699
6.4768 3.6032
6.5195 3.5351
6.5601 3.4658
6.5987 3.3954
6.6352 3.3238
6.6698 3.2513
6.7023 3.1779
6.7330 3.1036
6.7618 3.0286
6.7888 2.9530
6.8140 2.8767
6.8375 2.7999
6.8594 2.7226
6.8796 2.6448
6.8983 2.5667
6.9155 2.4882
6.9313 2.4094
6.9457 2.3304
6.9589 2.2512
6.9708 2.1717
6.9816 2.0921
6.9914 2.0124
7.0001 1.9325
7.0080 1.8525
7.0150 1.7725
7.0213 1.6924
7.0269 1.6123
7.0319 1.5321
7.0364 1.4519
7.0404 1.3716
7.0441 1.2914
7.0476 1.2111
7.0508 1.1308
7.0539 1.0506
7.0570 0.9703
7.0602 0.8900
7.0635 0.8097
7.0670 0.7295
7.0708 0.6492
7.0749 0.5690
7.0795 0.4888
7.0847 0.4086
7.0904 0.3285
7.0968 0.2484
7.1040 0.1684
7.1120 0.0884
7.1209 0.0086
7.1308 -0.0712
7.1417 -0.1507
7.1537 -0.2302
7.1669 -0.3094
7.1814 -0.3885
7.1971 -0.4672
7.2141 -0.5458
7.2326 -0.6239
7.2524 -0.7018
7.2738 -0.7792
7.2966 -0.8563
7.3210 -0.9328
7.3470 -1.0088
7.3746 -1.0843
7.4038 -1.1591
7.4346 -1.2333
7.4671 -1.3068
7.5013 -1.3795
7.5371 -1.4514
7.5746 -1.5224
7.6138 -1.5926
7.6546 -1.6617
7.6972 -1.7299
7.7413 -1.7970
7.7872 -1.8630
7.8347 -1.9278
7.8838 -1.9913
7.9346 -2.0536
7.9869 -2.1145
8.0408 -2.1741
8.0963 -2.2322
8.1532 -2.2889
8.2117 -2.3440
8.2715 -2.3976
8.3327 -2.4496
8.3953 -2.5000
8.4592 -2.5487
8.5244 -2.5957
8.5908 -2.6409
8.6583 -2.6844
8.7269 -2.7262
8.7966 -2.7661
8.8673 -2.8043
8.9390 -2.8407
9.0115 -2.8753
9.0848 -2.9081
9.1589 -2.9391
9.2337 -2.9684
9.3092 -2.9958
9.3853 -3.0215
9.4584 -3.0025
9.5304 -2.9821
9.5807 -3.0374
9.6520 -3.0144
9.7222 -2.9900
9.7913 -2.9642
9.8593 -2.9372
9.9263 -2.9089
9.9939 -2.8878
10.0669 -2.8940
10.1398 -2.8980
10.2129 -2.9008
10.2861 -2.9028
10.3596 -2.9042
10.4335 -2.9052
10.5078 -2.9060
10.5826 -2.9069
10.6575 -2.9078
10.7320 -2.9091
10.8061 -2.9106
10.8800 -2.9123
10.9537 -2.9142
11.0273 -2.9162
11.1009 -2.9182
11.1745 -2.9199
11.2482 -2.9212
11.3221 -2.9220
11.3961 -2.9222
11.4703 -2.9214
11.5447 -2.9196
11.6194 -2.9166
11.6944 -2.9122
11.7696 -2.9064
11.8450 -2.8990
11.9207 -2.8898
11.9966 -2.8788
12.0727 -2.8660
12.1490 -2.8512
12.2254 -2.8346
12.3020 -2.8161
12.3786 -2.7958
12.4549 -2.7740
12.5304 -2.7509
12.6053 -2.7267
12.6797 -2.7015
12.7536 -2.6755
12.8270 -2.6487
12.9001 -2.6212
12.9729 -2.5932
13.0453 -2.5645
13.1173 -2.5353
13.1890 -2.5054
13.2602 -2.4749
13.3309 -2.4437
13.4011 -2.4117
13.4707 -2.3789
13.5397 -2.3452
13.6081 -2.3107
13.6758 -2.2754
13.7430 -2.2393
13.8096 -2.2024
13.8758 -2.1650
13.9415 -2.1269
14.0070 -2.0885
14.0722 -2.0498
14.1373 -2.0110
14.2024 -1.9721
14.2676 -1.9335
14.3329 -1.8952
14.4013 -1.8610
14.4787 -1.8386
14.5559 -1.8162
14.6328 -1.7939
14.7093 -1.7717
14.7854 -1.7494
14.8610 -1.7270
14.9360 -1.7044
15.0104 -1.6817
15.0839 -1.6587
15.1566 -1.6353
15.2282 -1.6114
15.2988 -1.5870
15.3683 -1.5620
15.4364 -1.5362
15.5031 -1.5095
15.5682 -1.4820
15.6317 -1.4535
15.6933 -1.4239
15.7530 -1.3931
15.8105 -1.3612
15.8658 -1.3280
15.9186 -1.2936
15.9688 -1.2580
16.0163 -1.2211
16.0610 -1.1829
16.1104 -1.1579
16.1598 -1.1332
16.2079 -1.1066
16.2548 -1.0781
16.3004 -1.0474
16.3447 -1.0143
16.3875 -0.9786
16.4285 -0.9400
16.4675 -0.8982
16.5041 -0.8532
16.5380 -0.8048
16.5686 -0.7529
16.5953 -0.6976
16.6178 -0.6393
16.6352 -0.5784
16.6473 -0.5151
16.6534 -0.4497
16.6532 -0.3827
16.6464 -0.3147
16.6325 -0.2463
16.6113 -0.1781
16.5826 -0.1110
16.5462 -0.0456
16.5013 0.0168
16.4429 0.0718
16.3805 0.1222
16.3144 0.1678
16.2452 0.2085
16.1732 0.2442
16.0991 0.2749
16.0231 0.3008
15.9456 0.3219
15.8670 0.3384
15.7897 0.3424
15.7128 0.3417
15.6367 0.3365
15.5615 0.3272
15.4872 0.3141
15.4141 0.2975
15.3422 0.2777
15.2715 0.2548
15.2021 0.2292
15.1340 0.2010
15.0671 0.1703
15.0016 0.1375
14.9373 0.1025
14.8742 0.0657
14.8123 0.0272
14.7513 -0.0127
14.6912 -0.0540
14.6317 -0.0963
14.5726 -0.1394
14.5137 -0.1831
14.4547 -0.2271
14.3953 -0.2713
14.3353 -0.3154
14.2745 -0.3593
14.2127 -0.4027
14.1495 -0.4455
14.0850 -0.4877
14.0190 -0.5290
13.9514 -0.5695
13.8823 -0.6091
13.8126 -0.6485
13.7428 -0.6881
13.6729 -0.7278
13.6027 -0.7676
13.5324 -0.8073
13.4619 -0.8470
13.3913 -0.8866
13.3204 -0.9261
13.2494 -0.9654
13.1781 -1.0046
13.1066 -1.0436
13.0348 -1.0824
12.9627 -1.1209
12.8904 -1.1592
12.8178 -1.1971
12.7449 -1.2347
12.6717 -1.2719
12.5981 -1.3088
12.5241 -1.3453
12.4497 -1.3813
12.3746 -1.4168
12.2989 -1.4517
12.2226 -1.4861
12.1450 -1.4763
12.0678 -1.4708
11.9903 -1.5023
11.9121 -1.5330
11.8333 -1.5631
11.7539 -1.5922
11.6739 -1.6205
11.5932 -1.6478
11.5119 -1.6742
11.4299 -1.6995
11.3471 -1.7237
11.2634 -1.7468
11.1789 -1.7687
11.0932 -1.7893
11.0063 -1.8084
10.9180 -1.8258
10.8279 -1.8411
10.7359 -1.8539
10.6415 -1.8636
10.5448 -1.8694
10.4454 -1.8706
10.3399 -1.8409
10.2344 -1.7939
10.1316 -1.7378
10.0342 -1.6737
9.9431 -1.6020
9.8587 -1.5231
9.7817 -1.4374
9.7127 -1.3456
9.6523 -1.2484
9.6007 -1.1466
9.5584 -1.0410
9.5255 -0.9322
9.5022 -0.8209
9.4886 -0.7083
9.4846 -0.5942
9.4906 -0.4795
9.5061 -0.3664
9.5309 -0.2548
9.5648 -0.1452
9.6074 -0.0383
9.6577 0.0643
9.7147 0.1617
9.7775 0.2536
9.8455 0.3398
9.9178 0.4204
9.9938 0.4954
10.0727 0.5650
10.1541 0.6292
10.2373 0.6884
10.3218 0.7428
10.4071 0.7926
10.4942 0.7940
10.5793 0.7919
10.6626 0.7867
10.7441 0.7788
10.8239 0.7685
10.8738 0.8309
10.9247 0.8925
10.9763 0.9532
11.0282 1.0133
11.0803 1.0726
11.1600 1.0983
11.2384 1.1230
11.3154 1.1471
11.3908 1.1707
11.4646 1.1943
11.5369 1.2180
11.6075 1.2420
11.6765 1.2666
11.7438 1.2918
11.8094 1.3180
11.8734 1.3452
11.9356 1.3736
11.9962 1.4032
12.0550 1.4342
12.1121 1.4667
12.1675 1.5000
12.2232 1.5286
12.2775 1.5589
12.3306 1.5908
12.3824 1.6242
12.4329 1.6594
12.4822 1.6964
12.5301 1.7353
12.5766 1.7763
12.6217 1.8193
12.6651 1.8645
12.7067 1.9118
12.7464 1.9614
12.7840 2.0132
12.8194 2.0672
12.8523 2.1234
12.8788 2.1851
12.9030 2.2479
12.9248 2.3118
12.9444 2.3767
12.9616 2.4426
12.9766 2.5093
12.9892 2.5769
12.9997 2.6451
13.0080 2.7139
13.0141 2.7833
13.0180 2.8532
13.0146 2.9217
13.0074 2.9896
12.9972 3.0570
12.9842 3.1237
12.9682 3.1896
12.9495 3.2546
12.9280 3.3186
12.9038 3.3815
12.8772 3.4432
12.8532 3.5069
12.8386 3.5770
12.8226 3.6472
12.8052 3.7176
12.7866 3.7881
12.7667 3.8588
12.7456 3.9295
12.7234 4.0004
12.7001 4.0714
12.6759 4.1425
12.6507 4.2138
12.6247 4.2852
12.5978 4.3567
12.5702 4.4283
12.5420 4.5001
12.5132 4.5719
12.4838 4.6438
12.4539 4.7159
12.4235 4.7881
12.3927 4.8604
12.3616 4.9328
12.3301 5.0052
12.2984 5.0778
12.2664 5.1505
12.2343 5.2232
12.2020 5.2960
12.1695 5.3688
12.1369 5.4416
12.1042 5.5144
12.0714 5.5872
12.0385 5.6600
12.0056 5.7326
11.9726 5.8052
11.9396 5.8776
11.9064 5.9499
11.8732 6.0219
11.8399 6.0936
11.8064 6.1651
11.7728 6.2363
11.7391 6.3072
11.7051 6.3777
11.6709 6.4478
11.6364 6.5174
11.6017 6.5865
11.5666 6.6551
11.5312 6.7230
11.4954 6.7903
11.4591 6.8569
11.4223 6.9227
11.3850 6.9878
11.3470 7.0521
11.3085 7.1155
11.2693 7.1780
11.2293 7.2396
11.1887 7.3002
11.1472 7.3598
11.1049 7.4184
11.0618 7.4758
11.0178 7.5322
10.9729 7.5873
10.9271 7.6413
10.8803 7.6940
10.8326 7.7454
10.7839 7.7955
10.7342 7.8443
10.6841 7.8919
10.6563 7.9516
10.6239 8.0091
10.5902 8.0663
10.5546 8.1227
10.5170 8.1783
10.4774 8.2329
10.4176 8.2729
10.3568 8.3111
10.2950 8.3476
10.2323 8.3823
10.1687 8.4153
10.1043 8.4465
10.0389 8.4759
9.9728 8.5034
9.9059 8.5290
9.8383 8.5528
9.7700 8.5748
9.7010 8.5949
9.6311 8.6132
9.5602 8.6299
9.4881 8.6452
9.4151 8.6592
9.3412 8.6719
9.2673 8.6833
9.1952 8.6929
9.1221 8.7008
9.0495 8.7071
8.9773 8.7115
8.9050 8.7141
