x y
-0.7283 0.9733
-0.7040 0.8925
-0.6791 0.8119
-0.6537 0.7314
-0.6279 0.6511
-0.6018 0.5709
-0.5752 0.4909
-0.5483 0.4109
-0.5212 0.3310
-0.4938 0.2512
-0.4661 0.1715
-0.4383 0.0919
-0.4103 0.0123
-0.3822 -0.0672
-0.3540 -0.1467
-0.3257 -0.2262
-0.2973 -0.3056
-0.2689 -0.3851
-0.2406 -0.4645
-0.2122 -0.5439
-0.1838 -0.6234
-0.1555 -0.7028
-0.1272 -0.7823
-0.0990 -0.8618
-0.0708 -0.9413
-0.0427 -1.0209
-0.0147 -1.1004
0.0132 -1.1800
0.0411 -1.2597
0.0689 -1.3393
0.0967 -1.4189
0.1244 -1.4986
0.1521 -1.5783
0.1798 -1.6580
0.2076 -1.7377
0.2353 -1.8173
0.2631 -1.8969
0.2911 -1.9765
0.3191 -2.0561
0.3474 -2.1356
0.3758 -2.2150
0.4045 -2.2943
0.4335 -2.3735
0.4629 -2.4526
0.4927 -2.5316
0.5229 -2.6103
0.5536 -2.6889
0.5850 -2.7672
0.6169 -2.8452
0.6496 -2.9230
0.6831 -3.0005
0.7174 -3.0775
0.7525 -3.1542
0.7887 -3.2304
0.8259 -3.3061
0.8643 -3.3813
0.9038 -3.4558
0.9446 -3.5296
0.9866 -3.6027
1.0301 -3.6750
1.0750 -3.7465
1.1214 -3.8169
1.1693 -3.8863
1.2188 -3.9546
1.2700 -4.0217
1.3228 -4.0875
1.3774 -4.1518
1.4337 -4.2146
1.4918 -4.2758
1.5517 -4.3352
1.6134 -4.3927
1.6770 -4.4481
1.7424 -4.5014
1.8097 -4.5523
1.8788 -4.6007
1.9497 -4.6464
2.0223 -4.6893
2.0967 -4.7291
2.1727 -4.7658
2.2502 -4.7990
2.3291 -4.8288
2.4094 -4.8548
2.4908 -4.8769
2.5732 -4.8950
2.6564 -4.9088
2.7402 -4.9184
2.8244 -4.9235
2.9087 -4.9240
2.9930 -4.9200
3.0769 -4.9113
3.1602 -4.8980
3.2426 -4.8800
3.3238 -4.8575
3.4037 -4.8304
3.4819 -4.7988
3.5582 -4.7629
3.6324 -4.7228
3.7042 -4.6786
3.7735 -4.6305
3.8400 -4.5787
3.9037 -4.5233
3.9642 -4.4647
4.0217 -4.4029
4.0758 -4.3383
4.1267 -4.2710
4.1741 -4.2012
4.2181 -4.1292
4.2586 -4.0553
4.2956 -3.9795
4.3292 -3.9022
4.3594 -3.8234
4.3863 -3.7435
4.4099 -3.6625
4.4302 -3.5806
4.4473 -3.4980
4.4614 -3.4149
4.4724 -3.3313
4.4805 -3.2473
4.4858 -3.1631
4.4884 -3.0788
4.4884 -2.9945
4.4858 -2.9102
4.4808 -2.8260
4.4736 -2.7419
4.4641 -2.6581
4.4524 -2.5746
4.4388 -2.4913
4.4233 -2.4084
4.4059 -2.3259
4.3868 -2.2437
4.3662 -2.1619
4.3440 -2.0805
4.3204 -1.9995
4.2955 -1.9190
4.2693 -1.8388
4.2420 -1.7590
4.2135 -1.6795
4.1841 -1.6005
4.1538 -1.5218
4.1226 -1.4434
4.0907 -1.3653
4.0581 -1.2875
4.0249 -1.2099
3.9912 -1.1326
3.9570 -1.0555
3.9224 -0.9786
3.8875 -0.9018
3.8524 -0.8251
3.8170 -0.7485
3.7815 -0.6720
3.7460 -0.5955
3.7104 -0.5189
3.6750 -0.4424
3.6396 -0.3658
3.6045 -0.2891
3.5696 -0.2123
3.5350 -0.1354
3.5008 -0.0583
3.4671 0.0190
3.4338 0.0966
3.4011 0.1743
3.3691 0.2524
3.3377 0.3307
3.3071 0.4093
3.2772 0.4882
3.2483 0.5674
3.2202 0.6470
3.1932 0.7269
3.1672 0.8071
3.1423 0.8877
3.1186 0.9687
3.0960 1.0500
3.0748 1.1316
3.0548 1.2136
3.0363 1.2958
3.0192 1.3784
3.0035 1.4613
2.9894 1.5445
2.9769 1.6279
2.9660 1.7116
2.9568 1.7954
2.9494 1.8794
2.9437 1.9636
2.9398 2.0478
2.9379 2.1322
2.9379 2.2165
2.9399 2.3009
2.9439 2.3851
2.9501 2.4692
2.9583 2.5532
2.9688 2.6369
2.9814 2.7203
2.9964 2.8033
3.0138 2.8858
3.0336 2.9678
3.0558 3.0492
3.0805 3.1298
3.1078 3.2096
3.1376 3.2885
3.1701 3.3664
3.2052 3.4430
3.2430 3.5184
3.2835 3.5924
3.3267 3.6648
3.3727 3.7356
3.4213 3.8044
3.4727 3.8713
3.5268 3.9360
3.5836 3.9984
3.6430 4.0582
3.7049 4.1155
3.7693 4.1699
3.8361 4.2214
3.9052 4.2698
3.9764 4.3149
4.0497 4.3566
4.1249 4.3948
4.2019 4.4293
4.2804 4.4600
4.3604 4.4868
4.4415 4.5096
4.5237 4.5283
4.6068 4.5430
4.6905 4.5534
4.7746 4.5597
4.8589 4.5617
4.9432 4.5596
5.0272 4.5532
5.1109 4.5427
5.1940 4.5281
5.2762 4.5094
5.3574 4.4868
5.4375 4.4604
5.5163 4.4302
5.5935 4.3963
5.6692 4.3590
5.7430 4.3184
5.8151 4.2745
5.8851 4.2275
5.9531 4.1777
6.0190 4.1250
6.0827 4.0697
6.1441 4.0119
6.2033 3.9519
6.2602 3.8896
6.3149 3.8253
6.3671 3.7592
6.4171 3.6912
6.4648 3.6216
6.5101 3.5505
6.5532 3.4780
6.5940 3.4042
6.6326 3.3292
6.6689 3.2531
6.7032 3.1760
6.7353 3.0980
6.7653 3.0191
6.7934 2.9396
6.8195 2.8594
6.8437 2.7786
6.8661 2.6973
6.8868 2.6155
6.9058 2.5333
6.9232 2.4508
6.9390 2.3679
6.9535 2.2848
6.9665 2.2015
6.9783 2.1179
6.9888 2.0342
6.9983 1.9504
7.0067 1.8665
7.0142 1.7824
7.0208 1.6984
7.0267 1.6142
7.0320 1.5300
7.0367 1.4458
7.0409 1.3615
7.0448 1.2773
7.0483 1.1930
7.0517 1.1087
7.0549 1.0244
7.0582 0.9401
7.0616 0.8558
7.0651 0.7715
7.0689 0.6873
7.0731 0.6030
7.0777 0.5188
7.0829 0.4346
7.0888 0.3504
7.0953 0.2663
7.1027 0.1823
7.1110 0.0983
7.1202 0.0145
7.1306 -0.0692
7.1420 -0.1528
7.1547 -0.2362
7.1687 -0.3194
7.1840 -0.4023
7.2008 -0.4850
7.2191 -0.5674
7.2389 -0.6494
7.2603 -0.7310
7.2833 -0.8121
7.3080 -0.8927
7.3345 -0.9728
7.3627 -1.0523
7.3927 -1.1312
7.4245 -1.2093
7.4581 -1.2867
7.4935 -1.3633
7.5308 -1.4389
7.5699 -1.5137
7.6108 -1.5874
7.6536 -1.6601
7.6983 -1.7317
7.7448 -1.8020
7.7931 -1.8712
7.8432 -1.9390
7.8951 -2.0055
7.9488 -2.0706
8.0043 -2.1341
8.0615 -2.1961
8.1204 -2.2565
8.1809 -2.3153
8.2430 -2.3724
8.3066 -2.4278
8.3718 -2.4813
8.4384 -2.5331
8.5064 -2.5830
8.5758 -2.6309
8.6465 -2.6770
8.7184 -2.7211
8.7914 -2.7632
8.8656 -2.8034
8.9408 -2.8416
9.0170 -2.8778
9.0941 -2.9121
9.1720 -2.9444
9.2507 -2.9747
9.3302 -3.0031
9.4103 -3.0295
9.4910 -3.0540
9.5723 -3.0766
9.6541 -3.0973
9.7363 -3.1161
9.8189 -3.1331
9.9019 -3.1483
9.9852 -3.1617
10.0687 -3.1734
10.1525 -3.1833
10.2364 -3.1915
10.3205 -3.1981
10.4047 -3.2031
10.4890 -3.2064
10.5734 -3.2082
10.6577 -3.2084
10.7421 -3.2072
10.8264 -3.2045
10.9106 -3.2003
10.9948 -3.1948
11.0789 -3.1879
11.1629 -3.1798
11.2467 -3.1704
11.3304 -3.1597
11.4139 -3.1479
11.4973 -3.1350
11.5805 -3.1210
11.6635 -3.1060
11.7463 -3.0900
11.8289 -3.0731
11.9114 -3.0553
11.9937 -3.0367
12.0758 -3.0174
12.1577 -2.9972
12.2395 -2.9765
12.3211 -2.9551
12.4025 -2.9331
12.4838 -2.9107
12.5650 -2.8877
12.6461 -2.8644
12.7270 -2.8407
12.8079 -2.8167
12.8887 -2.7923
12.9694 -2.7678
13.0500 -2.7430
13.1306 -2.7181
13.2112 -2.6931
13.2917 -2.6680
13.3722 -2.6428
13.4527 -2.6177
13.5333 -2.5925
13.6138 -2.5674
13.6944 -2.5424
13.7750 -2.5176
13.8556 -2.4928
13.9363 -2.4682
14.0170 -2.4437
14.0978 -2.4194
14.1787 -2.3953
14.2595 -2.3713
14.3405 -2.3475
14.4214 -2.3238
14.5024 -2.3003
14.5834 -2.2767
14.6645 -2.2533
14.7455 -2.2298
14.8265 -2.2062
14.9074 -2.1825
14.9883 -2.1586
15.0691 -2.1343
15.1498 -2.1096
15.2303 -2.0843
15.3105 -2.0584
15.3905 -2.0315
15.4701 -2.0037
15.5494 -1.9747
15.6281 -1.9443
15.7062 -1.9124
15.7835 -1.8788
15.8600 -1.8433
15.9355 -1.8056
16.0097 -1.7655
16.0826 -1.7230
16.1538 -1.6777
16.2230 -1.6296
16.2901 -1.5784
16.3546 -1.5240
16.4162 -1.4664
16.4745 -1.4054
16.5291 -1.3411
16.5795 -1.2735
16.6253 -1.2027
16.6660 -1.1288
16.7011 -1.0522
16.7302 -0.9732
16.7527 -0.8934
16.7685 -0.8132
16.7776 -0.7330
16.7802 -0.6530
16.7762 -0.5737
16.7659 -0.4955
16.7492 -0.4186
16.7263 -0.3435
16.6973 -0.2705
16.6624 -0.2000
16.6217 -0.1324
16.5755 -0.0679
16.5239 -0.0070
16.4671 0.0501
16.4053 0.1031
16.3389 0.1517
16.2680 0.1957
16.1933 0.2348
16.1160 0.2684
16.0366 0.2966
15.9555 0.3195
15.8730 0.3373
15.7897 0.3500
15.7058 0.3580
15.6215 0.3613
15.5372 0.3602
15.4530 0.3550
15.3692 0.3458
15.2858 0.3330
15.2031 0.3169
15.1210 0.2976
15.0395 0.2756
14.9589 0.2510
14.8789 0.2241
14.7997 0.1950
14.7212 0.1641
14.6435 0.1315
14.5663 0.0974
14.4898 0.0620
14.4138 0.0254
14.3382 -0.0122
14.2631 -0.0507
14.1884 -0.0898
14.1141 -0.1296
14.0400 -0.1699
13.9661 -0.2106
13.8924 -0.2517
13.8188 -0.2930
13.7454 -0.3345
13.6720 -0.3760
13.5986 -0.4177
13.5252 -0.4593
13.4518 -0.5009
13.3784 -0.5424
13.3049 -0.5838
13.2313 -0.6250
13.1576 -0.6660
13.0837 -0.7068
13.0098 -0.7474
12.9357 -0.7877
12.8614 -0.8277
12.7869 -0.8673
12.7123 -0.9066
12.6374 -0.9454
12.5623 -0.9839
12.4870 -1.0218
12.4114 -1.0593
12.3355 -1.0962
12.2593 -1.1324
12.1828 -1.1679
12.1059 -1.2026
12.0286 -1.2363
11.9508 -1.2690
11.8726 -1.3005
11.7938 -1.3307
11.7145 -1.3594
11.6346 -1.3863
11.5540 -1.4113
11.4728 -1.4340
11.3909 -1.4542
11.3083 -1.4716
11.2252 -1.4859
11.1416 -1.4966
11.0575 -1.5034
10.9732 -1.5060
10.8889 -1.5040
10.8049 -1.4969
10.7215 -1.4845
10.6392 -1.4663
10.5584 -1.4422
10.4807 -1.4122
10.4074 -1.3770
10.3385 -1.3367
10.2743 -1.2915
10.2150 -1.2418
10.1608 -1.1879
10.1121 -1.1299
10.0689 -1.0684
10.0314 -1.0037
9.9999 -0.9362
9.9745 -0.8662
9.9552 -0.7943
9.9422 -0.7207
9.9355 -0.6459
9.9353 -0.5703
9.9416 -0.4943
9.9544 -0.4183
9.9736 -0.3427
9.9992 -0.2678
10.0310 -0.1940
10.0691 -0.1216
10.1134 -0.0508
10.1632 0.0173
10.2175 0.0818
10.2759 0.1427
10.3379 0.1998
10.4031 0.2533
10.4712 0.3032
10.5416 0.3496
10.6140 0.3927
10.6883 0.4328
10.7640 0.4700
10.8408 0.5047
10.9187 0.5371
10.9974 0.5676
11.0767 0.5964
11.1564 0.6238
11.2365 0.6503
11.3169 0.6760
11.3974 0.7012
11.4779 0.7264
11.5583 0.7518
11.6386 0.7777
11.7187 0.8043
11.7983 0.8321
11.8775 0.8612
11.9561 0.8919
12.0339 0.9243
12.1109 0.9588
12.1869 0.9954
12.2617 1.0344
12.3352 1.0758
12.4071 1.1198
12.4775 1.1664
12.5459 1.2156
12.6124 1.2676
12.6766 1.3222
12.7386 1.3795
12.7980 1.4393
12.8547 1.5017
12.9087 1.5665
12.9598 1.6336
13.0079 1.7029
13.0530 1.7741
13.0951 1.8472
13.1339 1.9221
13.1697 1.9985
13.2022 2.0763
13.2317 2.1553
13.2579 2.2355
13.2811 2.3166
13.3012 2.3985
13.3182 2.4811
13.3323 2.5642
13.3434 2.6478
13.3518 2.7318
13.3574 2.8159
13.3603 2.9002
13.3606 2.9846
13.3585 3.0689
13.3540 3.1531
13.3472 3.2372
13.3382 3.3211
13.3271 3.4047
13.3141 3.4880
13.2991 3.5710
13.2824 3.6537
13.2640 3.7360
13.2440 3.8180
13.2226 3.8996
13.1998 3.9808
13.1758 4.0616
13.1505 4.1421
13.1242 4.2223
13.0968 4.3021
13.0686 4.3815
13.0395 4.4607
13.0096 4.5396
12.9791 4.6183
12.9480 4.6967
12.9164 4.7749
12.8843 4.8529
12.8517 4.9307
12.8188 5.0084
12.7856 5.0859
12.7521 5.1634
12.7184 5.2407
12.6844 5.3179
12.6503 5.3951
12.6161 5.4722
12.5817 5.5492
12.5473 5.6262
12.5127 5.7032
12.4781 5.7801
12.4433 5.8569
12.4085 5.9338
12.3736 6.0106
12.3385 6.0873
12.3033 6.1639
12.2679 6.2405
12.2322 6.3170
12.1964 6.3933
12.1602 6.4695
12.1238 6.5456
12.0869 6.6215
12.0496 6.6972
12.0119 6.7726
11.9736 6.8477
11.9347 6.9226
11.8951 6.9971
11.8548 7.0712
11.8137 7.1448
11.7717 7.2180
11.7287 7.2906
11.6848 7.3626
11.6397 7.4340
11.5936 7.5046
11.5463 7.5744
11.4977 7.6434
11.4478 7.7114
11.3967 7.7784
11.3441 7.8444
11.2901 7.9092
11.2347 7.9728
11.1779 8.0351
11.1195 8.0961
11.0597 8.1556
10.9984 8.2135
10.9357 8.2699
10.8715 8.3245
10.8058 8.3775
10.7387 8.4286
10.6702 8.4778
10.6003 8.5251
10.5291 8.5703
10.4567 8.6135
10.3830 8.6545
10.3081 8.6934
10.2322 8.7301
10.1552 8.7645
10.0772 8.7966
9.9983 8.8265
9.9186 8.8540
9.8381 8.8791
9.7569 8.9020
9.6751 8.9226
9.5928 8.9412
9.5101 8.9579
9.4271 8.9729
9.3439 8.9864
9.2603 8.9982
9.1765 9.0080
9.0925 9.0158
9.0084 9.0214
8.9241 9.0248
8.8398 9.0259
8.7554 9.0248
8.6711 9.0219
8.5869 9.0171
8.5028 9.0105
8.4188 9.0023
8.3351 8.9925
8.2515 8.9812
8.1681 8.9685
8.0849 8.9545
8.0019 8.9392
7.9192 8.9227
7.8367 8.9051
7.7544 8.8865
7.6724 8.8670
7.5905 8.8467
7.5088 8.8255
7.4274 8.8037
7.3461 8.7812
7.2649 8.7581
7.1839 8.7346
7.1030 8.7107
7.0222 8.6863
6.9415 8.6617
6.8609 8.6369
6.7804 8.6119
6.6999 8.5867
6.6194 8.5615
6.5389 8.5362
6.4584 8.5110
6.3778 8.4859
6.2973 8.4608
6.2167 8.4359
6.1361 8.4111
6.0554 8.3865
5.9746 8.3621
5.8938 8.3380
5.8129 8.3142
5.7319 8.2906
5.6508 8.2673
5.5696 8.2444
5.4883 8.2217
5.4070 8.1995
5.3255 8.1775
5.2440 8.1559
5.1624 8.1346
5.0807 8.1136
4.9989 8.0930
4.9170 8.0726
4.8351 8.0526
4.7530 8.0329
4.6710 8.0134
4.5888 7.9942
4.5066 7.9751
4.4244 7.9563
4.3421 7.9377
4.2598 7.9192
4.1775 7.9008
4.0952 7.8825
4.0128 7.8642
3.9304 7.8460
3.8481 7.8277
3.7657 7.8094
3.6834 7.7909
3.6011 7.7723
3.5189 7.7536
3.4367 7.7345
3.3546 7.7152
3.2726 7.6956
3.1906 7.6756
3.1087 7.6552
3.0270 7.6344
2.9454 7.6130
2.8640 7.5910
2.7827 7.5685
2.7016 7.5453
2.6207 7.5214
2.5400 7.4968
2.4595 7.4714
2.3794 7.4452
2.2995 7.4181
2.2199 7.3900
2.1407 7.3611
2.0618 7.3311
1.9833 7.3002
1.9053 7.2682
1.8277 7.2351
1.7506 7.2008
1.6740 7.1655
1.5980 7.1290
1.5225 7.0913
1.4477 7.0524
1.3735 7.0123
1.2999 6.9710
1.2271 6.9284
1.1549 6.8847
1.0836 6.8397
1.0130 6.7935
0.9432 6.7461
0.8742 6.6976
0.8061 6.6478
0.7388 6.5970
0.6724 6.5450
0.6068 6.4919
0.5422 6.4377
0.4784 6.3824
0.4156 6.3261
0.3537 6.2688
0.2928 6.2105
0.2329 6.1511
0.1740 6.0907
0.1161 6.0294
0.0593 5.9670
0.0037 5.9036
-0.0508 5.8392
-0.1041 5.7737
-0.1560 5.7073
-0.2067 5.6399
-0.2561 5.5715
-0.3040 5.5021
-0.3506 5.4317
-0.3957 5.3604
-0.4393 5.2882
-0.4814 5.2152
-0.5220 5.1412
-0.5611 5.0665
-0.5986 4.9909
-0.6345 4.9146
-0.6689 4.8375
-0.7017 4.7598
-0.7329 4.6815
-0.7626 4.6025
-0.7907 4.5230
-0.8174 4.4429
-0.8425 4.3624
-0.8661 4.2814
-0.8882 4.2000
-0.9089 4.1183
-0.9282 4.0361
-0.9461 3.9537
-0.9626 3.8710
-0.9777 3.7880
-0.9914 3.7047
-1.0036 3.6213
-1.0145 3.5376
-1.0240 3.4538
-1.0321 3.3698
-1.0388 3.2857
-1.0440 3.2015
-1.0479 3.1173
-1.0503 3.0330
