x y v
9.2125 9.0033 1.3008
9.1477 9.0093 1.3018
9.0828 9.0145 1.3028
9.0178 9.0189 1.3039
8.9526 9.0224 1.3050
8.8874 9.0251 1.3061
8.8221 9.0269 1.3072
8.7567 9.0279 1.3082
8.6913 9.0279 1.3093
8.6258 9.0269 1.3104
8.5603 9.0251 1.3115
8.4947 9.0222 1.3126
8.4292 9.0184 1.3137
8.3637 9.0136 1.3149
8.2981 9.0078 1.3160
8.2327 9.0010 1.3171
8.1672 8.9932 1.3183
8.1019 8.9845 1.3195
8.0366 8.9748 1.3207
7.9714 8.9642 1.3219
7.9063 8.9526 1.3231
7.8413 8.9402 1.3243
7.7764 8.9268 1.3256
7.7116 8.9127 1.3269
7.6469 8.8978 1.3281
7.5824 8.8821 1.3295
7.5179 8.8656 1.3308
7.4536 8.8485 1.3321
7.3894 8.8308 1.3334
7.3252 8.8125 1.3348
7.2612 8.7936 1.3362
7.1972 8.7742 1.3375
7.1333 8.7543 1.3389
7.0695 8.7341 1.3403
7.0057 8.7135 1.3418
6.9419 8.6925 1.3432
6.8781 8.6713 1.3446
6.8144 8.6499 1.3461
6.7506 8.6282 1.3476
6.6868 8.6064 1.3490
6.6230 8.5845 1.3505
6.5591 8.5626 1.3520
6.4951 8.5406 1.3535
6.4311 8.5186 1.3551
6.3669 8.4966 1.3566
6.3027 8.4747 1.3581
6.2383 8.4529 1.3597
6.1739 8.4312 1.3612
6.1093 8.4097 1.3628
6.0445 8.3883 1.3644
5.9796 8.3671 1.3660
5.9146 8.3461 1.3677
5.8494 8.3254 1.3694
5.7840 8.3049 1.3712
5.7184 8.2848 1.3730
5.6527 8.2649 1.3749
5.5867 8.2454 1.3768
5.5205 8.2261 1.3788
5.4542 8.2072 1.3809
5.3877 8.1886 1.3829
5.3209 8.1703 1.3850
5.2540 8.1523 1.3872
5.1869 8.1346 1.3894
5.1196 8.1171 1.3915
5.0521 8.0999 1.3938
4.9845 8.0830 1.3960
4.9166 8.0662 1.3982
4.8487 8.0496 1.4005
4.7805 8.0333 1.4028
4.7122 8.0170 1.4050
4.6438 8.0010 1.4073
4.5752 7.9850 1.4095
4.5065 7.9691 1.4117
4.4376 7.9534 1.4140
4.3686 7.9376 1.4162
4.2995 7.9220 1.4183
4.2303 7.9063 1.4205
4.1610 7.8907 1.4226
4.0915 7.8750 1.4248
4.0220 7.8594 1.4269
3.9523 7.8436 1.4289
3.8826 7.8278 1.4310
3.8128 7.8119 1.4330
3.7429 7.7959 1.4350
3.6729 7.7798 1.4370
3.6029 7.7635 1.4390
3.5328 7.7471 1.4409
3.4627 7.7304 1.4429
3.3925 7.7135 1.4448
3.3222 7.6964 1.4466
3.2520 7.6790 1.4485
3.1817 7.6613 1.4503
3.1114 7.6432 1.4522
3.0411 7.6248 1.4540
2.9709 7.6061 1.4557
2.9006 7.5869 1.4575
2.8304 7.5674 1.4592
2.7602 7.5473 1.4609
2.6900 7.5268 1.4626
2.6199 7.5057 1.4643
2.5499 7.4841 1.4660
2.4800 7.4619 1.4676
2.4102 7.4392 1.4693
2.3406 7.4157 1.4709
2.2710 7.3917 1.4725
2.2017 7.3669 1.4741
2.1325 7.3414 1.4757
2.0635 7.3151 1.4772
1.9947 7.2881 1.4788
1.9262 7.2602 1.4804
1.8579 7.2315 1.4819
1.7899 7.2020 1.4835
1.7222 7.1715 1.4850
1.6549 7.1402 1.4865
1.5879 7.1079 1.4880
1.5212 7.0748 1.4895
1.4550 7.0406 1.4910
1.3892 7.0055 1.4925
1.3238 6.9695 1.4940
1.2589 6.9325 1.4955
1.1944 6.8945 1.4969
1.1305 6.8555 1.4984
1.0670 6.8156 1.4998
1.0041 6.7747 1.5013
0.9418 6.7328 1.5027
0.8800 6.6900 1.5041
0.8189 6.6462 1.5055
0.7583 6.6014 1.5068
0.6984 6.5557 1.5082
0.6391 6.5091 1.5096
0.5804 6.4615 1.5109
0.5224 6.4130 1.5122
0.4652 6.3636 1.5135
0.4086 6.3133 1.5148
0.3528 6.2620 1.5161
0.2977 6.2099 1.5174
0.2434 6.1569 1.5186
0.1899 6.1029 1.5199
0.1372 6.0481 1.5211
0.0854 5.9925 1.5223
0.0344 5.9359 1.5235
-0.0157 5.8785 1.5247
-0.0649 5.8202 1.5259
-0.1132 5.7611 1.5271
-0.1605 5.7011 1.5283
-0.2068 5.6403 1.5294
-0.2521 5.5787 1.5306
-0.2964 5.5162 1.5317
-0.3396 5.4530 1.5329
-0.3817 5.3889 1.5340
-0.4227 5.3240 1.5352
-0.4626 5.2584 1.5363
-0.5013 5.1920 1.5374
-0.5387 5.1249 1.5386
-0.5750 5.0570 1.5397
-0.6101 4.9884 1.5409
-0.6438 4.9191 1.5420
-0.6764 4.8492 1.5432
-0.7076 4.7786 1.5443
-0.7375 4.7074 1.5455
-0.7661 4.6356 1.5467
-0.7934 4.5632 1.5479
-0.8194 4.4903 1.5491
-0.8441 4.4168 1.5503
-0.8675 4.3429 1.5515
-0.8895 4.2685 1.5527
-0.9102 4.1936 1.5540
-0.9296 4.1183 1.5552
-0.9478 4.0427 1.5564
-0.9646 3.9667 1.5577
-0.9802 3.8903 1.5589
-0.9945 3.8137 1.5602
-1.0075 3.7368 1.5615
-1.0193 3.6595 1.5627
-1.0299 3.5821 1.5640
-1.0393 3.5044 1.5653
-1.0474 3.4266 1.5665
-1.0544 3.3485 1.5678
-1.0601 3.2703 1.5691
-1.0647 3.1920 1.5704
-1.0682 3.1135 1.5717
-1.0704 3.0349 1.5730
-1.0715 2.9562 1.5742
-1.0715 2.8775 1.5755
-1.0703 2.7987 1.5768
-1.0680 2.7198 1.5781
-1.0646 2.6410 1.5795
-1.0600 2.5621 1.5808
-1.0544 2.4832 1.5821
-1.0477 2.4044 1.5834
-1.0399 2.3256 1.5847
-1.0311 2.2468 1.5861
-1.0211 2.1681 1.5874
-1.0101 2.0894 1.5889
-0.9980 2.0109 1.5903
-0.9849 1.9324 1.5918
-0.9706 1.8541 1.5934
-0.9552 1.7759 1.5950
-0.9388 1.6978 1.5967
-0.9215 1.6198 1.5984
-0.9032 1.5420 1.6002
-0.8840 1.4642 1.6020
-0.8639 1.3866 1.6038
-0.8431 1.3092 1.6056
-0.8215 1.2318 1.6075
-0.7992 1.1545 1.6094
-0.7763 1.0773 1.6113
-0.7528 1.0002 1.6132
-0.7288 0.9232 1.6151
-0.7043 0.8462 1.6170
-0.6794 0.7692 1.6189
-0.6541 0.6923 1.6208
-0.6284 0.6154 1.6227
-0.6024 0.5385 1.6246
-0.5761 0.4616 1.6265
-0.5495 0.3846 1.6283
-0.5227 0.3077 1.6301
-0.4958 0.2308 1.6319
-0.4686 0.1538 1.6337
-0.4413 0.0767 1.6355
-0.4138 -0.0003 1.6372
-0.3863 -0.0775 1.6390
-0.3586 -0.1547 1.6407
-0.3308 -0.2319 1.6423
-0.3030 -0.3092 1.6440
-0.2752 -0.3866 1.6456
-0.2473 -0.4640 1.6472
-0.2193 -0.5415 1.6488
-0.1914 -0.6191 1.6504
-0.1634 -0.6968 1.6519
-0.1354 -0.7746 1.6534
-0.1075 -0.8524 1.6549
-0.0795 -0.9303 1.6564
-0.0516 -1.0083 1.6578
-0.0236 -1.0864 1.6592
0.0043 -1.1646 1.6606
0.0323 -1.2428 1.6620
0.0602 -1.3211 1.6633
0.0882 -1.3994 1.6646
0.1162 -1.4779 1.6659
0.1442 -1.5563 1.6672
0.1723 -1.6348 1.6684
0.2005 -1.7134 1.6696
0.2288 -1.7920 1.6708
0.2572 -1.8706 1.6719
0.2857 -1.9492 1.6730
0.3144 -2.0278 1.6741
0.3434 -2.1063 1.6752
0.3725 -2.1849 1.6762
0.4020 -2.2634 1.6772
0.4317 -2.3418 1.6782
0.4619 -2.4201 1.6791
0.4924 -2.4984 1.6801
0.5234 -2.5765 1.6809
0.5549 -2.6544 1.6818
0.5869 -2.7322 1.6826
0.6196 -2.8097 1.6834
0.6529 -2.8871 1.6841
0.6869 -2.9641 1.6849
0.7217 -3.0408 1.6856
0.7574 -3.1172 1.6862
0.7940 -3.1932 1.6868
0.8315 -3.2687 1.6874
0.8701 -3.3438 1.6880
0.9097 -3.4183 1.6885
0.9505 -3.4922 1.6890
0.9926 -3.5655 1.6894
1.0359 -3.6380 1.6898
1.0806 -3.7097 1.6902
1.1266 -3.7806 1.6905
1.1742 -3.8505 1.6908
1.2232 -3.9194 1.6910
1.2738 -3.9871 1.6913
1.3261 -4.0536 1.6914
1.3800 -4.1187 1.6916
1.4356 -4.1824 1.6917
1.4930 -4.2446 1.6917
1.5522 -4.3050 1.6917
1.6131 -4.3637 1.6917
1.6759 -4.4203 1.6916
1.7406 -4.4748 1.6915
1.8071 -4.5271 1.6914
1.8754 -4.5769 1.6912
1.9456 -4.6241 1.6909
2.0175 -4.6686 1.6906
2.0911 -4.7101 1.6903
2.1664 -4.7485 1.6899
2.2432 -4.7836 1.6895
2.3215 -4.8152 1.6891
2.4012 -4.8432 1.6886
2.4820 -4.8674 1.6882
2.5640 -4.8877 1.6876
2.6468 -4.9039 1.6871
2.7302 -4.9159 1.6865
2.8142 -4.9235 1.6860
2.8984 -4.9268 1.6855
2.9826 -4.9255 1.6849
3.0667 -4.9197 1.6844
3.1474 -4.9100 1.5608
3.2241 -4.8978 1.5542
3.3012 -4.8880 1.5534
3.3770 -4.8725 1.5464
3.4513 -4.8512 1.5443
3.5239 -4.8250 1.5439
3.5948 -4.7946 1.5437
3.6639 -4.7601 1.5437
3.7309 -4.7218 1.5438
3.7956 -4.6798 1.5439
3.8581 -4.6344 1.5440
3.9180 -4.5858 1.5442
3.9754 -4.5341 1.5444
4.0300 -4.4795 1.5446
4.0820 -4.4224 1.5448
4.1311 -4.3628 1.5451
4.1774 -4.3010 1.5454
4.2209 -4.2371 1.5457
4.2614 -4.1713 1.5460
4.2991 -4.1038 1.5464
4.3339 -4.0347 1.5468
4.3659 -3.9643 1.5472
4.3950 -3.8926 1.5476
4.4213 -3.8199 1.5480
4.4449 -3.7461 1.5484
4.4657 -3.6716 1.5489
4.4839 -3.5963 1.5494
4.4994 -3.5204 1.5499
4.5124 -3.4440 1.5504
4.5229 -3.3671 1.5509
4.5309 -3.2900 1.5515
4.5366 -3.2126 1.5520
4.5399 -3.1351 1.5526
4.5410 -3.0575 1.5532
4.5400 -2.9798 1.5538
4.5368 -2.9021 1.5545
4.5316 -2.8246 1.5551
4.5244 -2.7471 1.5558
4.5154 -2.6699 1.5565
4.5045 -2.5928 1.5572
4.4919 -2.5159 1.5579
4.4776 -2.4394 1.5586
4.4618 -2.3630 1.5594
4.4444 -2.2870 1.5601
4.4255 -2.2113 1.5609
4.4052 -2.1359 1.5617
4.3836 -2.0609 1.5626
4.3608 -1.9861 1.5634
4.3368 -1.9117 1.5643
4.3116 -1.8376 1.5651
4.2854 -1.7639 1.5661
4.2581 -1.6904 1.5671
4.2299 -1.6173 1.5681
4.2008 -1.5445 1.5692
4.1708 -1.4719 1.5704
4.1402 -1.3996 1.5716
4.1088 -1.3275 1.5729
4.0769 -1.2556 1.5741
4.0445 -1.1839 1.5754
4.0116 -1.1123 1.5768
3.9784 -1.0407 1.5781
3.9450 -0.9692 1.5795
3.9113 -0.8977 1.5808
3.8774 -0.8263 1.5822
3.8435 -0.7548 1.5836
3.8096 -0.6832 1.5850
3.7756 -0.6116 1.5864
3.7417 -0.5398 1.5877
3.7080 -0.4679 1.5891
3.6744 -0.3959 1.5904
3.6410 -0.3236 1.5918
3.6079 -0.2512 1.5931
3.5751 -0.1786 1.5944
3.5426 -0.1058 1.5957
3.5105 -0.0327 1.5969
3.4788 0.0406 1.5982
3.4476 0.1142 1.5994
3.4169 0.1881 1.6005
3.3867 0.2622 1.6017
3.3572 0.3367 1.6028
3.3283 0.4115 1.6039
3.3001 0.4866 1.6050
3.2727 0.5620 1.6060
3.2461 0.6378 1.6071
3.2203 0.7140 1.6081
3.1954 0.7904 1.6091
3.1715 0.8673 1.6100
3.1485 0.9445 1.6109
3.1266 1.0220 1.6118
3.1058 1.0999 1.6127
3.0862 1.1781 1.6136
3.0678 1.2567 1.6144
3.0506 1.3356 1.6152
3.0346 1.4148 1.6160
3.0201 1.4942 1.6167
3.0069 1.5740 1.6175
2.9952 1.6541 1.6182
2.9850 1.7343 1.6188
2.9763 1.8148 1.6195
2.9692 1.8955 1.6201
2.9638 1.9763 1.6207
2.9601 2.0573 1.6213
2.9581 2.1384 1.6219
2.9579 2.2195 1.6224
2.9595 2.3006 1.6229
2.9631 2.3817 1.6233
2.9685 2.4626 1.6238
2.9760 2.5435 1.6242
2.9855 2.6242 1.6246
2.9971 2.7046 1.6250
3.0108 2.7847 1.6253
3.0267 2.8644 1.6256
3.0448 2.9436 1.6259
3.0652 3.0223 1.6262
3.0879 3.1004 1.6264
3.1129 3.1778 1.6266
3.1403 3.2543 1.6268
3.1702 3.3300 1.6270
3.2025 3.4047 1.6271
3.2372 3.4782 1.6272
3.2745 3.5506 1.6273
3.3142 3.6215 1.6273
3.3565 3.6910 1.6274
3.4013 3.7590 1.6274
3.4487 3.8252 1.6273
3.4985 3.8895 1.6273
3.5508 3.9518 1.6272
3.6055 4.0120 1.6271
3.6627 4.0699 1.6271
3.7221 4.1254 1.6270
3.7839 4.1783 1.6268
3.8479 4.2285 1.6267
3.9140 4.2759 1.6265
3.9821 4.3203 1.6264
4.0522 4.3616 1.6262
4.1240 4.3996 1.6260
4.1975 4.4344 1.6259
4.2725 4.4657 1.6257
4.3489 4.4934 1.6255
4.4265 4.5176 1.6254
4.5051 4.5380 1.6252
4.5847 4.5547 1.6251
4.6649 4.5675 1.6250
4.7456 4.5765 1.6249
4.8267 4.5817 1.6248
4.9079 4.5829 1.6247
4.9891 4.5803 1.6247
5.0701 4.5739 1.6246
5.1476 4.5632 1.4924
5.2186 4.5435 1.4720
5.2875 4.5174 1.4797
5.3572 4.4919 1.4879
5.4272 4.4667 1.4881
5.4965 4.4395 1.4884
5.5649 4.4102 1.4887
5.6325 4.3789 1.4889
5.6990 4.3455 1.4892
5.7645 4.3100 1.4894
5.8287 4.2724 1.4897
5.8918 4.2327 1.4900
5.9534 4.1909 1.4903
6.0137 4.1470 1.4906
6.0724 4.1011 1.4909
6.1296 4.0533 1.4913
6.1851 4.0035 1.4917
6.2389 3.9518 1.4921
6.2909 3.8983 1.4926
6.3412 3.8431 1.4931
6.3896 3.7863 1.4935
6.4361 3.7279 1.4940
6.4807 3.6679 1.4946
6.5234 3.6066 1.4952
6.5643 3.5440 1.4958
6.6032 3.4801 1.4964
6.6402 3.4151 1.4970
6.6753 3.3489 1.4977
6.7086 3.2818 1.4984
6.7400 3.2138 1.4991
6.7696 3.1449 1.4998
6.7975 3.0753 1.5006
6.8236 3.0050 1.5013
6.8480 2.9340 1.5021
6.8708 2.8624 1.5029
6.8920 2.7903 1.5037
6.9117 2.7177 1.5045
6.9298 2.6446 1.5054
6.9466 2.5712 1.5062
6.9619 2.4975 1.5071
6.9760 2.4234 1.5080
6.9887 2.3491 1.5089
7.0002 2.2745 1.5099
7.0106 2.1997 1.5109
7.0198 2.1247 1.5120
7.0279 2.0495 1.5131
7.0351 1.9742 1.5143
7.0414 1.8987 1.5156
7.0469 1.8231 1.5168
7.0517 1.7474 1.5181
7.0559 1.6715 1.5195
7.0595 1.5956 1.5208
7.0628 1.5196 1.5222
7.0657 1.4435 1.5236
7.0683 1.3673 1.5250
7.0707 1.2911 1.5264
7.0731 1.2148 1.5278
7.0754 1.1384 1.5292
7.0777 1.0619 1.5306
7.0802 0.9854 1.5319
7.0828 0.9088 1.5333
7.0857 0.8322 1.5347
7.0888 0.7555 1.5360
7.0922 0.6787 1.5374
7.0961 0.6019 1.5387
7.1004 0.5251 1.5400
7.1052 0.4482 1.5412
7.1106 0.3713 1.5425
7.1165 0.2944 1.5437
7.1232 0.2174 1.5449
7.1305 0.1405 1.5460
7.1386 0.0636 1.5472
7.1476 -0.0132 1.5483
7.1575 -0.0901 1.5494
7.1683 -0.1668 1.5505
7.1800 -0.2434 1.5515
7.1929 -0.3200 1.5525
7.2068 -0.3964 1.5536
7.2219 -0.4726 1.5546
7.2382 -0.5486 1.5555
7.2557 -0.6244 1.5565
7.2745 -0.7000 1.5574
7.2946 -0.7752 1.5584
7.3161 -0.8501 1.5593
7.3390 -0.9247 1.5602
7.3633 -0.9988 1.5610
7.3891 -1.0725 1.5619
7.4164 -1.1457 1.5628
7.4453 -1.2183 1.5636
7.4756 -1.2904 1.5644
7.5076 -1.3618 1.5652
7.5411 -1.4326 1.5660
7.5762 -1.5026 1.5668
7.6130 -1.5718 1.5676
7.6513 -1.6401 1.5684
7.6913 -1.7076 1.5692
7.7329 -1.7742 1.5699
7.7761 -1.8397 1.5707
7.8210 -1.9042 1.5715
7.8674 -1.9676 1.5722
7.9154 -2.0299 1.5730
7.9650 -2.0910 1.5737
8.0161 -2.1508 1.5744
8.0688 -2.2093 1.5752
8.1230 -2.2665 1.5759
8.1787 -2.3222 1.5767
8.2358 -2.3766 1.5774
8.2944 -2.4295 1.5782
8.3543 -2.4808 1.5789
8.4155 -2.5307 1.5797
8.4781 -2.5789 1.5804
8.5419 -2.6255 1.5812
8.6070 -2.6705 1.5819
8.6732 -2.7138 1.5827
8.7405 -2.7554 1.5835
8.8089 -2.7953 1.5843
8.8784 -2.8335 1.5851
8.9488 -2.8699 1.5859
9.0201 -2.9046 1.5867
9.0923 -2.9375 1.5875
9.1653 -2.9686 1.5884
9.2391 -2.9980 1.5892
9.3137 -3.0257 1.5901
9.3889 -3.0515 1.5909
9.4647 -3.0757 1.5918
9.5411 -3.0981 1.5927
9.6180 -3.1188 1.5936
9.6954 -3.1377 1.5945
9.7733 -3.1550 1.5954
9.8515 -3.1707 1.5964
9.9301 -3.1846 1.5973
10.0090 -3.1970 1.5982
10.0882 -3.2077 1.5992
10.1677 -3.2169 1.6002
10.2474 -3.2246 1.6012
10.3272 -3.2307 1.6021
10.4072 -3.2353 1.6031
10.4873 -3.2384 1.6042
10.5675 -3.2400 1.6052
10.6478 -3.2401 1.6063
10.7282 -3.2386 1.6075
10.8085 -3.2357 1.6087
10.8886 -3.2305 1.6012
10.9675 -3.2177 1.5995
11.0466 -3.2054 1.6040
11.1260 -3.1934 1.6057
11.2054 -3.1813 1.6071
11.2848 -3.1688 1.6086
11.3642 -3.1556 1.6100
11.4435 -3.1419 1.6115
11.5229 -3.1276 1.6130
11.6022 -3.1127 1.6145
11.6814 -3.0972 1.6160
11.7606 -3.0811 1.6175
11.8398 -3.0643 1.6190
11.9189 -3.0470 1.6205
11.9980 -3.0292 1.6220
12.0770 -3.0107 1.6234
12.1559 -2.9918 1.6249
12.2349 -2.9723 1.6264
12.3137 -2.9523 1.6278
12.3925 -2.9319 1.6292
12.4713 -2.9110 1.6306
12.5501 -2.8898 1.6319
12.6288 -2.8681 1.6333
12.7074 -2.8460 1.6346
12.7861 -2.8237 1.6359
12.8647 -2.8010 1.6371
12.9433 -2.7780 1.6384
13.0219 -2.7549 1.6396
13.1005 -2.7314 1.6407
13.1791 -2.7078 1.6419
13.2577 -2.6841 1.6430
13.3363 -2.6601 1.6441
13.4150 -2.6361 1.6452
13.4936 -2.6120 1.6462
13.5723 -2.5879 1.6472
13.6511 -2.5636 1.6482
13.7299 -2.5394 1.6491
13.8087 -2.5151 1.6500
13.8876 -2.4909 1.6509
13.9665 -2.4667 1.6517
14.0455 -2.4424 1.6525
14.1245 -2.4182 1.6533
14.2036 -2.3940 1.6540
14.2827 -2.3698 1.6547
14.3618 -2.3456 1.6554
14.4410 -2.3214 1.6560
14.5201 -2.2971 1.6566
14.5993 -2.2728 1.6572
14.6785 -2.2483 1.6577
14.7577 -2.2237 1.6582
14.8368 -2.1989 1.6587
14.9159 -2.1738 1.6591
14.9948 -2.1484 1.6594
15.0737 -2.1226 1.6598
15.1524 -2.0964 1.6601
15.2310 -2.0695 1.6603
15.3093 -2.0420 1.6605
15.3874 -2.0138 1.6607
15.4652 -1.9847 1.6608
15.5425 -1.9545 1.6608
15.6195 -1.9233 1.6608
15.6958 -1.8906 1.6607
15.7716 -1.8566 1.6606
15.8465 -1.8209 1.6604
15.9206 -1.7835 1.6601
15.9936 -1.7441 1.6597
16.0654 -1.7025 1.6591
16.1357 -1.6585 1.6585
16.2044 -1.6120 1.6578
16.2711 -1.5628 1.6569
16.3356 -1.5108 1.6559
16.3974 -1.4559 1.6547
16.4563 -1.3978 1.6533
16.5119 -1.3367 1.6519
16.5638 -1.2725 1.6503
16.6115 -1.2052 1.6486
16.6546 -1.1350 1.6467
16.6928 -1.0621 1.6448
16.7256 -0.9868 1.6428
16.7527 -0.9093 1.6408
16.7737 -0.8301 1.6388
16.7883 -0.7495 1.6368
16.7965 -0.6682 1.6348
16.7979 -0.5865 1.6330
16.7926 -0.5051 1.6312
16.7806 -0.4245 1.6295
16.7619 -0.3452 1.6280
16.7367 -0.2679 1.6265
16.7052 -0.1930 1.6253
16.6676 -0.1210 1.6241
16.6244 -0.0523 1.6232
16.5758 0.0127 1.6223
16.5223 0.0736 1.6216
16.4643 0.1302 1.6211
16.4023 0.1823 1.6206
16.3366 0.2297 1.6202
16.2677 0.2722 1.6200
16.1960 0.3099 1.6199
16.1219 0.3427 1.6197
16.0459 0.3706 1.6197
15.9683 0.3936 1.6198
15.8894 0.4120 1.6201
15.8096 0.4258 1.6202
15.7292 0.4351 1.6204
15.6483 0.4401 1.6207
15.5673 0.4410 1.6211
15.4863 0.4380 1.6216
15.4055 0.4312 1.6219
15.3251 0.4209 1.6224
15.2451 0.4072 1.6229
15.1657 0.3904 1.6235
15.0869 0.3708 1.6240
15.0089 0.3484 1.6245
14.9316 0.3234 1.6251
14.8551 0.2959 1.6258
14.7794 0.2663 1.6266
14.7044 0.2347 1.6273
14.6302 0.2013 1.6282
14.5567 0.1662 1.6291
14.4839 0.1297 1.6300
14.4116 0.0920 1.6310
14.3399 0.0532 1.6319
14.2685 0.0135 1.6329
14.1976 -0.0270 1.6339
14.1270 -0.0681 1.6348
14.0566 -0.1096 1.6358
13.9863 -0.1516 1.6368
13.9162 -0.1938 1.6377
13.8461 -0.2362 1.6386
13.7761 -0.2788 1.6396
13.7060 -0.3213 1.6405
13.6358 -0.3639 1.6414
13.5655 -0.4063 1.6423
13.4952 -0.4486 1.6431
13.4246 -0.4908 1.6439
13.3539 -0.5327 1.6447
13.2830 -0.5744 1.6455
13.2119 -0.6159 1.6462
13.1406 -0.6570 1.6469
13.0691 -0.6978 1.6476
12.9973 -0.7383 1.6482
12.9253 -0.7785 1.6488
12.8530 -0.8182 1.6493
12.7805 -0.8575 1.6499
12.7077 -0.8963 1.6503
12.6347 -0.9347 1.6508
12.5613 -0.9725 1.6512
12.4876 -1.0098 1.6515
12.4136 -1.0464 1.6518
12.3393 -1.0824 1.6521
12.2646 -1.1177 1.6523
12.1895 -1.1523 1.6525
12.1141 -1.1860 1.6527
12.0383 -1.2188 1.6528
11.9620 -1.2506 1.6528
11.8852 -1.2812 1.6528
11.8080 -1.3107 1.6528
11.7303 -1.3387 1.6527
11.6520 -1.3653 1.6525
11.5732 -1.3901 1.6522
11.4939 -1.4129 1.6519
11.4139 -1.4337 1.6514
11.3334 -1.4520 1.6509
11.2524 -1.4677 1.6502
11.1709 -1.4803 1.6493
11.0890 -1.4895 1.6482
11.0068 -1.4951 1.6471
10.9245 -1.4966 1.6458
10.8423 -1.4937 1.6442
10.7605 -1.4861 1.6424
10.6794 -1.4734 1.6404
10.5994 -1.4554 1.6384
10.5211 -1.4318 1.6361
10.4448 -1.4025 1.6337
10.3711 -1.3675 1.6312
10.3006 -1.3266 1.6287
10.2339 -1.2800 1.6262
10.1715 -1.2279 1.6237
10.1141 -1.1707 1.6213
10.0621 -1.1086 1.6190
10.0160 -1.0422 1.6168
9.9761 -0.9719 1.6149
9.9428 -0.8984 1.6130
9.9164 -0.8223 1.6113
9.8970 -0.7442 1.6099
9.8846 -0.6647 1.6087
9.8792 -0.5845 1.6076
9.8807 -0.5042 1.6067
9.8890 -0.4243 1.6060
9.9038 -0.3455 1.6056
9.9247 -0.2680 1.6050
9.9517 -0.1925 1.6047
9.9842 -0.1191 1.6046
10.0220 -0.0484 1.6047
10.0645 0.0197 1.6046
10.1115 0.0846 1.6047
10.1627 0.1464 1.6048
10.2176 0.2050 1.6051
10.2759 0.2601 1.6053
10.3373 0.3118 1.6057
10.4014 0.3601 1.6063
10.4679 0.4051 1.6071
10.5364 0.4471 1.6079
10.6068 0.4861 1.6087
10.6786 0.5223 1.6097
10.7517 0.5560 1.6106
10.8259 0.5874 1.6116
10.9009 0.6170 1.6125
10.9766 0.6447 1.6134
11.0529 0.6710 1.6143
11.1296 0.6962 1.6152
11.2066 0.7205 1.6160
11.2839 0.7441 1.6167
11.3613 0.7674 1.6174
11.4388 0.7905 1.6181
11.5163 0.8138 1.6187
11.5937 0.8375 1.6192
11.6710 0.8618 1.6197
11.7480 0.8868 1.6202
11.8247 0.9128 1.6206
11.9011 0.9400 1.6209
11.9769 0.9686 1.6212
12.0522 0.9988 1.6214
12.1267 1.0306 1.6216
12.2005 1.0643 1.6217
12.2733 1.1000 1.6218
12.3450 1.1379 1.6218
12.4155 1.1780 1.6219
12.4846 1.2204 1.6219
12.5522 1.2652 1.6219
12.6181 1.3125 1.6218
12.6821 1.3622 1.6218
12.7442 1.4143 1.6217
12.8041 1.4690 1.6217
12.8617 1.5260 1.6217
12.9169 1.5854 1.6217
12.9695 1.6471 1.6217
13.0195 1.7110 1.6218
13.0667 1.7769 1.6218
13.1110 1.8448 1.6219
13.1523 1.9146 1.6221
13.1907 1.9860 1.6223
13.2260 2.0591 1.6225
13.2582 2.1335 1.6228
13.2874 2.2092 1.6230
13.3135 2.2861 1.6234
13.3364 2.3639 1.6237
13.3564 2.4426 1.6242
13.3733 2.5221 1.6246
13.3873 2.6021 1.6251
13.3984 2.6826 1.6256
13.4067 2.7634 1.6261
13.4122 2.8446 1.6267
13.4151 2.9259 1.6272
13.4154 3.0072 1.6278
13.4132 3.0886 1.6285
13.4086 3.1699 1.6291
13.4017 3.2511 1.6299
13.3926 3.3321 1.6305
13.3814 3.4129 1.6313
13.3683 3.4934 1.6320
13.3532 3.5736 1.6328
13.3363 3.6535 1.6336
13.3178 3.7331 1.6344
13.2976 3.8123 1.6352
13.2760 3.8911 1.6360
13.2529 3.9696 1.6369
13.2286 4.0478 1.6378
13.2030 4.1256 1.6387
13.1763 4.2031 1.6396
13.1486 4.2803 1.6405
13.1199 4.3571 1.6415
13.0902 4.4337 1.6426
13.0598 4.5100 1.6437
13.0286 4.5861 1.6449
12.9968 4.6619 1.6461
12.9643 4.7376 1.6473
12.9314 4.8131 1.6486
12.8980 4.8885 1.6499
12.8642 4.9638 1.6513
12.8301 5.0391 1.6526
12.7957 5.1142 1.6540
12.7611 5.1894 1.6554
12.7263 5.2645 1.6568
12.6913 5.3396 1.6582
12.6562 5.4148 1.6597
12.6210 5.4900 1.6611
12.5856 5.5652 1.6625
12.5502 5.6404 1.6639
12.5147 5.7157 1.6653
12.4791 5.7910 1.6667
12.4434 5.8663 1.6681
12.4075 5.9417 1.6695
12.3716 6.0171 1.6708
12.3355 6.0924 1.6722
12.2992 6.1678 1.6734
12.2627 6.2431 1.6747
12.2260 6.3184 1.6759
12.1891 6.3937 1.6771
12.1518 6.4688 1.6783
12.1142 6.5439 1.6795
12.0762 6.6188 1.6806
12.0378 6.6936 1.6817
11.9989 6.7681 1.6828
11.9595 6.8425 1.6838
11.9195 6.9166 1.6848
11.8789 6.9905 1.6858
11.8376 7.0640 1.6868
11.7956 7.1371 1.6877
11.7527 7.2098 1.6886
11.7090 7.2821 1.6895
11.6644 7.3539 1.6903
11.6189 7.4251 1.6911
11.5723 7.4957 1.6919
11.5246 7.5656 1.6927
11.4758 7.6347 1.6934
11.4258 7.7031 1.6942
11.3746 7.7706 1.6949
11.3221 7.8372 1.6955
11.2684 7.9027 1.6962
11.2133 7.9672 1.6968
11.1568 8.0305 1.6974
11.0989 8.0926 1.6981
11.0398 8.1536 1.6987
10.9793 8.2132 1.6992
10.9175 8.2715 1.6996
10.8542 8.3282 1.7001
10.7894 8.3833 1.7006
10.7232 8.4367 1.7011
10.6555 8.4882 1.7016
10.5864 8.5378 1.7020
10.5158 8.5854 1.7025
10.4438 8.6309 1.7030
10.3705 8.6742 1.7036
10.2959 8.7153 1.7041
10.2200 8.7540 1.7047
10.1430 8.7905 1.7052
10.0648 8.8246 1.7058
9.9856 8.8564 1.7065
9.9055 8.8857 1.7071
9.8245 8.9126 1.7078
9.7427 8.9372 1.7085
9.6602 8.9594 1.7092
9.5770 8.9793 1.7100
9.4934 8.9969 1.7108
9.4092 9.0122 1.7116
9.3246 9.0253 1.7124
9.2397 9.0363 1.7132
9.1544 9.0452 1.7141
