x y v
9.0525 9.0302 1.5988
8.9727 9.0341 1.5995
8.8927 9.0362 1.6002
8.8127 9.0365 1.6009
8.7326 9.0352 1.6016
8.6526 9.0323 1.6021
8.5726 9.0277 1.6020
8.4928 9.0211 1.6018
8.4132 9.0123 1.6017
8.3339 9.0014 1.6019
8.2548 8.9887 1.6021
8.1760 8.9744 1.6023
8.0974 8.9586 1.6025
8.0191 8.9417 1.6029
7.9409 8.9241 1.6034
7.8626 8.9065 1.6040
7.7843 8.8893 1.6046
7.7057 8.8729 1.6052
7.6269 8.8579 1.6058
7.5477 8.8446 1.6066
7.4682 8.8332 1.6072
7.3883 8.8241 1.6081
7.3081 8.8173 1.6090
7.2278 8.8131 1.6100
7.1473 8.8116 1.6111
7.0667 8.8129 1.6119
6.9862 8.8171 1.6135
6.9058 8.8237 1.6149
6.8255 8.8326 1.6166
6.7454 8.8437 1.6179
6.6654 8.8565 1.6205
6.5853 8.8686 1.6222
6.5048 8.8789 1.6220
6.4240 8.8844 1.6187
6.3432 8.8831 1.6112
6.2641 8.8710 1.5962
6.1873 8.8493 1.5952
6.1132 8.8199 1.5946
6.0425 8.7832 1.5953
5.9751 8.7404 1.6025
5.9097 8.6939 1.6095
5.8455 8.6451 1.6150
5.7820 8.5951 1.6190
5.7185 8.5448 1.6219
5.6546 8.4947 1.6241
5.5900 8.4454 1.6257
5.5244 8.3974 1.6270
5.4575 8.3510 1.6283
5.3893 8.3065 1.6296
5.3198 8.2641 1.6309
5.2488 8.2239 1.6323
5.1764 8.1860 1.6338
5.1028 8.1505 1.6354
5.0281 8.1173 1.6371
4.9522 8.0863 1.6390
4.8755 8.0575 1.6408
4.7979 8.0307 1.6428
4.7196 8.0057 1.6447
4.6407 7.9823 1.6467
4.5613 7.9605 1.6486
4.4814 7.9399 1.6505
4.4012 7.9204 1.6524
4.3206 7.9018 1.6542
4.2398 7.8841 1.6560
4.1588 7.8669 1.6577
4.0775 7.8501 1.6594
3.9962 7.8337 1.6610
3.9147 7.8175 1.6626
3.8331 7.8014 1.6642
3.7514 7.7852 1.6657
3.6697 7.7689 1.6672
3.5880 7.7524 1.6686
3.5062 7.7356 1.6700
3.4245 7.7184 1.6714
3.3427 7.7009 1.6728
3.2610 7.6828 1.6741
3.1794 7.6643 1.6754
3.0978 7.6451 1.6767
3.0163 7.6254 1.6779
2.9349 7.6049 1.6792
2.8536 7.5838 1.6804
2.7724 7.5620 1.6816
2.6914 7.5393 1.6828
2.6106 7.5159 1.6840
2.5299 7.4916 1.6851
2.4495 7.4664 1.6863
2.3693 7.4403 1.6874
2.2893 7.4133 1.6885
2.2097 7.3853 1.6895
2.1303 7.3563 1.6906
2.0512 7.3263 1.6916
1.9726 7.2952 1.6926
1.8943 7.2630 1.6936
1.8164 7.2297 1.6945
1.7390 7.1952 1.6955
1.6620 7.1596 1.6964
1.5856 7.1228 1.6973
1.5097 7.0848 1.6983
1.4343 7.0456 1.6991
1.3596 7.0051 1.7000
1.2855 6.9635 1.7009
1.2120 6.9206 1.7017
1.1393 6.8764 1.7026
1.0672 6.8310 1.7034
0.9959 6.7844 1.7042
0.9254 6.7366 1.7050
0.8556 6.6875 1.7058
0.7867 6.6373 1.7065
0.7186 6.5858 1.7073
0.6514 6.5332 1.7081
0.5850 6.4794 1.7088
0.5196 6.4244 1.7095
0.4551 6.3683 1.7102
0.3916 6.3110 1.7109
0.3291 6.2526 1.7116
0.2676 6.1931 1.7123
0.2071 6.1325 1.7130
0.1477 6.0707 1.7136
0.0894 6.0079 1.7143
0.0323 5.9440 1.7149
-0.0237 5.8790 1.7155
-0.0785 5.8130 1.7162
-0.1320 5.7459 1.7168
-0.1842 5.6777 1.7174
-0.2351 5.6086 1.7181
-0.2847 5.5384 1.7187
-0.3328 5.4672 1.7193
-0.3795 5.3950 1.7199
-0.4248 5.3218 1.7206
-0.4685 5.2478 1.7212
-0.5108 5.1728 1.7219
-0.5515 5.0969 1.7226
-0.5906 5.0201 1.7232
-0.6282 4.9426 1.7239
-0.6641 4.8642 1.7246
-0.6985 4.7851 1.7253
-0.7312 4.7053 1.7260
-0.7624 4.6248 1.7268
-0.7919 4.5436 1.7275
-0.8199 4.4619 1.7283
-0.8462 4.3796 1.7290
-0.8709 4.2967 1.7298
-0.8941 4.2134 1.7306
-0.9157 4.1296 1.7315
-0.9358 4.0453 1.7323
-0.9543 3.9607 1.7331
-0.9713 3.8757 1.7339
-0.9867 3.7904 1.7348
-1.0006 3.7047 1.7357
-1.0131 3.6188 1.7366
-1.0240 3.5327 1.7375
-1.0334 3.4463 1.7384
-1.0414 3.3597 1.7393
-1.0479 3.2730 1.7402
-1.0529 3.1861 1.7411
-1.0564 3.0991 1.7421
-1.0585 3.0120 1.7431
-1.0592 2.9248 1.7440
-1.0584 2.8376 1.7450
-1.0562 2.7503 1.7460
-1.0526 2.6631 1.7471
-1.0476 2.5758 1.7481
-1.0412 2.4886 1.7491
-1.0335 2.4015 1.7502
-1.0244 2.3144 1.7513
-1.0140 2.2274 1.7525
-1.0023 2.1406 1.7537
-0.9894 2.0538 1.7549
-0.9752 1.9672 1.7562
-0.9599 1.8807 1.7574
-0.9433 1.7944 1.7588
-0.9257 1.7082 1.7601
-0.9070 1.6222 1.7615
-0.8873 1.5363 1.7629
-0.8666 1.4506 1.7642
-0.8450 1.3650 1.7656
-0.8225 1.2796 1.7671
-0.7992 1.1943 1.7684
-0.7752 1.1092 1.7698
-0.7504 1.0242 1.7712
-0.7249 0.9394 1.7726
-0.6989 0.8546 1.7740
-0.6723 0.7700 1.7753
-0.6451 0.6854 1.7767
-0.6175 0.6010 1.7780
-0.5895 0.5166 1.7792
-0.5611 0.4322 1.7804
-0.5323 0.3479 1.7817
-0.5032 0.2637 1.7828
-0.4739 0.1795 1.7840
-0.4443 0.0953 1.7851
-0.4145 0.0112 1.7861
-0.3846 -0.0730 1.7872
-0.3545 -0.1572 1.7882
-0.3244 -0.2414 1.7891
-0.2941 -0.3256 1.7900
-0.2638 -0.4098 1.7909
-0.2335 -0.4941 1.7917
-0.2032 -0.5784 1.7925
-0.1729 -0.6628 1.7933
-0.1426 -0.7472 1.7940
-0.1124 -0.8317 1.7947
-0.0822 -0.9162 1.7954
-0.0521 -1.0008 1.7960
-0.0220 -1.0854 1.7966
0.0080 -1.1701 1.7971
0.0379 -1.2549 1.7976
0.0677 -1.3397 1.7981
0.0975 -1.4245 1.7985
0.1273 -1.5094 1.7989
0.1570 -1.5943 1.7993
0.1867 -1.6792 1.7996
0.2165 -1.7641 1.7999
0.2463 -1.8490 1.8001
0.2762 -1.9339 1.8003
0.3062 -2.0188 1.8005
0.3364 -2.1036 1.8006
0.3668 -2.1884 1.8007
0.3974 -2.2730 1.8007
0.4284 -2.3576 1.8007
0.4597 -2.4420 1.8007
0.4914 -2.5262 1.8007
0.5237 -2.6103 1.8005
0.5565 -2.6941 1.8004
0.5900 -2.7777 1.8002
0.6241 -2.8610 1.8000
0.6591 -2.9439 1.7997
0.6949 -3.0264 1.7994
0.7316 -3.1085 1.7990
0.7694 -3.1902 1.7986
0.8083 -3.2713 1.7982
0.8484 -3.3517 1.7977
0.8897 -3.4315 1.7971
0.9324 -3.5106 1.7966
0.9765 -3.5888 1.7959
1.0221 -3.6662 1.7953
1.0692 -3.7425 1.7946
1.1181 -3.8178 1.7938
1.1686 -3.8918 1.7930
1.2209 -3.9646 1.7922
1.2750 -4.0360 1.7913
1.3311 -4.1058 1.7904
1.3891 -4.1740 1.7894
1.4490 -4.2404 1.7884
1.5110 -4.3048 1.7873
1.5751 -4.3670 1.7862
1.6411 -4.4271 1.7851
1.7093 -4.4847 1.7839
1.7795 -4.5396 1.7827
1.8517 -4.5918 1.7814
1.9260 -4.6409 1.7801
2.0022 -4.6869 1.7787
2.0802 -4.7294 1.7773
2.1600 -4.7684 1.7758
2.2415 -4.8036 1.7745
2.3245 -4.8348 1.7730
2.4088 -4.8619 1.7714
2.4944 -4.8847 1.7699
2.5809 -4.9030 1.7684
2.6682 -4.9167 1.7668
2.7561 -4.9256 1.7653
2.8442 -4.9297 1.7636
2.9323 -4.9288 1.7623
3.0202 -4.9231 1.7607
3.1051 -4.9118 1.6560
3.1842 -4.8902 1.6389
3.2614 -4.8624 1.6456
3.3393 -4.8353 1.6519
3.4173 -4.8085 1.6485
3.4935 -4.7771 1.6468
3.5680 -4.7422 1.6457
3.6407 -4.7037 1.6445
3.7114 -4.6618 1.6433
3.7798 -4.6163 1.6422
3.8457 -4.5674 1.6411
3.9089 -4.5151 1.6402
3.9693 -4.4597 1.6393
4.0267 -4.4012 1.6385
4.0810 -4.3399 1.6378
4.1320 -4.2759 1.6372
4.1798 -4.2094 1.6367
4.2241 -4.1407 1.6362
4.2651 -4.0699 1.6359
4.3028 -3.9973 1.6355
4.3370 -3.9230 1.6353
4.3679 -3.8474 1.6351
4.3955 -3.7704 1.6349
4.4199 -3.6924 1.6348
4.4410 -3.6134 1.6348
4.4591 -3.5337 1.6347
4.4741 -3.4534 1.6347
4.4862 -3.3726 1.6348
4.4955 -3.2914 1.6349
4.5020 -3.2099 1.6350
4.5059 -3.1282 1.6351
4.5072 -3.0465 1.6352
4.5060 -2.9647 1.6355
4.5025 -2.8830 1.6357
4.4968 -2.8014 1.6359
4.4889 -2.7200 1.6362
4.4789 -2.6388 1.6365
4.4669 -2.5579 1.6368
4.4531 -2.4772 1.6372
4.4375 -2.3968 1.6376
4.4201 -2.3168 1.6380
4.4012 -2.2371 1.6385
4.3808 -2.1578 1.6389
4.3589 -2.0788 1.6394
4.3357 -2.0002 1.6400
4.3112 -1.9219 1.6405
4.2855 -1.8440 1.6411
4.2587 -1.7664 1.6418
4.2308 -1.6892 1.6424
4.2020 -1.6123 1.6431
4.1722 -1.5357 1.6439
4.1416 -1.4594 1.6447
4.1103 -1.3833 1.6454
4.0783 -1.3075 1.6462
4.0457 -1.2319 1.6471
4.0126 -1.1565 1.6479
3.9789 -1.0812 1.6487
3.9449 -1.0061 1.6496
3.9105 -0.9311 1.6504
3.8759 -0.8562 1.6513
3.8411 -0.7813 1.6521
3.8061 -0.7065 1.6529
3.7710 -0.6316 1.6538
3.7358 -0.5568 1.6546
3.7008 -0.4818 1.6553
3.6658 -0.4068 1.6561
3.6309 -0.3317 1.6568
3.5963 -0.2564 1.6575
3.5619 -0.1810 1.6582
3.5278 -0.1054 1.6588
3.4941 -0.0296 1.6594
3.4608 0.0465 1.6599
3.4281 0.1227 1.6605
3.3958 0.1992 1.6610
3.3642 0.2760 1.6614
3.3332 0.3531 1.6618
3.3030 0.4306 1.6622
3.2736 0.5083 1.6626
3.2449 0.5863 1.6629
3.2172 0.6647 1.6632
3.1905 0.7435 1.6634
3.1647 0.8226 1.6636
3.1400 0.9020 1.6638
3.1165 0.9818 1.6639
3.0941 1.0619 1.6641
3.0730 1.1424 1.6641
3.0531 1.2232 1.6642
3.0346 1.3043 1.6642
3.0175 1.3858 1.6642
3.0018 1.4675 1.6641
2.9876 1.5495 1.6641
2.9750 1.6317 1.6640
2.9639 1.7142 1.6638
2.9546 1.7968 1.6637
2.9469 1.8796 1.6634
2.9409 1.9626 1.6632
2.9368 2.0456 1.6629
2.9345 2.1287 1.6626
2.9341 2.2119 1.6623
2.9356 2.2949 1.6620
2.9391 2.3780 1.6616
2.9446 2.4608 1.6612
2.9523 2.5435 1.6607
2.9620 2.6260 1.6602
2.9740 2.7081 1.6597
2.9881 2.7899 1.6592
3.0046 2.8712 1.6586
3.0233 2.9519 1.6581
3.0444 3.0321 1.6574
3.0679 3.1115 1.6568
3.0939 3.1902 1.6561
3.1223 3.2679 1.6554
3.1532 3.3447 1.6547
3.1867 3.4203 1.6539
3.2227 3.4948 1.6532
3.2612 3.5678 1.6524
3.3024 3.6394 1.6515
3.3462 3.7094 1.6506
3.3925 3.7777 1.6498
3.4415 3.8441 1.6489
3.4929 3.9084 1.6480
3.5469 3.9706 1.6471
3.6034 4.0305 1.6462
3.6623 4.0880 1.6452
3.7236 4.1428 1.6443
3.7871 4.1949 1.6433
3.8529 4.2442 1.6424
3.9207 4.2904 1.6414
3.9905 4.3335 1.6404
4.0622 4.3733 1.6395
4.1356 4.4098 1.6385
4.2105 4.4427 1.6376
4.2869 4.4721 1.6367
4.3646 4.4978 1.6357
4.4433 4.5198 1.6348
4.5230 4.5380 1.6340
4.6034 4.5523 1.6331
4.6844 4.5627 1.6323
4.7657 4.5693 1.6315
4.8472 4.5719 1.6306
4.9287 4.5706 1.6299
5.0100 4.5654 1.6292
5.0910 4.5556 1.6337
5.1699 4.5358 1.6293
5.2487 4.5140 1.6382
5.3281 4.4939 1.6365
5.4062 4.4698 1.6349
5.4832 4.4423 1.6344
5.5589 4.4117 1.6337
5.6333 4.3780 1.6331
5.7062 4.3413 1.6326
5.7775 4.3016 1.6321
5.8471 4.2590 1.6316
5.9149 4.2136 1.6312
5.9807 4.1654 1.6309
6.0445 4.1147 1.6305
6.1062 4.0614 1.6303
6.1658 4.0058 1.6301
6.2232 3.9480 1.6299
6.2784 3.8881 1.6298
6.3314 3.8262 1.6297
6.3822 3.7624 1.6297
6.4307 3.6970 1.6297
6.4770 3.6299 1.6297
6.5211 3.5614 1.6298
6.5630 3.4915 1.6299
6.6028 3.4204 1.6300
6.6404 3.3481 1.6302
6.6759 3.2747 1.6304
6.7094 3.2004 1.6306
6.7409 3.1252 1.6309
6.7704 3.0492 1.6312
6.7980 2.9724 1.6315
6.8238 2.8950 1.6318
6.8478 2.8170 1.6322
6.8701 2.7385 1.6326
6.8907 2.6595 1.6330
6.9097 2.5801 1.6335
6.9272 2.5003 1.6340
6.9432 2.4202 1.6345
6.9578 2.3398 1.6351
6.9710 2.2591 1.6357
6.9830 2.1781 1.6364
6.9938 2.0970 1.6370
7.0035 2.0157 1.6378
7.0122 1.9343 1.6385
7.0199 1.8527 1.6393
7.0268 1.7710 1.6401
7.0329 1.6892 1.6409
7.0382 1.6073 1.6417
7.0430 1.5254 1.6425
7.0473 1.4433 1.6433
7.0511 1.3612 1.6441
7.0546 1.2791 1.6450
7.0579 1.1969 1.6458
7.0609 1.1146 1.6466
7.0639 1.0323 1.6474
7.0669 0.9500 1.6482
7.0699 0.8676 1.6489
7.0731 0.7852 1.6497
7.0766 0.7028 1.6504
7.0804 0.6203 1.6511
7.0846 0.5379 1.6518
7.0893 0.4554 1.6524
7.0946 0.3729 1.6530
7.1006 0.2905 1.6535
7.1073 0.2081 1.6541
7.1148 0.1257 1.6546
7.1232 0.0434 1.6551
7.1326 -0.0388 1.6555
7.1431 -0.1210 1.6560
7.1547 -0.2029 1.6564
7.1675 -0.2848 1.6568
7.1816 -0.3664 1.6572
7.1970 -0.4479 1.6576
7.2138 -0.5290 1.6579
7.2321 -0.6099 1.6582
7.2519 -0.6904 1.6585
7.2732 -0.7706 1.6588
7.2961 -0.8503 1.6591
7.3207 -0.9295 1.6594
7.3470 -1.0082 1.6596
7.3750 -1.0863 1.6599
7.4047 -1.1638 1.6601
7.4362 -1.2406 1.6603
7.4695 -1.3167 1.6605
7.5046 -1.3919 1.6607
7.5415 -1.4663 1.6609
7.5802 -1.5398 1.6611
7.6208 -1.6123 1.6613
7.6631 -1.6837 1.6615
7.7073 -1.7541 1.6617
7.7533 -1.8233 1.6619
7.8011 -1.8912 1.6620
7.8507 -1.9579 1.6622
7.9020 -2.0233 1.6624
7.9551 -2.0873 1.6626
8.0099 -2.1498 1.6628
8.0663 -2.2108 1.6630
8.1245 -2.2703 1.6632
8.1842 -2.3282 1.6634
8.2454 -2.3845 1.6636
8.3082 -2.4390 1.6639
8.3725 -2.4919 1.6641
8.4382 -2.5429 1.6644
8.5052 -2.5922 1.6646
8.5736 -2.6397 1.6649
8.6432 -2.6853 1.6652
8.7141 -2.7290 1.6655
8.7861 -2.7709 1.6659
8.8592 -2.8108 1.6662
8.9333 -2.8488 1.6666
9.0085 -2.8849 1.6670
9.0845 -2.9191 1.6674
9.1614 -2.9514 1.6678
9.2391 -2.9817 1.6682
9.3175 -3.0101 1.6686
9.3966 -3.0366 1.6691
9.4764 -3.0612 1.6696
9.5567 -3.0840 1.6701
9.6376 -3.1049 1.6707
9.7189 -3.1239 1.6712
9.8007 -3.1411 1.6718
9.8828 -3.1566 1.6724
9.9653 -3.1703 1.6730
10.0482 -3.1822 1.6736
10.1312 -3.1924 1.6743
10.2145 -3.2010 1.6749
10.2980 -3.2079 1.6756
10.3816 -3.2131 1.6763
10.4654 -3.2168 1.6771
10.5492 -3.2188 1.6779
10.6331 -3.2194 1.6787
10.7171 -3.2184 1.6796
10.8010 -3.2159 1.6804
10.8869 -3.2110 1.7636
10.9708 -3.1966 1.6274
11.0478 -3.1729 1.6120
11.1252 -3.1494 1.6208
11.2042 -3.1313 1.6203
11.2839 -3.1168 1.6215
11.3639 -3.1036 1.6229
11.4441 -3.0911 1.6243
11.5245 -3.0790 1.6255
11.6049 -3.0671 1.6267
11.6854 -3.0552 1.6278
11.7659 -3.0429 1.6289
11.8464 -3.0303 1.6299
11.9268 -3.0171 1.6309
12.0072 -3.0033 1.6319
12.0875 -2.9887 1.6328
12.1677 -2.9733 1.6337
12.2478 -2.9571 1.6346
12.3277 -2.9400 1.6355
12.4075 -2.9221 1.6363
12.4872 -2.9034 1.6371
12.5667 -2.8839 1.6378
12.6461 -2.8636 1.6386
12.7253 -2.8426 1.6393
12.8044 -2.8210 1.6400
12.8833 -2.7988 1.6406
12.9622 -2.7761 1.6412
13.0409 -2.7529 1.6418
13.1195 -2.7294 1.6423
13.1981 -2.7054 1.6427
13.2766 -2.6813 1.6432
13.3551 -2.6569 1.6436
13.4335 -2.6323 1.6439
13.5119 -2.6076 1.6442
13.5903 -2.5829 1.6445
13.6688 -2.5582 1.6447
13.7472 -2.5335 1.6448
13.8257 -2.5089 1.6450
13.9042 -2.4844 1.6450
13.9828 -2.4600 1.6451
14.0614 -2.4357 1.6451
14.1400 -2.4116 1.6450
14.2187 -2.3877 1.6449
14.2974 -2.3640 1.6448
14.3762 -2.3403 1.6446
14.4550 -2.3169 1.6444
14.5338 -2.2936 1.6441
14.6127 -2.2703 1.6438
14.6915 -2.2471 1.6434
14.7703 -2.2240 1.6430
14.8491 -2.2007 1.6426
14.9279 -2.1774 1.6421
15.0065 -2.1539 1.6416
15.0851 -2.1301 1.6410
15.1635 -2.1059 1.6404
15.2417 -2.0813 1.6397
15.3197 -2.0560 1.6390
15.3974 -2.0301 1.6382
15.4747 -2.0033 1.6374
15.5517 -1.9754 1.6365
15.6282 -1.9464 1.6355
15.7041 -1.9160 1.6344
15.7793 -1.8841 1.6333
15.8537 -1.8505 1.6321
15.9271 -1.8150 1.6308
15.9994 -1.7773 1.6294
16.0703 -1.7374 1.6280
16.1398 -1.6950 1.6263
16.2075 -1.6500 1.6246
16.2731 -1.6022 1.6228
16.3363 -1.5515 1.6208
16.3967 -1.4975 1.6171
16.4539 -1.4404 1.6184
16.5090 -1.3813 1.6141
16.5594 -1.3184 1.6056
16.6038 -1.2516 1.6094
16.6484 -1.1845 1.6076
16.6870 -1.1143 1.5948
16.7171 -1.0406 1.5968
16.7463 -0.9662 1.5955
16.7685 -0.8899 1.5820
16.7808 -0.8119 1.5833
16.7912 -0.7333 1.5833
16.7945 -0.6544 1.5708
16.7883 -0.5763 1.5743
16.7804 -0.4978 1.5735
16.7649 -0.4210 1.5605
16.7407 -0.3469 1.5654
16.7147 -0.2729 1.5645
16.6817 -0.2023 1.5514
16.6410 -0.1363 1.5569
16.5987 -0.0707 1.5560
16.5505 -0.0101 1.5431
16.4958 0.0443 1.5486
16.4398 0.0980 1.5484
16.3794 0.1461 1.5404
16.3151 0.1885 1.5465
16.2495 0.2294 1.5433
16.1809 0.2646 1.5407
16.1100 0.2948 1.5408
16.0374 0.3205 1.5405
15.9634 0.3419 1.5404
15.8883 0.3589 1.5402
15.8124 0.3717 1.5402
15.7359 0.3805 1.5402
15.6591 0.3854 1.5402
15.5821 0.3867 1.5402
15.5051 0.3843 1.5403
15.4283 0.3787 1.5404
15.3518 0.3699 1.5405
15.2757 0.3581 1.5407
15.2001 0.3435 1.5409
15.1250 0.3263 1.5412
15.0505 0.3066 1.5414
14.9765 0.2848 1.5417
14.9033 0.2608 1.5420
14.8306 0.2350 1.5424
14.7586 0.2074 1.5428
14.6872 0.1782 1.5432
14.6164 0.1475 1.5437
14.5461 0.1155 1.5441
14.4764 0.0824 1.5446
14.4071 0.0482 1.5451
14.3383 0.0131 1.5455
14.2698 -0.0228 1.5460
14.2017 -0.0594 1.5465
14.1339 -0.0966 1.5470
14.0664 -0.1343 1.5474
13.9991 -0.1724 1.5479
13.9319 -0.2109 1.5484
13.8648 -0.2496 1.5488
13.7979 -0.2886 1.5492
13.7310 -0.3276 1.5496
13.6641 -0.3668 1.5499
13.5972 -0.4059 1.5503
13.5303 -0.4451 1.5505
13.4634 -0.4842 1.5508
13.3964 -0.5232 1.5510
13.3293 -0.5621 1.5512
13.2621 -0.6008 1.5513
13.1948 -0.6394 1.5514
13.1273 -0.6777 1.5514
13.0598 -0.7158 1.5514
12.9921 -0.7537 1.5513
12.9242 -0.7913 1.5512
12.8562 -0.8285 1.5511
12.7880 -0.8655 1.5509
12.7196 -0.9021 1.5506
12.6511 -0.9383 1.5503
12.5824 -0.9741 1.5500
12.5134 -1.0095 1.5496
12.4443 -1.0444 1.5491
12.3749 -1.0789 1.5486
12.3053 -1.1128 1.5481
12.2355 -1.1461 1.5475
12.1653 -1.1787 1.5468
12.0949 -1.2106 1.5462
12.0242 -1.2418 1.5454
11.9531 -1.2720 1.5446
11.8816 -1.3013 1.5437
11.8098 -1.3295 1.5428
11.7375 -1.3564 1.5418
11.6648 -1.3820 1.5408
11.5917 -1.4059 1.5396
11.5180 -1.4282 1.5385
11.4438 -1.4485 1.5371
11.3692 -1.4666 1.5358
11.2941 -1.4823 1.5342
11.2185 -1.4954 1.5327
11.1426 -1.5055 1.5308
11.0664 -1.5123 1.5290
10.9901 -1.5153 1.5257
10.9138 -1.5145 1.5266
10.8376 -1.5112 1.5224
10.7622 -1.5023 1.5149
10.6879 -1.4874 1.5188
10.6134 -1.4728 1.5165
10.5407 -1.4519 1.5071
10.4710 -1.4239 1.4958
10.4053 -1.3884 1.5004
10.3397 -1.3516 1.5015
10.2774 -1.3101 1.4918
10.2198 -1.2627 1.4964
10.1627 -1.2143 1.4930
10.1116 -1.1604 1.4789
10.0670 -1.1013 1.4849
10.0231 -1.0413 1.4833
9.9867 -0.9772 1.4697
9.9580 -0.9097 1.4674
9.9354 -0.8399 1.4683
9.9185 -0.7685 1.4667
9.9082 -0.6960 1.4617
9.9052 -0.6231 1.4596
9.9083 -0.5501 1.4669
9.9139 -0.4770 1.4603
9.9280 -0.4056 1.4531
9.9485 -0.3359 1.4603
9.9701 -0.2660 1.4593
9.9981 -0.1989 1.4476
10.0332 -0.1356 1.4535
10.0693 -0.0723 1.4544
10.1095 -0.0119 1.4529
10.1535 0.0460 1.4531
10.2006 0.1013 1.4531
10.2506 0.1540 1.4531
10.3032 0.2041 1.4533
10.3582 0.2516 1.4534
10.4153 0.2965 1.4536
10.4743 0.3389 1.4538
10.5351 0.3789 1.4541
10.5973 0.4165 1.4544
10.6608 0.4518 1.4547
10.7255 0.4851 1.4550
10.7912 0.5164 1.4554
10.8577 0.5459 1.4558
10.9250 0.5737 1.4562
10.9929 0.6001 1.4566
11.0612 0.6252 1.4570
11.1300 0.6492 1.4574
11.1991 0.6723 1.4577
11.2685 0.6947 1.4580
11.3381 0.7165 1.4583
11.4077 0.7381 1.4586
11.4774 0.7595 1.4588
11.5472 0.7810 1.4590
11.6168 0.8028 1.4591
11.6863 0.8250 1.4592
11.7556 0.8478 1.4593
11.8246 0.8714 1.4593
11.8933 0.8960 1.4592
11.9616 0.9217 1.4592
12.0294 0.9487 1.4591
12.0966 0.9771 1.4589
12.1631 1.0070 1.4586
12.2288 1.0386 1.4584
12.2937 1.0720 1.4582
12.3575 1.1071 1.4579
12.4203 1.1443 1.4576
12.4817 1.1834 1.4573
12.5419 1.2244 1.4570
12.6006 1.2676 1.4567
12.6577 1.3128 1.4565
12.7131 1.3600 1.4562
12.7668 1.4092 1.4560
12.8185 1.4604 1.4557
12.8682 1.5136 1.4556
12.9159 1.5686 1.4554
12.9614 1.6254 1.4553
13.0046 1.6839 1.4552
13.0456 1.7440 1.4552
13.0843 1.8056 1.4551
13.1206 1.8687 1.4551
13.1544 1.9330 1.4552
13.1859 1.9986 1.4553
13.2149 2.0654 1.4554
13.2416 2.1331 1.4556
13.2658 2.2017 1.4558
13.2875 2.2712 1.4560
13.3070 2.3413 1.4562
13.3240 2.4121 1.4565
13.3388 2.4834 1.4568
13.3513 2.5552 1.4571
13.3616 2.6273 1.4575
13.3697 2.6998 1.4579
13.3756 2.7724 1.4583
13.3795 2.8453 1.4588
13.3814 2.9182 1.4592
13.3814 2.9911 1.4597
13.3795 3.0641 1.4602
13.3757 3.1370 1.4607
13.3702 3.2099 1.4613
13.3630 3.2826 1.4619
13.3542 3.3552 1.4625
13.3438 3.4276 1.4631
13.3320 3.4998 1.4638
13.3187 3.5718 1.4645
13.3041 3.6435 1.4652
13.2881 3.7151 1.4659
13.2710 3.7863 1.4666
13.2527 3.8574 1.4674
13.2332 3.9281 1.4682
13.2128 3.9987 1.4690
13.1913 4.0689 1.4698
13.1690 4.1390 1.4707
13.1458 4.2088 1.4716
13.1218 4.2783 1.4725
13.0970 4.3477 1.4734
13.0716 4.4169 1.4743
13.0455 4.4858 1.4753
13.0188 4.5546 1.4763
12.9916 4.6233 1.4774
12.9639 4.6918 1.4785
12.9357 4.7602 1.4797
12.9071 4.8284 1.4808
12.8782 4.8966 1.4821
12.8489 4.9647 1.4832
12.8193 5.0327 1.4845
12.7895 5.1007 1.4858
12.7594 5.1687 1.4870
12.7291 5.2366 1.4883
12.6986 5.3046 1.4896
12.6680 5.3725 1.4908
12.6372 5.4404 1.4921
12.6063 5.5084 1.4934
12.5754 5.5763 1.4946
12.5443 5.6443 1.4959
12.5131 5.7123 1.4972
12.4818 5.7804 1.4984
12.4504 5.8484 1.4996
12.4189 5.9165 1.5007
12.3874 5.9846 1.5019
12.3557 6.0527 1.5030
12.3239 6.1209 1.5041
12.2919 6.1890 1.5052
12.2598 6.2571 1.5062
12.2276 6.3251 1.5072
12.1951 6.3932 1.5081
12.1624 6.4611 1.5091
12.1294 6.5290 1.5100
12.0961 6.5968 1.5109
12.0626 6.6645 1.5117
12.0286 6.7321 1.5125
11.9942 6.7995 1.5133
11.9594 6.8667 1.5141
11.9241 6.9337 1.5148
11.8883 7.0004 1.5155
11.8519 7.0669 1.5162
11.8148 7.1331 1.5168
11.7771 7.1989 1.5175
11.7387 7.2643 1.5181
11.6994 7.3293 1.5186
11.6594 7.3938 1.5192
11.6185 7.4579 1.5197
11.5767 7.5213 1.5202
11.5339 7.5842 1.5207
11.4902 7.6464 1.5212
11.4454 7.7079 1.5216
11.3996 7.7686 1.5220
11.3526 7.8285 1.5224
11.3046 7.8876 1.5228
11.2554 7.9457 1.5232
11.2050 8.0028 1.5235
11.1534 8.0588 1.5239
11.1006 8.1138 1.5242
11.0466 8.1676 1.5245
10.9914 8.2202 1.5249
10.9350 8.2715 1.5252
10.8774 8.3214 1.5255
10.8185 8.3700 1.5258
10.7585 8.4171 1.5261
10.6974 8.4627 1.5264
10.6350 8.5068 1.5268
10.5715 8.5492 1.5271
10.5070 8.5899 1.5275
10.4413 8.6290 1.5279
10.3747 8.6663 1.5283
10.3070 8.7019 1.5287
10.2384 8.7357 1.5292
10.1690 8.7676 1.5296
10.0987 8.7978 1.5301
10.0276 8.8261 1.5306
9.9557 8.8525 1.5312
9.8832 8.8771 1.5317
9.8101 8.8999 1.5323
9.7364 8.9209 1.5329
9.6622 8.9400 1.5335
9.5875 8.9574 1.5342
9.5123 8.9730 1.5348
9.4368 8.9868 1.5356
9.3610 8.9989 1.5363
9.2849 9.0094 1.5371
