x y v
9.1916 9.0184 1.6705
9.1083 9.0257 1.6710
9.0249 9.0310 1.6716
8.9414 9.0343 1.6721
8.8578 9.0358 1.6727
8.7742 9.0354 1.6733
8.6905 9.0331 1.6734
8.6070 9.0290 1.6730
8.5236 9.0224 1.6727
8.4404 9.0136 1.6727
8.3575 9.0027 1.6727
8.2749 8.9898 1.6728
8.1925 8.9751 1.6729
8.1105 8.9589 1.6732
8.0286 8.9417 1.6736
7.9468 8.9240 1.6741
7.8650 8.9063 1.6747
7.7830 8.8892 1.6754
7.7007 8.8732 1.6760
7.6182 8.8585 1.6767
7.5353 8.8457 1.6774
7.4521 8.8349 1.6781
7.3686 8.8266 1.6787
7.2849 8.8210 1.6796
7.2009 8.8180 1.6805
7.1169 8.8179 1.6815
7.0328 8.8205 1.6825
6.9489 8.8260 1.6835
6.8650 8.8342 1.6852
6.7813 8.8442 1.6870
6.6977 8.8555 1.6890
6.6140 8.8669 1.6907
6.5300 8.8772 1.6919
6.4459 8.8858 1.6906
6.3617 8.8859 1.6755
6.2795 8.8733 1.6614
6.1996 8.8508 1.6599
6.1226 8.8200 1.6589
6.0491 8.7815 1.6610
5.9790 8.7368 1.6682
5.9109 8.6884 1.6751
5.8441 8.6378 1.6803
5.7778 8.5861 1.6841
5.7114 8.5342 1.6866
5.6445 8.4827 1.6885
5.5768 8.4322 1.6899
5.5079 8.3832 1.6911
5.4377 8.3361 1.6922
5.3661 8.2910 1.6934
5.2930 8.2482 1.6946
5.2185 8.2078 1.6959
5.1426 8.1699 1.6974
5.0654 8.1345 1.6989
4.9871 8.1014 1.7005
4.9078 8.0707 1.7023
4.8276 8.0421 1.7041
4.7466 8.0156 1.7059
4.6649 7.9908 1.7077
4.5827 7.9677 1.7095
4.5000 7.9459 1.7113
4.4169 7.9254 1.7131
4.3334 7.9059 1.7148
4.2497 7.8873 1.7165
4.1657 7.8693 1.7181
4.0816 7.8518 1.7196
3.9973 7.8347 1.7211
3.9129 7.8178 1.7226
3.8283 7.8010 1.7241
3.7438 7.7841 1.7255
3.6591 7.7671 1.7268
3.5745 7.7499 1.7282
3.4899 7.7324 1.7295
3.4052 7.7145 1.7307
3.3206 7.6962 1.7320
3.2361 7.6773 1.7332
3.1516 7.6579 1.7344
3.0672 7.6379 1.7355
2.9829 7.6172 1.7367
2.8987 7.5957 1.7378
2.8147 7.5735 1.7389
2.7308 7.5505 1.7400
2.6471 7.5267 1.7411
2.5636 7.5019 1.7421
2.4803 7.4763 1.7432
2.3973 7.4497 1.7442
2.3146 7.4221 1.7452
2.2321 7.3934 1.7462
2.1500 7.3637 1.7471
2.0682 7.3330 1.7480
1.9868 7.3010 1.7489
1.9059 7.2680 1.7498
1.8253 7.2337 1.7506
1.7453 7.1982 1.7515
1.6658 7.1615 1.7523
1.5868 7.1235 1.7531
1.5084 7.0843 1.7539
1.4306 7.0437 1.7547
1.3535 7.0019 1.7555
1.2770 6.9587 1.7562
1.2013 6.9143 1.7570
1.1263 6.8685 1.7577
1.0520 6.8214 1.7584
0.9786 6.7730 1.7591
0.9060 6.7233 1.7598
0.8343 6.6723 1.7605
0.7634 6.6201 1.7612
0.6935 6.5665 1.7618
0.6245 6.5118 1.7625
0.5564 6.4557 1.7631
0.4894 6.3985 1.7637
0.4234 6.3400 1.7643
0.3584 6.2804 1.7649
0.2944 6.2195 1.7655
0.2316 6.1575 1.7661
0.1699 6.0943 1.7667
0.1094 6.0299 1.7672
0.0501 5.9644 1.7678
-0.0080 5.8977 1.7683
-0.0647 5.8299 1.7689
-0.1202 5.7610 1.7694
-0.1743 5.6910 1.7699
-0.2270 5.6199 1.7705
-0.2782 5.5477 1.7710
-0.3280 5.4744 1.7715
-0.3762 5.4001 1.7721
-0.4229 5.3248 1.7726
-0.4680 5.2485 1.7732
-0.5115 5.1712 1.7738
-0.5534 5.0930 1.7743
-0.5935 5.0139 1.7749
-0.6320 4.9339 1.7755
-0.6689 4.8531 1.7761
-0.7040 4.7716 1.7768
-0.7374 4.6892 1.7774
-0.7691 4.6062 1.7781
-0.7991 4.5225 1.7787
-0.8274 4.4382 1.7794
-0.8540 4.3532 1.7801
-0.8790 4.2678 1.7808
-0.9022 4.1818 1.7815
-0.9239 4.0954 1.7823
-0.9438 4.0085 1.7830
-0.9622 3.9213 1.7838
-0.9789 3.8336 1.7846
-0.9940 3.7457 1.7854
-1.0075 3.6574 1.7862
-1.0194 3.5689 1.7870
-1.0298 3.4801 1.7878
-1.0385 3.3911 1.7886
-1.0457 3.3020 1.7895
-1.0514 3.2127 1.7903
-1.0554 3.1232 1.7912
-1.0580 3.0337 1.7921
-1.0590 2.9441 1.7930
-1.0585 2.8544 1.7939
-1.0565 2.7647 1.7948
-1.0530 2.6750 1.7958
-1.0480 2.5853 1.7967
-1.0416 2.4957 1.7977
-1.0337 2.4061 1.7987
-1.0244 2.3166 1.7998
-1.0138 2.2273 1.8009
-1.0017 2.1380 1.8020
-0.9884 2.0489 1.8032
-0.9737 1.9599 1.8044
-0.9578 1.8710 1.8056
-0.9406 1.7824 1.8068
-0.9223 1.6939 1.8081
-0.9029 1.6055 1.8094
-0.8825 1.5174 1.8107
-0.8610 1.4294 1.8120
-0.8386 1.3416 1.8133
-0.8153 1.2539 1.8146
-0.7912 1.1664 1.8159
-0.7662 1.0791 1.8173
-0.7406 0.9919 1.8186
-0.7142 0.9048 1.8198
-0.6872 0.8179 1.8211
-0.6597 0.7311 1.8223
-0.6316 0.6444 1.8236
-0.6031 0.5577 1.8248
-0.5741 0.4712 1.8259
-0.5448 0.3847 1.8271
-0.5151 0.2983 1.8282
-0.4851 0.2119 1.8292
-0.4549 0.1256 1.8302
-0.4244 0.0392 1.8312
-0.3938 -0.0471 1.8322
-0.3630 -0.1334 1.8331
-0.3321 -0.2197 1.8339
-0.3011 -0.3060 1.8348
-0.2701 -0.3924 1.8356
-0.2390 -0.4788 1.8363
-0.2080 -0.5652 1.8370
-0.1769 -0.6516 1.8377
-0.1459 -0.7381 1.8384
-0.1149 -0.8247 1.8390
-0.0840 -0.9113 1.8395
-0.0531 -0.9980 1.8401
-0.0224 -1.0847 1.8406
0.0083 -1.1715 1.8410
0.0390 -1.2583 1.8414
0.0695 -1.3451 1.8418
0.1000 -1.4320 1.8421
0.1305 -1.5190 1.8424
0.1609 -1.6059 1.8427
0.1913 -1.6929 1.8429
0.2218 -1.7799 1.8431
0.2523 -1.8668 1.8432
0.2829 -1.9538 1.8433
0.3136 -2.0407 1.8434
0.3445 -2.1275 1.8434
0.3757 -2.2142 1.8434
0.4071 -2.3009 1.8433
0.4389 -2.3874 1.8433
0.4711 -2.4738 1.8431
0.5037 -2.5599 1.8430
0.5370 -2.6459 1.8427
0.5708 -2.7316 1.8425
0.6053 -2.8170 1.8422
0.6406 -2.9020 1.8419
0.6768 -2.9867 1.8415
0.7139 -3.0710 1.8410
0.7520 -3.1547 1.8406
0.7913 -3.2380 1.8401
0.8317 -3.3206 1.8395
0.8735 -3.4025 1.8389
0.9166 -3.4837 1.8382
0.9612 -3.5640 1.8375
1.0074 -3.6434 1.8368
1.0552 -3.7219 1.8360
1.1046 -3.7992 1.8352
1.1559 -3.8752 1.8343
1.2090 -3.9500 1.8334
1.2640 -4.0233 1.8324
1.3210 -4.0950 1.8314
1.3801 -4.1649 1.8303
1.4412 -4.2330 1.8292
1.5044 -4.2990 1.8281
1.5698 -4.3629 1.8269
1.6373 -4.4244 1.8256
1.7070 -4.4833 1.8243
1.7788 -4.5394 1.8230
1.8527 -4.5927 1.8216
1.9288 -4.6427 1.8202
2.0069 -4.6894 1.8187
2.0869 -4.7325 1.8172
2.1687 -4.7719 1.8157
2.2523 -4.8072 1.8138
2.3375 -4.8382 1.8127
2.4240 -4.8651 1.8108
2.5117 -4.8874 1.8092
2.6004 -4.9049 1.8076
2.6898 -4.9176 1.8059
2.7797 -4.9254 1.8042
2.8698 -4.9280 1.8026
2.9599 -4.9255 1.8009
3.0495 -4.9179 1.7993
3.1382 -4.9045 1.7856
3.2253 -4.8849 1.7883
3.3118 -4.8626 1.7865
3.3968 -4.8352 1.7833
3.4797 -4.8025 1.7820
3.5604 -4.7650 1.7807
3.6389 -4.7229 1.7794
3.7146 -4.6764 1.7782
3.7875 -4.6256 1.7770
3.8574 -4.5707 1.7758
3.9239 -4.5120 1.7749
3.9871 -4.4497 1.7739
4.0468 -4.3842 1.7730
4.1028 -4.3155 1.7722
4.1552 -4.2440 1.7714
4.2037 -4.1700 1.7707
4.2485 -4.0937 1.7701
4.2895 -4.0152 1.7695
4.3266 -3.9349 1.7690
4.3600 -3.8531 1.7685
4.3896 -3.7698 1.7681
4.4156 -3.6853 1.7677
4.4380 -3.5998 1.7674
4.4569 -3.5135 1.7671
4.4723 -3.4265 1.7669
4.4844 -3.3390 1.7667
4.4933 -3.2511 1.7666
4.4991 -3.1630 1.7665
4.5018 -3.0747 1.7664
4.5017 -2.9864 1.7664
4.4987 -2.8981 1.7664
4.4932 -2.8100 1.7665
4.4851 -2.7220 1.7666
4.4745 -2.6344 1.7667
4.4617 -2.5470 1.7668
4.4467 -2.4599 1.7670
4.4296 -2.3732 1.7672
4.4105 -2.2869 1.7675
4.3896 -2.2011 1.7678
4.3670 -2.1156 1.7681
4.3427 -2.0306 1.7685
4.3169 -1.9460 1.7689
4.2896 -1.8619 1.7693
4.2610 -1.7781 1.7698
4.2312 -1.6948 1.7703
4.2002 -1.6119 1.7708
4.1682 -1.5293 1.7714
4.1352 -1.4471 1.7720
4.1014 -1.3652 1.7726
4.0668 -1.2836 1.7732
4.0315 -1.2022 1.7738
3.9957 -1.1211 1.7744
3.9593 -1.0402 1.7750
3.9225 -0.9594 1.7756
3.8854 -0.8787 1.7763
3.8480 -0.7982 1.7769
3.8104 -0.7176 1.7775
3.7727 -0.6372 1.7780
3.7349 -0.5566 1.7786
3.6972 -0.4761 1.7791
3.6596 -0.3955 1.7796
3.6222 -0.3147 1.7801
3.5851 -0.2338 1.7805
3.5482 -0.1528 1.7809
3.5118 -0.0715 1.7813
3.4758 0.0100 1.7816
3.4403 0.0917 1.7819
3.4055 0.1737 1.7822
3.3713 0.2560 1.7824
3.3379 0.3387 1.7826
3.3054 0.4216 1.7827
3.2737 0.5049 1.7828
3.2430 0.5886 1.7829
3.2133 0.6727 1.7829
3.1848 0.7571 1.7829
3.1574 0.8420 1.7829
3.1312 0.9272 1.7828
3.1064 1.0128 1.7827
3.0830 1.0988 1.7825
3.0610 1.1852 1.7823
3.0405 1.2719 1.7821
3.0216 1.3590 1.7818
3.0044 1.4463 1.7815
2.9888 1.5340 1.7812
2.9750 1.6220 1.7809
2.9631 1.7102 1.7805
2.9530 1.7987 1.7800
2.9448 1.8873 1.7796
2.9387 1.9761 1.7791
2.9347 2.0649 1.7786
2.9327 2.1538 1.7780
2.9330 2.2427 1.7774
2.9354 2.3315 1.7768
2.9402 2.4202 1.7761
2.9473 2.5087 1.7755
2.9569 2.5969 1.7747
2.9689 2.6848 1.7740
2.9835 2.7723 1.7732
3.0006 2.8593 1.7724
3.0204 2.9456 1.7715
3.0429 3.0313 1.7706
3.0681 3.1161 1.7697
3.0961 3.2000 1.7688
3.1269 3.2829 1.7678
3.1606 3.3646 1.7668
3.1973 3.4449 1.7658
3.2368 3.5238 1.7647
3.2793 3.6011 1.7636
3.3247 3.6767 1.7625
3.3731 3.7503 1.7614
3.4244 3.8218 1.7602
3.4787 3.8911 1.7590
3.5358 3.9579 1.7578
3.5958 4.0221 1.7566
3.6585 4.0835 1.7554
3.7239 4.1420 1.7541
3.7919 4.1973 1.7529
3.8624 4.2494 1.7516
3.9352 4.2980 1.7504
4.0102 4.3430 1.7491
4.0873 4.3842 1.7478
4.1663 4.4215 1.7467
4.2470 4.4548 1.7454
4.3292 4.4840 1.7442
4.4127 4.5090 1.7430
4.4973 4.5297 1.7419
4.5828 4.5461 1.7407
4.6690 4.5580 1.7396
4.7556 4.5655 1.7384
4.8424 4.5686 1.7375
4.9292 4.5673 1.7365
5.0158 4.5615 1.7355
5.1022 4.5506 1.7457
5.1863 4.5288 1.7409
5.2703 4.5048 1.7509
5.3551 4.4831 1.7483
5.4383 4.4564 1.7455
5.5199 4.4255 1.7449
5.6001 4.3912 1.7440
5.6786 4.3533 1.7432
5.7553 4.3120 1.7424
5.8300 4.2673 1.7417
5.9027 4.2193 1.7411
5.9732 4.1682 1.7405
6.0413 4.1142 1.7400
6.1071 4.0573 1.7396
6.1705 3.9977 1.7392
6.2314 3.9357 1.7388
6.2898 3.8712 1.7385
6.3456 3.8046 1.7383
6.3989 3.7360 1.7380
6.4496 3.6655 1.7379
6.4979 3.5932 1.7378
6.5436 3.5193 1.7377
6.5869 3.4440 1.7376
6.6277 3.3673 1.7376
6.6662 3.2894 1.7376
6.7023 3.2104 1.7377
6.7362 3.1304 1.7378
6.7678 3.0495 1.7379
6.7972 2.9677 1.7381
6.8246 2.8852 1.7383
6.8500 2.8021 1.7385
6.8734 2.7184 1.7388
6.8949 2.6341 1.7391
6.9147 2.5495 1.7394
6.9327 2.4644 1.7398
6.9490 2.3789 1.7402
6.9638 2.2932 1.7407
6.9772 2.2071 1.7412
6.9891 2.1209 1.7417
6.9998 2.0345 1.7423
7.0093 1.9479 1.7429
7.0177 1.8611 1.7434
7.0251 1.7742 1.7441
7.0317 1.6873 1.7447
7.0374 1.6002 1.7453
7.0425 1.5131 1.7460
7.0470 1.4259 1.7466
7.0510 1.3386 1.7473
7.0547 1.2513 1.7479
7.0581 1.1640 1.7485
7.0613 1.0766 1.7491
7.0645 0.9892 1.7497
7.0677 0.9017 1.7503
7.0711 0.8143 1.7509
7.0747 0.7268 1.7514
7.0786 0.6393 1.7519
7.0830 0.5518 1.7524
7.0879 0.4643 1.7528
7.0935 0.3768 1.7532
7.0998 0.2894 1.7536
7.1069 0.2020 1.7540
7.1150 0.1147 1.7543
7.1241 0.0274 1.7546
7.1343 -0.0597 1.7548
7.1457 -0.1467 1.7551
7.1585 -0.2336 1.7553
7.1726 -0.3202 1.7555
7.1882 -0.4066 1.7557
7.2053 -0.4927 1.7559
7.2240 -0.5785 1.7560
7.2444 -0.6639 1.7561
7.2665 -0.7488 1.7563
7.2904 -0.8333 1.7564
7.3161 -0.9173 1.7564
7.3437 -1.0007 1.7565
7.3733 -1.0834 1.7565
7.4047 -1.1654 1.7566
7.4382 -1.2466 1.7566
7.4737 -1.3269 1.7566
7.5111 -1.4064 1.7566
7.5506 -1.4848 1.7567
7.5922 -1.5622 1.7566
7.6358 -1.6384 1.7567
7.6814 -1.7135 1.7567
7.7290 -1.7873 1.7567
7.7786 -1.8598 1.7567
7.8303 -1.9308 1.7567
7.8838 -2.0004 1.7567
7.9394 -2.0685 1.7567
7.9968 -2.1349 1.7567
8.0562 -2.1997 1.7567
8.1173 -2.2627 1.7568
8.1802 -2.3240 1.7568
8.2449 -2.3834 1.7569
8.3113 -2.4410 1.7569
8.3792 -2.4966 1.7570
8.4488 -2.5503 1.7571
8.5199 -2.6019 1.7572
8.5924 -2.6515 1.7573
8.6663 -2.6990 1.7575
8.7415 -2.7445 1.7576
8.8180 -2.7878 1.7578
8.8956 -2.8290 1.7580
8.9744 -2.8680 1.7582
9.0542 -2.9049 1.7585
9.1350 -2.9397 1.7587
9.2166 -2.9723 1.7590
9.2991 -3.0028 1.7593
9.3824 -3.0311 1.7596
9.4664 -3.0574 1.7600
9.5510 -3.0816 1.7603
9.6362 -3.1037 1.7607
9.7219 -3.1238 1.7611
9.8081 -3.1418 1.7615
9.8947 -3.1579 1.7620
9.9817 -3.1720 1.7625
10.0690 -3.1842 1.7630
10.1565 -3.1945 1.7635
10.2443 -3.2029 1.7641
10.3323 -3.2095 1.7646
10.4204 -3.2143 1.7652
10.5086 -3.2173 1.7659
10.5969 -3.2186 1.7666
10.6853 -3.2181 1.7673
10.7736 -3.2161 1.7680
10.8618 -3.2115 1.7626
10.9488 -3.1986 1.7597
11.0360 -3.1862 1.7640
11.1236 -3.1757 1.7648
11.2112 -3.1648 1.7657
11.2987 -3.1534 1.7665
11.3862 -3.1412 1.7673
11.4737 -3.1284 1.7681
11.5610 -3.1147 1.7689
11.6483 -3.1001 1.7696
11.7354 -3.0846 1.7704
11.8224 -3.0682 1.7712
11.9093 -3.0509 1.7719
11.9960 -3.0326 1.7726
12.0826 -3.0135 1.7733
12.1690 -2.9935 1.7740
12.2552 -2.9727 1.7746
12.3413 -2.9511 1.7752
12.4272 -2.9288 1.7758
12.5130 -2.9058 1.7763
12.5986 -2.8821 1.7768
12.6841 -2.8579 1.7772
12.7695 -2.8332 1.7776
12.8547 -2.8081 1.7780
12.9399 -2.7825 1.7783
13.0249 -2.7566 1.7785
13.1099 -2.7305 1.7788
13.1949 -2.7041 1.7789
13.2798 -2.6776 1.7791
13.3647 -2.6510 1.7791
13.4495 -2.6243 1.7792
13.5344 -2.5976 1.7791
13.6193 -2.5710 1.7791
13.7042 -2.5444 1.7790
13.7891 -2.5180 1.7788
13.8741 -2.4917 1.7786
13.9591 -2.4656 1.7784
14.0441 -2.4397 1.7781
14.1292 -2.4140 1.7777
14.2144 -2.3885 1.7773
14.2995 -2.3632 1.7769
14.3847 -2.3381 1.7764
14.4700 -2.3132 1.7759
14.5552 -2.2884 1.7753
14.6405 -2.2638 1.7747
14.7257 -2.2392 1.7741
14.8110 -2.2146 1.7734
14.8961 -2.1899 1.7726
14.9812 -2.1651 1.7718
15.0661 -2.1400 1.7710
15.1509 -2.1145 1.7701
15.2355 -2.0885 1.7692
15.3198 -2.0617 1.7682
15.4037 -2.0341 1.7672
15.4871 -2.0052 1.7653
15.5699 -1.9746 1.7647
15.6527 -1.9443 1.7625
15.7341 -1.9106 1.7590
15.8139 -1.8736 1.7595
15.8943 -1.8381 1.7567
15.9725 -1.7984 1.7507
16.0479 -1.7539 1.7521
16.1240 -1.7107 1.7494
16.1974 -1.6633 1.7417
16.2664 -1.6103 1.7429
16.3359 -1.5578 1.7406
16.4017 -1.5010 1.7319
16.4623 -1.4393 1.7343
16.5222 -1.3766 1.7287
16.5749 -1.3086 1.7127
16.6183 -1.2350 1.7139
16.6611 -1.1604 1.7214
16.7024 -1.0851 1.7141
16.7356 -1.0063 1.7035
16.7595 -0.9249 1.6906
16.7734 -0.8416 1.6956
16.7855 -0.7574 1.7011
16.7930 -0.6729 1.6908
16.7897 -0.5888 1.6763
16.7766 -0.5060 1.6825
16.7612 -0.4231 1.6835
16.7391 -0.3421 1.6761
16.7088 -0.2642 1.6673
16.6697 -0.1908 1.6604
16.6233 -0.1219 1.6676
16.5750 -0.0538 1.6663
16.5196 0.0078 1.6507
16.4576 0.0623 1.6572
16.3940 0.1158 1.6601
16.3271 0.1646 1.6555
16.2563 0.2072 1.6494
16.1822 0.2435 1.6552
16.1073 0.2788 1.6527
16.0300 0.3078 1.6488
15.9509 0.3310 1.6488
15.8706 0.3494 1.6483
15.7893 0.3630 1.6480
15.7075 0.3720 1.6478
15.6252 0.3766 1.6476
15.5429 0.3769 1.6474
15.4606 0.3733 1.6473
15.3786 0.3658 1.6473
15.2969 0.3548 1.6473
15.2158 0.3405 1.6474
15.1353 0.3232 1.6475
15.0555 0.3029 1.6477
14.9763 0.2800 1.6478
14.8979 0.2547 1.6481
14.8202 0.2272 1.6483
14.7433 0.1977 1.6486
14.6670 0.1664 1.6489
14.5915 0.1334 1.6492
14.5165 0.0990 1.6495
14.4422 0.0633 1.6498
14.3684 0.0264 1.6501
14.2950 -0.0114 1.6504
14.2221 -0.0501 1.6508
14.1496 -0.0895 1.6510
14.0774 -0.1295 1.6513
14.0054 -0.1700 1.6516
13.9337 -0.2109 1.6518
13.8621 -0.2521 1.6520
13.7907 -0.2936 1.6522
13.7193 -0.3352 1.6524
13.6480 -0.3769 1.6525
13.5767 -0.4186 1.6526
13.5053 -0.4603 1.6527
13.4339 -0.5019 1.6527
13.3625 -0.5435 1.6526
13.2910 -0.5848 1.6525
13.2193 -0.6260 1.6524
13.1476 -0.6669 1.6522
13.0757 -0.7076 1.6520
13.0037 -0.7480 1.6517
12.9315 -0.7882 1.6514
12.8591 -0.8279 1.6510
12.7866 -0.8674 1.6506
12.7139 -0.9064 1.6501
12.6410 -0.9451 1.6496
12.5680 -0.9833 1.6490
12.4947 -1.0210 1.6483
12.4212 -1.0582 1.6477
12.3474 -1.0949 1.6469
12.2734 -1.1309 1.6462
12.1991 -1.1662 1.6453
12.1244 -1.2008 1.6444
12.0495 -1.2346 1.6435
11.9742 -1.2673 1.6425
11.8984 -1.2990 1.6414
11.8222 -1.3294 1.6403
11.7455 -1.3582 1.6385
11.6682 -1.3853 1.6382
11.5908 -1.4119 1.6351
11.5125 -1.4355 1.6348
11.4339 -1.4577 1.6306
11.3545 -1.4760 1.6312
11.2750 -1.4938 1.6274
11.1947 -1.5064 1.6202
11.1140 -1.5126 1.6222
11.0332 -1.5199 1.6206
10.9523 -1.5226 1.6121
10.8720 -1.5177 1.6130
10.7915 -1.5129 1.6107
10.7119 -1.5019 1.5989
10.6349 -1.4816 1.5980
10.5578 -1.4599 1.5997
10.4825 -1.4336 1.5900
10.4114 -1.3987 1.5765
10.3451 -1.3562 1.5826
10.2793 -1.3120 1.5809
10.2197 -1.2608 1.5656
10.1661 -1.2037 1.5724
10.1134 -1.1452 1.5708
10.0680 -1.0816 1.5564
10.0300 -1.0137 1.5629
9.9931 -0.9447 1.5614
9.9640 -0.8726 1.5475
9.9442 -0.7980 1.5441
9.9311 -0.7218 1.5514
9.9210 -0.6450 1.5437
9.9206 -0.5681 1.5358
9.9274 -0.4915 1.5431
9.9357 -0.4147 1.5417
9.9528 -0.3400 1.5273
9.9776 -0.2678 1.5344
10.0038 -0.1955 1.5331
10.0376 -0.1272 1.5195
10.0785 -0.0631 1.5264
10.1207 0.0007 1.5272
10.1673 0.0611 1.5253
10.2178 0.1182 1.5260
10.2713 0.1726 1.5260
10.3277 0.2240 1.5262
10.3867 0.2725 1.5264
10.4478 0.3181 1.5266
10.5109 0.3610 1.5268
10.5758 0.4013 1.5270
10.6422 0.4390 1.5272
10.7098 0.4744 1.5275
10.7786 0.5076 1.5278
10.8484 0.5387 1.5281
10.9189 0.5681 1.5284
10.9901 0.5958 1.5287
11.0619 0.6222 1.5290
11.1341 0.6473 1.5292
11.2066 0.6715 1.5294
11.2794 0.6949 1.5297
11.3524 0.7179 1.5298
11.4255 0.7405 1.5300
11.4986 0.7630 1.5301
11.5716 0.7857 1.5301
11.6446 0.8088 1.5301
11.7173 0.8324 1.5300
11.7898 0.8569 1.5300
11.8620 0.8823 1.5298
11.9337 0.9088 1.5296
12.0049 0.9366 1.5293
12.0755 0.9660 1.5290
12.1454 0.9970 1.5287
12.2144 1.0298 1.5283
12.2825 1.0645 1.5279
12.3495 1.1013 1.5275
12.4152 1.1401 1.5271
12.4796 1.1811 1.5266
12.5426 1.2242 1.5262
12.6039 1.2696 1.5257
12.6634 1.3173 1.5253
12.7211 1.3671 1.5249
12.7768 1.4192 1.5245
12.8304 1.4734 1.5242
12.8818 1.5297 1.5238
12.9308 1.5879 1.5236
12.9775 1.6481 1.5233
13.0217 1.7101 1.5231
13.0634 1.7738 1.5229
13.1025 1.8392 1.5228
13.1390 1.9060 1.5227
13.1729 1.9742 1.5227
13.2041 2.0436 1.5226
13.2327 2.1142 1.5227
13.2586 2.1857 1.5228
13.2819 2.2582 1.5229
13.3026 2.3315 1.5230
13.3208 2.4054 1.5232
13.3364 2.4800 1.5234
13.3495 2.5550 1.5236
13.3602 2.6304 1.5238
13.3686 2.7062 1.5241
13.3746 2.7822 1.5245
13.3784 2.8583 1.5248
13.3800 2.9345 1.5252
13.3795 3.0108 1.5256
13.3770 3.0870 1.5260
13.3725 3.1632 1.5265
13.3661 3.2393 1.5269
13.3579 3.3152 1.5275
13.3480 3.3909 1.5280
13.3364 3.4664 1.5286
13.3232 3.5417 1.5291
13.3085 3.6168 1.5297
13.2924 3.6916 1.5304
13.2749 3.7661 1.5310
13.2562 3.8403 1.5317
13.2362 3.9143 1.5324
13.2151 3.9879 1.5331
13.1929 4.0613 1.5339
13.1697 4.1345 1.5347
13.1455 4.2073 1.5355
13.1205 4.2799 1.5363
13.0947 4.3523 1.5372
13.0682 4.4244 1.5381
13.0409 4.4964 1.5390
13.0130 4.5681 1.5400
12.9846 4.6397 1.5410
12.9556 4.7111 1.5420
12.9261 4.7824 1.5431
12.8962 4.8535 1.5442
12.8659 4.9246 1.5453
12.8353 4.9955 1.5464
12.8043 5.0664 1.5476
12.7731 5.1373 1.5487
12.7417 5.2081 1.5499
12.7101 5.2789 1.5510
12.6783 5.3496 1.5522
12.6463 5.4204 1.5534
12.6142 5.4911 1.5545
12.5820 5.5619 1.5557
12.5497 5.6327 1.5568
12.5172 5.7035 1.5579
12.4847 5.7743 1.5590
12.4521 5.8451 1.5601
12.4194 5.9160 1.5612
12.3866 5.9868 1.5622
12.3536 6.0577 1.5632
12.3206 6.1285 1.5641
12.2874 6.1993 1.5651
12.2540 6.2701 1.5660
12.2204 6.3409 1.5669
12.1866 6.4116 1.5677
12.1526 6.4822 1.5685
12.1182 6.5528 1.5693
12.0836 6.6232 1.5700
12.0485 6.6934 1.5707
12.0131 6.7635 1.5714
11.9772 6.8335 1.5721
11.9408 6.9032 1.5727
11.9038 6.9726 1.5733
11.8663 7.0417 1.5739
11.8281 7.1105 1.5745
11.7892 7.1790 1.5750
11.7495 7.2470 1.5755
11.7090 7.3146 1.5760
11.6676 7.3817 1.5764
11.6253 7.4482 1.5768
11.5821 7.5141 1.5772
11.5378 7.5794 1.5776
11.4925 7.6440 1.5779
11.4461 7.7078 1.5783
11.3985 7.7707 1.5786
11.3497 7.8328 1.5789
11.2998 7.8939 1.5792
11.2486 7.9541 1.5794
11.1961 8.0131 1.5797
11.1424 8.0710 1.5799
11.0873 8.1277 1.5802
11.0310 8.1831 1.5804
10.9733 8.2371 1.5806
10.9144 8.2898 1.5808
10.8542 8.3410 1.5810
10.7927 8.3907 1.5812
10.7299 8.4387 1.5814
10.6659 8.4851 1.5817
10.6007 8.5298 1.5819
10.5342 8.5728 1.5822
10.4666 8.6139 1.5825
10.3980 8.6532 1.5828
10.3282 8.6906 1.5831
10.2574 8.7261 1.5835
10.1857 8.7596 1.5839
10.1131 8.7912 1.5843
10.0396 8.8208 1.5847
9.9653 8.8485 1.5851
9.8904 8.8742 1.5856
9.8147 8.8979 1.5861
9.7384 8.9197 1.5866
9.6616 8.9395 1.5871
9.5843 8.9574 1.5877
9.5065 8.9735 1.5883
9.4284 8.9876 1.5889
9.3499 9.0000 1.5896
9.2711 9.0105 1.5903
