x y v
9.1788 9.0433 1.4379
9.1072 9.0494 1.4389
9.0354 9.0541 1.4400
8.9634 9.0573 1.4410
8.8914 9.0592 1.4420
8.8192 9.0597 1.4431
8.7471 9.0588 1.4441
8.6749 9.0566 1.4452
8.6027 9.0531 1.4462
8.5305 9.0483 1.4473
8.4584 9.0422 1.4484
8.3863 9.0350 1.4494
8.3143 9.0265 1.4505
8.2424 9.0169 1.4517
8.1705 9.0062 1.4528
8.0988 8.9944 1.4539
8.0272 8.9816 1.4551
7.9558 8.9678 1.4563
7.8845 8.9530 1.4574
7.8133 8.9373 1.4586
7.7422 8.9208 1.4598
7.6713 8.9034 1.4611
7.6005 8.8853 1.4623
7.5298 8.8665 1.4636
7.4592 8.8469 1.4648
7.3888 8.8268 1.4661
7.3184 8.8061 1.4674
7.2481 8.7849 1.4687
7.1779 8.7633 1.4700
7.1078 8.7412 1.4714
7.0377 8.7187 1.4727
6.9676 8.6960 1.4741
6.8976 8.6729 1.4755
6.8275 8.6497 1.4769
6.7575 8.6262 1.4783
6.6874 8.6027 1.4797
6.6173 8.5790 1.4811
6.5471 8.5553 1.4826
6.4768 8.5315 1.4840
6.4065 8.5078 1.4855
6.3360 8.4842 1.4870
6.2655 8.4606 1.4884
6.1948 8.4372 1.4899
6.1240 8.4139 1.4915
6.0530 8.3907 1.4930
5.9819 8.3679 1.4947
5.9107 8.3452 1.4963
5.8392 8.3229 1.4981
5.7676 8.3009 1.4999
5.6958 8.2792 1.5017
5.6237 8.2578 1.5036
5.5515 8.2368 1.5056
5.4791 8.2161 1.5075
5.4064 8.1958 1.5095
5.3336 8.1758 1.5116
5.2606 8.1562 1.5136
5.1873 8.1368 1.5157
5.1139 8.1177 1.5178
5.0403 8.0990 1.5200
4.9666 8.0804 1.5221
4.8926 8.0621 1.5243
4.8186 8.0441 1.5264
4.7443 8.0262 1.5286
4.6699 8.0085 1.5307
4.5953 7.9909 1.5328
4.5207 7.9735 1.5350
4.4458 7.9562 1.5371
4.3709 7.9390 1.5391
4.2958 7.9218 1.5412
4.2206 7.9046 1.5433
4.1453 7.8875 1.5453
4.0699 7.8704 1.5473
3.9945 7.8532 1.5492
3.9189 7.8360 1.5512
3.8432 7.8187 1.5531
3.7675 7.8013 1.5550
3.6917 7.7838 1.5569
3.6159 7.7661 1.5588
3.5400 7.7482 1.5606
3.4640 7.7301 1.5624
3.3880 7.7117 1.5642
3.3120 7.6930 1.5660
3.2360 7.6741 1.5677
3.1600 7.6548 1.5694
3.0840 7.6351 1.5711
3.0080 7.6150 1.5728
2.9320 7.5945 1.5745
2.8561 7.5734 1.5761
2.7803 7.5519 1.5777
2.7045 7.5298 1.5793
2.6288 7.5072 1.5809
2.5532 7.4839 1.5825
2.4778 7.4599 1.5840
2.4025 7.4353 1.5856
2.3273 7.4099 1.5871
2.2524 7.3837 1.5886
2.1776 7.3568 1.5901
2.1031 7.3289 1.5916
2.0289 7.3002 1.5930
1.9549 7.2705 1.5945
1.8813 7.2400 1.5960
1.8079 7.2084 1.5974
1.7350 7.1758 1.5988
1.6624 7.1422 1.6003
1.5902 7.1075 1.6017
1.5185 7.0718 1.6031
1.4473 7.0350 1.6045
1.3765 6.9971 1.6058
1.3063 6.9581 1.6072
1.2366 6.9180 1.6086
1.1675 6.8768 1.6099
1.0990 6.8345 1.6113
1.0311 6.7910 1.6126
0.9639 6.7465 1.6139
0.8973 6.7008 1.6152
0.8314 6.6541 1.6165
0.7662 6.6062 1.6178
0.7018 6.5573 1.6190
0.6381 6.5073 1.6203
0.5751 6.4563 1.6215
0.5130 6.4042 1.6227
0.4516 6.3510 1.6239
0.3911 6.2968 1.6251
0.3315 6.2416 1.6263
0.2727 6.1853 1.6275
0.2149 6.1281 1.6286
0.1580 6.0698 1.6298
0.1020 6.0105 1.6309
0.0471 5.9502 1.6320
-0.0069 5.8890 1.6331
-0.0598 5.8267 1.6342
-0.1116 5.7635 1.6353
-0.1623 5.6993 1.6364
-0.2118 5.6342 1.6375
-0.2602 5.5681 1.6385
-0.3074 5.5011 1.6396
-0.3533 5.4331 1.6406
-0.3980 5.3643 1.6417
-0.4413 5.2946 1.6427
-0.4833 5.2240 1.6438
-0.5240 5.1525 1.6449
-0.5633 5.0802 1.6459
-0.6011 5.0071 1.6470
-0.6375 4.9332 1.6480
-0.6725 4.8586 1.6491
-0.7060 4.7832 1.6502
-0.7380 4.7071 1.6513
-0.7685 4.6304 1.6524
-0.7975 4.5530 1.6535
-0.8249 4.4750 1.6546
-0.8509 4.3964 1.6558
-0.8754 4.3173 1.6569
-0.8984 4.2377 1.6581
-0.9199 4.1576 1.6592
-0.9400 4.0770 1.6604
-0.9585 3.9961 1.6616
-0.9756 3.9148 1.6627
-0.9913 3.8331 1.6639
-1.0056 3.7511 1.6651
-1.0184 3.6688 1.6663
-1.0298 3.5862 1.6675
-1.0399 3.5034 1.6687
-1.0486 3.4204 1.6699
-1.0559 3.3372 1.6711
-1.0618 3.2539 1.6723
-1.0664 3.1703 1.6735
-1.0697 3.0867 1.6747
-1.0717 3.0030 1.6760
-1.0724 2.9191 1.6772
-1.0718 2.8353 1.6784
-1.0698 2.7513 1.6796
-1.0667 2.6674 1.6809
-1.0622 2.5834 1.6821
-1.0565 2.4995 1.6834
-1.0496 2.4156 1.6846
-1.0414 2.3317 1.6859
-1.0320 2.2479 1.6872
-1.0214 2.1642 1.6886
-1.0094 2.0806 1.6900
-0.9962 1.9971 1.6914
-0.9818 1.9137 1.6929
-0.9661 1.8305 1.6945
-0.9493 1.7474 1.6961
-0.9313 1.6645 1.6978
-0.9123 1.5817 1.6994
-0.8923 1.4991 1.7012
-0.8713 1.4166 1.7029
-0.8494 1.3343 1.7047
-0.8267 1.2521 1.7065
-0.8033 1.1700 1.7083
-0.7791 1.0880 1.7101
-0.7543 1.0061 1.7119
-0.7289 0.9244 1.7137
-0.7029 0.8426 1.7156
-0.6765 0.7610 1.7174
-0.6496 0.6794 1.7192
-0.6224 0.5978 1.7210
-0.5948 0.5162 1.7228
-0.5669 0.4347 1.7246
-0.5387 0.3532 1.7263
-0.5103 0.2716 1.7281
-0.4817 0.1900 1.7298
-0.4529 0.1085 1.7314
-0.4239 0.0268 1.7331
-0.3948 -0.0548 1.7347
-0.3655 -0.1365 1.7363
-0.3362 -0.2183 1.7379
-0.3068 -0.3001 1.7395
-0.2773 -0.3820 1.7410
-0.2478 -0.4639 1.7426
-0.2183 -0.5459 1.7440
-0.1887 -0.6280 1.7455
-0.1591 -0.7101 1.7470
-0.1295 -0.7924 1.7484
-0.1000 -0.8747 1.7498
-0.0704 -0.9570 1.7511
-0.0408 -1.0395 1.7525
-0.0113 -1.1220 1.7538
0.0183 -1.2046 1.7550
0.0478 -1.2873 1.7563
0.0774 -1.3700 1.7575
0.1070 -1.4528 1.7587
0.1366 -1.5356 1.7599
0.1663 -1.6184 1.7610
0.1961 -1.7013 1.7621
0.2259 -1.7843 1.7632
0.2559 -1.8672 1.7643
0.2861 -1.9501 1.7653
0.3164 -2.0330 1.7663
0.3470 -2.1159 1.7673
0.3779 -2.1987 1.7682
0.4091 -2.2815 1.7691
0.4406 -2.3642 1.7700
0.4725 -2.4467 1.7708
0.5049 -2.5291 1.7716
0.5378 -2.6114 1.7724
0.5713 -2.6935 1.7731
0.6054 -2.7753 1.7738
0.6402 -2.8569 1.7745
0.6758 -2.9382 1.7751
0.7123 -3.0191 1.7757
0.7496 -3.0997 1.7763
0.7879 -3.1798 1.7768
0.8273 -3.2595 1.7773
0.8677 -3.3386 1.7778
0.9094 -3.4172 1.7782
0.9523 -3.4950 1.7786
0.9966 -3.5722 1.7789
1.0423 -3.6485 1.7792
1.0895 -3.7239 1.7795
1.1383 -3.7983 1.7797
1.1886 -3.8717 1.7798
1.2407 -3.9439 1.7800
1.2945 -4.0148 1.7801
1.3501 -4.0843 1.7801
1.4076 -4.1522 1.7801
1.4670 -4.2185 1.7800
1.5284 -4.2829 1.7799
1.5917 -4.3454 1.7798
1.6571 -4.4058 1.7796
1.7246 -4.4638 1.7794
1.7940 -4.5194 1.7791
1.8655 -4.5723 1.7787
1.9390 -4.6223 1.7783
2.0145 -4.6693 1.7779
2.0919 -4.7130 1.7774
2.1711 -4.7532 1.7768
2.2521 -4.7897 1.7762
2.3346 -4.8224 1.7756
2.4187 -4.8510 1.7749
2.5040 -4.8754 1.7743
2.5904 -4.8953 1.7735
2.6777 -4.9107 1.7728
2.7657 -4.9214 1.7721
2.8540 -4.9272 1.7713
2.9426 -4.9281 1.7705
3.0310 -4.9240 1.7698
3.1190 -4.9149 1.7691
3.2061 -4.8999 1.7624
3.2898 -4.8740 1.7575
3.3733 -4.8455 1.7665
3.4561 -4.8148 1.7651
3.5370 -4.7798 1.7645
3.6160 -4.7405 1.7639
3.6928 -4.6971 1.7633
3.7671 -4.6497 1.7628
3.8387 -4.5984 1.7623
3.9075 -4.5434 1.7619
3.9732 -4.4847 1.7615
4.0357 -4.4226 1.7612
4.0947 -4.3574 1.7609
4.1503 -4.2891 1.7607
4.2022 -4.2180 1.7605
4.2505 -4.1444 1.7603
4.2949 -4.0685 1.7603
4.3356 -3.9904 1.7603
4.3725 -3.9105 1.7603
4.4056 -3.8290 1.7604
4.4349 -3.7460 1.7606
4.4606 -3.6618 1.7608
4.4825 -3.5765 1.7610
4.5009 -3.4904 1.7613
4.5158 -3.4036 1.7616
4.5273 -3.3163 1.7619
4.5356 -3.2286 1.7623
4.5406 -3.1406 1.7627
4.5425 -3.0525 1.7632
4.5416 -2.9643 1.7637
4.5378 -2.8762 1.7641
4.5313 -2.7882 1.7647
4.5222 -2.7005 1.7652
4.5106 -2.6130 1.7658
4.4967 -2.5258 1.7664
4.4805 -2.4389 1.7671
4.4623 -2.3524 1.7677
4.4420 -2.2664 1.7684
4.4199 -2.1808 1.7691
4.3960 -2.0956 1.7698
4.3705 -2.0109 1.7705
4.3433 -1.9266 1.7714
4.3146 -1.8428 1.7722
4.2845 -1.7594 1.7732
4.2531 -1.6765 1.7742
4.2206 -1.5939 1.7752
4.1870 -1.5117 1.7763
4.1524 -1.4299 1.7774
4.1171 -1.3483 1.7785
4.0810 -1.2670 1.7797
4.0444 -1.1859 1.7809
4.0073 -1.1049 1.7821
3.9697 -1.0240 1.7833
3.9319 -0.9433 1.7845
3.8939 -0.8625 1.7857
3.8557 -0.7818 1.7869
3.8175 -0.7010 1.7881
3.7793 -0.6201 1.7893
3.7412 -0.5391 1.7905
3.7032 -0.4580 1.7917
3.6654 -0.3768 1.7928
3.6280 -0.2953 1.7940
3.5909 -0.2136 1.7951
3.5541 -0.1317 1.7962
3.5179 -0.0495 1.7972
3.4821 0.0330 1.7983
3.4469 0.1158 1.7993
3.4124 0.1989 1.8002
3.3786 0.2823 1.8012
3.3456 0.3661 1.8021
3.3134 0.4503 1.8030
3.2822 0.5349 1.8038
3.2519 0.6199 1.8047
3.2227 0.7053 1.8055
3.1947 0.7911 1.8062
3.1678 0.8773 1.8070
3.1421 0.9640 1.8077
3.1178 1.0511 1.8084
3.0949 1.1385 1.8090
3.0735 1.2264 1.8096
3.0536 1.3147 1.8102
3.0353 1.4034 1.8108
3.0187 1.4924 1.8113
3.0039 1.5817 1.8118
2.9908 1.6714 1.8123
2.9797 1.7613 1.8128
2.9705 1.8515 1.8132
2.9633 1.9419 1.8136
2.9582 2.0324 1.8139
2.9552 2.1231 1.8142
2.9545 2.2138 1.8145
2.9561 2.3045 1.8148
2.9601 2.3952 1.8150
2.9665 2.4857 1.8152
2.9754 2.5760 1.8154
2.9868 2.6661 1.8155
3.0009 2.7557 1.8156
3.0177 2.8450 1.8157
3.0372 2.9336 1.8157
3.0596 3.0216 1.8157
3.0848 3.1088 1.8156
3.1130 3.1951 1.8156
3.1442 3.2804 1.8155
3.1784 3.3644 1.8153
3.2157 3.4472 1.8151
3.2560 3.5284 1.8149
3.2995 3.6081 1.8147
3.3462 3.6859 1.8144
3.3960 3.7617 1.8141
3.4489 3.8353 1.8137
3.5049 3.9066 1.8133
3.5640 3.9754 1.8129
3.6262 4.0413 1.8125
3.6912 4.1044 1.8121
3.7592 4.1643 1.8116
3.8299 4.2208 1.8111
3.9033 4.2739 1.8106
3.9792 4.3232 1.8101
4.0574 4.3687 1.8096
4.1378 4.4101 1.8091
4.2202 4.4474 1.8085
4.3044 4.4804 1.8080
4.3901 4.5089 1.8075
4.4772 4.5328 1.8070
4.5655 4.5522 1.8065
4.6546 4.5668 1.8061
4.7443 4.5767 1.8056
4.8344 4.5819 1.8052
4.9247 4.5823 1.8048
5.0148 4.5779 1.8044
5.1045 4.5689 1.8041
5.1944 4.5559 1.8307
5.2854 4.5451 1.8320
5.3751 4.5281 1.8243
5.4631 4.5042 1.8225
5.5493 4.4746 1.8219
5.6335 4.4399 1.8218
5.7156 4.4005 1.8218
5.7954 4.3567 1.8219
5.8729 4.3088 1.8220
5.9478 4.2570 1.8221
6.0202 4.2016 1.8223
6.0899 4.1430 1.8226
6.1570 4.0813 1.8228
6.2213 4.0167 1.8231
6.2829 3.9496 1.8234
6.3418 3.8800 1.8237
6.3981 3.8082 1.8240
6.4516 3.7343 1.8244
6.5024 3.6586 1.8248
6.5507 3.5812 1.8252
6.5963 3.5021 1.8256
6.6395 3.4217 1.8260
6.6801 3.3399 1.8265
6.7182 3.2569 1.8269
6.7540 3.1728 1.8274
6.7873 3.0878 1.8280
6.8184 3.0018 1.8285
6.8472 2.9150 1.8291
6.8739 2.8275 1.8297
6.8984 2.7394 1.8303
6.9209 2.6507 1.8309
6.9413 2.5614 1.8316
6.9596 2.4717 1.8324
6.9761 2.3815 1.8332
6.9908 2.2910 1.8341
7.0037 2.2002 1.8351
7.0151 2.1091 1.8361
7.0251 2.0179 1.8371
7.0338 1.9264 1.8382
7.0413 1.8348 1.8393
7.0478 1.7430 1.8404
7.0535 1.6511 1.8416
7.0585 1.5592 1.8427
7.0629 1.4671 1.8438
7.0669 1.3750 1.8450
7.0705 1.2828 1.8461
7.0739 1.1905 1.8472
7.0773 1.0982 1.8484
7.0807 1.0058 1.8495
7.0842 0.9133 1.8506
7.0880 0.8209 1.8516
7.0921 0.7283 1.8527
7.0966 0.6358 1.8537
7.1018 0.5432 1.8547
7.1075 0.4506 1.8557
7.1141 0.3581 1.8566
7.1215 0.2655 1.8575
7.1298 0.1730 1.8584
7.1392 0.0805 1.8593
7.1498 -0.0119 1.8601
7.1615 -0.1041 1.8609
7.1747 -0.1963 1.8617
7.1893 -0.2882 1.8624
7.2054 -0.3799 1.8631
7.2231 -0.4714 1.8638
7.2426 -0.5626 1.8644
7.2638 -0.6534 1.8651
7.2869 -0.7437 1.8657
7.3119 -0.8336 1.8663
7.3389 -0.9229 1.8668
7.3680 -1.0117 1.8674
7.3991 -1.0997 1.8679
7.4325 -1.1869 1.8685
7.4680 -1.2734 1.8690
7.5057 -1.3589 1.8695
7.5457 -1.4433 1.8699
7.5880 -1.5267 1.8704
7.6326 -1.6090 1.8708
7.6795 -1.6899 1.8713
7.7286 -1.7695 1.8717
7.7801 -1.8477 1.8722
7.8339 -1.9243 1.8726
7.8899 -1.9994 1.8730
7.9482 -2.0727 1.8734
8.0086 -2.1443 1.8739
8.0712 -2.2140 1.8743
8.1360 -2.2817 1.8747
8.2028 -2.3475 1.8751
8.2716 -2.4111 1.8756
8.3424 -2.4727 1.8760
8.4151 -2.5320 1.8765
8.4896 -2.5890 1.8769
8.5658 -2.6438 1.8774
8.6437 -2.6962 1.8779
8.7232 -2.7462 1.8784
8.8041 -2.7938 1.8789
8.8865 -2.8390 1.8794
8.9703 -2.8817 1.8800
9.0552 -2.9219 1.8805
9.1414 -2.9597 1.8811
9.2286 -2.9949 1.8817
9.3167 -3.0278 1.8823
9.4058 -3.0581 1.8829
9.4958 -3.0860 1.8835
9.5864 -3.1115 1.8842
9.6778 -3.1347 1.8849
9.7697 -3.1554 1.8856
9.8622 -3.1738 1.8863
9.9551 -3.1899 1.8870
10.0485 -3.2038 1.8877
10.1422 -3.2155 1.8885
10.2361 -3.2249 1.8893
10.3303 -3.2320 1.8901
10.4247 -3.2368 1.8909
10.5193 -3.2394 1.8919
10.6139 -3.2398 1.8929
10.7085 -3.2381 1.8939
10.8032 -3.2344 1.8950
10.8948 -3.2280 1.7675
10.9812 -3.2132 1.7565
11.0680 -3.1985 1.7618
11.1551 -3.1850 1.7633
11.2422 -3.1711 1.7646
11.3293 -3.1568 1.7659
11.4163 -3.1418 1.7673
11.5033 -3.1262 1.7686
11.5903 -3.1100 1.7700
11.6772 -3.0931 1.7713
11.7641 -3.0756 1.7727
11.8508 -3.0574 1.7740
11.9376 -3.0385 1.7754
12.0242 -3.0190 1.7767
12.1107 -2.9989 1.7780
12.1972 -2.9782 1.7793
12.2836 -2.9568 1.7806
12.3700 -2.9349 1.7819
12.4562 -2.9125 1.7831
12.5424 -2.8896 1.7843
12.6285 -2.8662 1.7855
12.7146 -2.8424 1.7867
12.8006 -2.8181 1.7878
12.8866 -2.7935 1.7889
12.9725 -2.7686 1.7899
13.0584 -2.7434 1.7910
13.1443 -2.7179 1.7920
13.2301 -2.6922 1.7929
13.3160 -2.6663 1.7939
13.4018 -2.6402 1.7948
13.4877 -2.6141 1.7957
13.5736 -2.5878 1.7965
13.6595 -2.5615 1.7973
13.7454 -2.5351 1.7981
13.8314 -2.5087 1.7988
13.9174 -2.4824 1.7995
14.0034 -2.4560 1.8002
14.0895 -2.4297 1.8008
14.1756 -2.4034 1.8014
14.2618 -2.3771 1.8019
14.3480 -2.3508 1.8024
14.4342 -2.3245 1.8029
14.5204 -2.2982 1.8033
14.6067 -2.2719 1.8037
14.6929 -2.2455 1.8041
14.7791 -2.2189 1.8044
14.8653 -2.1921 1.8047
14.9514 -2.1650 1.8049
15.0374 -2.1376 1.8051
15.1232 -2.1098 1.8053
15.2089 -2.0814 1.8054
15.2944 -2.0524 1.8055
15.3796 -2.0225 1.8055
15.4644 -1.9917 1.8054
15.5489 -1.9598 1.8053
15.6328 -1.9265 1.8051
15.7160 -1.8916 1.8049
15.7985 -1.8551 1.8045
15.8801 -1.8165 1.8041
15.9605 -1.7758 1.8035
16.0396 -1.7325 1.8028
16.1171 -1.6864 1.8019
16.1926 -1.6374 1.8008
16.2658 -1.5851 1.7996
16.3364 -1.5293 1.7981
16.4039 -1.4700 1.7964
16.4678 -1.4069 1.7946
16.5276 -1.3401 1.7926
16.5829 -1.2696 1.7904
16.6330 -1.1956 1.7880
16.6774 -1.1181 1.7855
16.7158 -1.0375 1.7829
16.7475 -0.9543 1.7803
16.7722 -0.8689 1.7777
16.7895 -0.7818 1.7750
16.7992 -0.6937 1.7725
16.8011 -0.6052 1.7700
16.7951 -0.5169 1.7676
16.7813 -0.4297 1.7654
16.7597 -0.3442 1.7633
16.7306 -0.2611 1.7614
16.6943 -0.1809 1.7596
16.6512 -0.1043 1.7581
16.6016 -0.0318 1.7567
16.5461 0.0362 1.7555
16.4852 0.0993 1.7544
16.4193 0.1572 1.7535
16.3491 0.2097 1.7528
16.2752 0.2566 1.7523
16.1979 0.2978 1.7517
16.1179 0.3334 1.7513
16.0356 0.3633 1.7511
15.9515 0.3876 1.7509
15.8661 0.4064 1.7509
15.7796 0.4200 1.7510
15.6925 0.4285 1.7510
15.6050 0.4320 1.7512
15.5175 0.4309 1.7514
15.4301 0.4253 1.7517
15.3430 0.4155 1.7521
15.2565 0.4018 1.7525
15.1706 0.3845 1.7529
15.0855 0.3636 1.7533
15.0012 0.3395 1.7538
14.9178 0.3124 1.7544
14.8353 0.2825 1.7551
14.7537 0.2502 1.7558
14.6730 0.2156 1.7567
14.5931 0.1791 1.7575
14.5140 0.1408 1.7583
14.4356 0.1010 1.7592
14.3578 0.0599 1.7601
14.2806 0.0176 1.7610
14.2038 -0.0255 1.7619
14.1274 -0.0694 1.7627
14.0512 -0.1138 1.7636
13.9753 -0.1587 1.7644
13.8996 -0.2040 1.7653
13.8239 -0.2495 1.7661
13.7483 -0.2951 1.7669
13.6726 -0.3407 1.7677
13.5969 -0.3864 1.7684
13.5211 -0.4319 1.7691
13.4452 -0.4773 1.7698
13.3691 -0.5225 1.7705
13.2928 -0.5675 1.7711
13.2163 -0.6122 1.7717
13.1396 -0.6566 1.7723
13.0627 -0.7006 1.7728
12.9856 -0.7443 1.7733
12.9082 -0.7875 1.7737
12.8305 -0.8303 1.7741
12.7525 -0.8726 1.7744
12.6743 -0.9144 1.7748
12.5957 -0.9557 1.7750
12.5168 -0.9964 1.7753
12.4376 -1.0364 1.7755
12.3580 -1.0758 1.7756
12.2781 -1.1144 1.7757
12.1977 -1.1522 1.7758
12.1169 -1.1891 1.7758
12.0357 -1.2249 1.7758
11.9540 -1.2597 1.7757
11.8718 -1.2932 1.7755
11.7890 -1.3253 1.7753
11.7057 -1.3557 1.7750
11.6217 -1.3844 1.7746
11.5370 -1.4110 1.7742
11.4517 -1.4351 1.7735
11.3657 -1.4566 1.7727
11.2790 -1.4749 1.7718
11.1917 -1.4898 1.7707
11.1039 -1.5008 1.7694
11.0157 -1.5074 1.7678
10.9274 -1.5092 1.7660
10.8392 -1.5058 1.7639
10.7515 -1.4968 1.7616
10.6648 -1.4818 1.7591
10.5796 -1.4605 1.7563
10.4964 -1.4326 1.7535
10.4159 -1.3981 1.7505
10.3388 -1.3569 1.7474
10.2657 -1.3091 1.7442
10.1975 -1.2550 1.7411
10.1347 -1.1948 1.7381
10.0781 -1.1291 1.7352
10.0280 -1.0583 1.7325
9.9851 -0.9831 1.7299
9.9498 -0.9043 1.7275
9.9221 -0.8226 1.7254
9.9025 -0.7387 1.7234
9.8908 -0.6534 1.7219
9.8871 -0.5674 1.7203
9.8911 -0.4816 1.7191
9.9028 -0.3965 1.7180
9.9217 -0.3127 1.7172
9.9476 -0.2309 1.7167
9.9799 -0.1514 1.7161
10.0183 -0.0747 1.7157
10.0624 -0.0012 1.7153
10.1118 0.0689 1.7151
10.1660 0.1353 1.7149
10.2245 0.1980 1.7151
10.2870 0.2567 1.7152
10.3529 0.3115 1.7157
10.4219 0.3625 1.7163
10.4935 0.4099 1.7170
10.5673 0.4538 1.7179
10.6429 0.4945 1.7186
10.7201 0.5322 1.7195
10.7987 0.5672 1.7204
10.8783 0.5998 1.7213
10.9588 0.6303 1.7221
11.0399 0.6592 1.7230
11.1216 0.6867 1.7237
11.2036 0.7130 1.7245
11.2860 0.7386 1.7252
11.3685 0.7638 1.7258
11.4511 0.7888 1.7264
11.5337 0.8139 1.7269
11.6162 0.8395 1.7273
11.6985 0.8659 1.7277
11.7805 0.8931 1.7281
11.8621 0.9215 1.7283
11.9432 0.9513 1.7285
12.0237 0.9828 1.7286
12.1034 1.0161 1.7287
12.1823 1.0515 1.7287
12.2601 1.0892 1.7286
12.3366 1.1292 1.7285
12.4118 1.1718 1.7284
12.4855 1.2170 1.7282
12.5574 1.2650 1.7280
12.6273 1.3157 1.7278
12.6951 1.3692 1.7276
12.7606 1.4255 1.7274
12.8236 1.4846 1.7272
12.8839 1.5463 1.7270
12.9414 1.6108 1.7268
12.9959 1.6777 1.7267
13.0473 1.7471 1.7266
13.0955 1.8187 1.7265
13.1403 1.8925 1.7265
13.1818 1.9682 1.7266
13.2198 2.0457 1.7266
13.2544 2.1248 1.7267
13.2855 2.2053 1.7269
13.3130 2.2871 1.7271
13.3372 2.3700 1.7274
13.3579 2.4539 1.7277
13.3752 2.5385 1.7281
13.3893 2.6238 1.7284
13.4001 2.7095 1.7288
13.4078 2.7956 1.7293
13.4124 2.8820 1.7298
13.4141 2.9685 1.7303
13.4129 3.0550 1.7309
13.4091 3.1414 1.7314
13.4026 3.2278 1.7320
13.3936 3.3139 1.7326
13.3822 3.3998 1.7333
13.3686 3.4854 1.7340
13.3528 3.5707 1.7347
13.3350 3.6556 1.7354
13.3154 3.7401 1.7362
13.2939 3.8242 1.7369
13.2707 3.9080 1.7377
13.2460 3.9913 1.7385
13.2199 4.0742 1.7394
13.1924 4.1567 1.7402
13.1636 4.2389 1.7412
13.1337 4.3207 1.7421
13.1028 4.4021 1.7432
13.0708 4.4832 1.7443
13.0380 4.5641 1.7454
13.0044 4.6446 1.7466
12.9702 4.7250 1.7478
12.9353 4.8052 1.7490
12.9000 4.8852 1.7503
12.8642 4.9651 1.7515
12.8281 5.0449 1.7528
12.7916 5.1247 1.7542
12.7549 5.2044 1.7555
12.7180 5.2840 1.7568
12.6809 5.3637 1.7582
12.6437 5.4433 1.7595
12.6063 5.5230 1.7608
12.5688 5.6027 1.7622
12.5312 5.6824 1.7635
12.4935 5.7622 1.7648
12.4556 5.8419 1.7661
12.4177 5.9217 1.7674
12.3796 6.0015 1.7686
12.3414 6.0813 1.7699
12.3030 6.1610 1.7710
12.2644 6.2407 1.7722
12.2255 6.3204 1.7734
12.1864 6.4000 1.7745
12.1469 6.4795 1.7755
12.1070 6.5588 1.7766
12.0667 6.6380 1.7776
12.0260 6.7170 1.7786
11.9847 6.7958 1.7796
11.9428 6.8743 1.7805
11.9002 6.9526 1.7814
11.8569 7.0304 1.7823
11.8128 7.1079 1.7832
11.7679 7.1849 1.7840
11.7220 7.2615 1.7848
11.6752 7.3375 1.7856
11.6273 7.4128 1.7863
11.5783 7.4875 1.7870
11.5281 7.5614 1.7877
11.4766 7.6345 1.7883
11.4238 7.7067 1.7889
11.3697 7.7780 1.7895
11.3142 7.8482 1.7901
11.2572 7.9172 1.7907
11.1987 7.9850 1.7912
11.1388 8.0516 1.7918
11.0774 8.1169 1.7923
11.0146 8.1808 1.7926
10.9502 8.2431 1.7930
10.8841 8.3037 1.7934
10.8164 8.3625 1.7938
10.7471 8.4194 1.7942
10.6761 8.4743 1.7946
10.6035 8.5270 1.7950
10.5293 8.5775 1.7954
10.4535 8.6256 1.7958
10.3762 8.6714 1.7962
10.2975 8.7147 1.7967
10.2175 8.7554 1.7971
10.1361 8.7936 1.7976
10.0535 8.8292 1.7982
9.9699 8.8621 1.7987
9.8852 8.8924 1.7993
9.7996 8.9201 1.7999
9.7132 8.9452 1.8005
9.6260 8.9677 1.8011
9.5381 8.9876 1.8018
9.4497 9.0050 1.8025
9.3608 9.0200 1.8033
9.2715 9.0325 1.8040
