x y
11.2689 0.6607
11.3302 0.6801
11.3915 0.6994
11.4528 0.7186
11.5142 0.7378
11.5754 0.7572
11.6366 0.7770
11.6976 0.7972
11.7584 0.8180
11.8190 0.8395
11.8792 0.8619
11.9392 0.8851
11.9987 0.9094
12.0577 0.9347
12.1163 0.9613
12.1742 0.9891
12.2314 1.0183
12.2880 1.0489
12.3437 1.0809
12.3985 1.1144
12.4524 1.1494
12.5053 1.1859
12.5570 1.2240
12.6076 1.2637
12.6569 1.3049
12.7049 1.3477
12.7514 1.3920
12.7965 1.4378
12.8400 1.4850
12.8820 1.5337
12.9223 1.5838
12.9609 1.6351
12.9978 1.6877
13.0329 1.7415
13.0663 1.7964
13.0979 1.8524
13.1276 1.9094
13.1555 1.9673
13.1816 2.0260
13.2059 2.0855
13.2283 2.1457
13.2489 2.2066
13.2676 2.2681
13.2846 2.3300
13.2998 2.3925
13.3132 2.4553
13.3249 2.5185
13.3349 2.5820
13.3432 2.6457
13.3498 2.7096
13.3549 2.7737
13.3584 2.8379
13.3603 2.9021
13.3608 2.9664
13.3598 3.0306
13.3574 3.0948
13.3536 3.1590
13.3485 3.2231
13.3421 3.2870
13.3345 3.3508
13.3257 3.4145
13.3158 3.4780
13.3047 3.5413
13.2926 3.6044
13.2795 3.6673
13.2654 3.7300
13.2504 3.7925
13.2345 3.8548
13.2179 3.9169
13.2004 3.9787
13.1822 4.0404
13.1633 4.1018
13.1438 4.1630
13.1236 4.2240
13.1028 4.2849
13.0815 4.3455
13.0597 4.4060
13.0374 4.4663
13.0147 4.5264
12.9916 4.5864
12.9681 4.6462
12.9443 4.7059
12.9202 4.7655
12.8958 4.8249
12.8712 4.8843
12.8463 4.9436
12.8212 5.0027
12.7960 5.0618
12.7705 5.1208
12.7449 5.1798
12.7192 5.2387
12.6934 5.2976
12.6675 5.3564
12.6414 5.4151
12.6153 5.4739
12.5892 5.5326
12.5629 5.5913
12.5366 5.6499
12.5103 5.7085
12.4839 5.7671
12.4575 5.8257
12.4310 5.8843
12.4044 5.9428
12.3778 6.0013
12.3511 6.0598
12.3243 6.1182
12.2974 6.1766
12.2705 6.2349
12.2434 6.2932
12.2161 6.3514
12.1887 6.4095
12.1612 6.4676
12.1334 6.5256
12.1054 6.5834
12.0772 6.6412
12.0488 6.6988
12.0201 6.7563
11.9910 6.8137
11.9617 6.8708
11.9319 6.9278
11.9018 6.9846
11.8712 7.0411
11.8402 7.0974
11.8088 7.1535
11.7768 7.2092
11.7442 7.2646
11.7111 7.3197
11.6774 7.3744
11.6431 7.4288
11.6081 7.4827
11.5724 7.5361
11.5360 7.5891
11.4990 7.6416
11.4611 7.6936
11.4225 7.7449
11.3831 7.7957
11.3429 7.8459
11.3019 7.8953
11.2600 7.9441
11.2174 7.9922
11.1738 8.0394
11.1294 8.0859
11.0842 8.1316
11.0381 8.1763
10.9911 8.2202
10.9433 8.2632
10.8947 8.3051
10.8451 8.3461
10.7948 8.3860
10.7436 8.4249
10.6916 8.4627
10.6388 8.4993
10.5853 8.5349
10.5310 8.5692
10.4759 8.6023
10.4201 8.6342
10.3636 8.6649
10.3065 8.6942
10.2487 8.7223
10.1903 8.7491
10.1313 8.7746
10.0717 8.7988
10.0116 8.8216
9.9511 8.8431
9.8900 8.8632
9.8286 8.8819
9.7667 8.8994
9.7045 8.9155
9.6420 8.9303
9.5792 8.9441
9.5162 8.9567
9.4530 8.9684
9.3896 8.9792
9.3261 8.9891
9.2624 8.9980
9.1986 9.0056
9.1347 9.0121
9.0706 9.0175
9.0065 9.0215
8.9423 9.0242
8.8780 9.0256
8.8138 9.0258
8.7495 9.0247
8.6853 9.0225
8.6211 9.0192
8.5570 9.0149
8.4929 9.0096
8.4290 9.0034
8.3651 8.9962
8.3013 8.9881
8.2377 8.9792
8.1742 8.9695
8.1108 8.9590
8.0475 8.9477
7.9843 8.9358
7.9213 8.9231
7.8584 8.9099
7.7957 8.8960
7.7330 8.8816
7.6705 8.8666
7.6082 8.8511
7.5459 8.8352
7.4837 8.8188
7.4217 8.8021
7.3597 8.7850
7.2979 8.7676
7.2361 8.7498
7.1744 8.7318
7.1128 8.7136
7.0512 8.6951
6.9897 8.6765
6.9282 8.6576
6.8668 8.6387
6.8054 8.6197
6.7441 8.6005
6.6827 8.5813
6.6214 8.5621
6.5601 8.5429
6.4987 8.5237
6.4374 8.5045
6.3760 8.4853
6.3147 8.4662
6.2533 8.4472
6.1919 8.4282
6.1304 8.4094
6.0690 8.3906
6.0074 8.3720
5.9459 8.3535
5.8843 8.3352
5.8226 8.3170
5.7609 8.2990
5.6992 8.2812
5.6374 8.2635
5.5755 8.2460
5.5136 8.2287
5.4517 8.2117
5.3897 8.1948
5.3276 8.1780
5.2655 8.1615
5.2033 8.1452
5.1411 8.1291
5.0788 8.1132
5.0165 8.0974
4.9542 8.0818
4.8918 8.0664
4.8293 8.0512
4.7668 8.0362
4.7043 8.0213
4.6418 8.0065
4.5792 7.9919
4.5166 7.9774
4.4539 7.9631
4.3912 7.9488
4.3285 7.9346
4.2658 7.9205
4.2031 7.9065
4.1404 7.8925
4.0776 7.8786
4.0149 7.8647
3.9521 7.8508
3.8894 7.8369
3.8266 7.8230
3.7639 7.8090
3.7012 7.7949
3.6385 7.7808
3.5758 7.7666
3.5132 7.7522
3.4505 7.7378
3.3880 7.7231
3.3254 7.7083
3.2629 7.6933
3.2005 7.6781
3.1381 7.6626
3.0758 7.6469
3.0135 7.6309
2.9514 7.6146
2.8893 7.5979
2.8273 7.5810
2.7654 7.5636
2.7036 7.5459
2.6420 7.5278
2.5804 7.5092
2.5190 7.4902
2.4577 7.4708
2.3966 7.4509
2.3357 7.4305
2.2749 7.4095
2.2144 7.3881
2.1540 7.3660
2.0938 7.3434
2.0339 7.3203
1.9742 7.2965
1.9147 7.2721
1.8555 7.2471
1.7966 7.2214
1.7379 7.1951
1.6796 7.1681
1.6216 7.1404
1.5639 7.1121
1.5065 7.0831
1.4496 7.0534
1.3929 7.0230
1.3367 6.9918
1.2809 6.9600
1.2255 6.9275
1.1704 6.8942
1.1159 6.8603
1.0618 6.8256
1.0081 6.7902
0.9549 6.7542
0.9021 6.7174
0.8499 6.6800
0.7981 6.6419
0.7469 6.6032
0.6961 6.5637
0.6458 6.5237
0.5961 6.4830
0.5469 6.4417
0.4982 6.3997
0.4500 6.3572
0.4024 6.3140
0.3553 6.2703
0.3088 6.2259
0.2628 6.1810
0.2174 6.1355
0.1726 6.0894
0.1285 6.0427
0.0849 5.9954
0.0421 5.9476
-0.0002 5.8991
-0.0417 5.8501
-0.0826 5.8004
-0.1227 5.7502
-0.1621 5.6994
-0.2007 5.6481
-0.2385 5.5961
-0.2756 5.5436
-0.3118 5.4905
-0.3472 5.4369
-0.3818 5.3827
-0.4155 5.3280
-0.4484 5.2728
-0.4804 5.2170
-0.5115 5.1608
-0.5417 5.1041
-0.5710 5.0469
-0.5994 4.9892
-0.6269 4.9311
-0.6535 4.8726
-0.6792 4.8137
-0.7039 4.7544
-0.7278 4.6947
-0.7507 4.6347
-0.7728 4.5743
-0.7940 4.5136
-0.8142 4.4526
-0.8336 4.3913
-0.8522 4.3298
-0.8698 4.2680
-0.8867 4.2060
-0.9027 4.1437
-0.9178 4.0813
-0.9322 4.0186
-0.9457 3.9558
-0.9584 3.8928
-0.9703 3.8296
-0.9814 3.7663
-0.9916 3.7029
-1.0011 3.6393
-1.0098 3.5756
-1.0176 3.5118
-1.0246 3.4479
-1.0308 3.3840
-1.0362 3.3199
-1.0408 3.2558
-1.0445 3.1916
-1.0475 3.1274
-1.0496 3.0632
-1.0509 2.9989
-1.0514 2.9347
-1.0511 2.8704
-1.0501 2.8061
-1.0482 2.7419
-1.0456 2.6777
-1.0421 2.6135
-1.0380 2.5494
-1.0330 2.4853
-1.0274 2.4213
-1.0210 2.3573
-1.0139 2.2934
-1.0061 2.2296
-0.9976 2.1659
-0.9884 2.1023
-0.9786 2.0388
-0.9682 1.9754
-0.9571 1.9121
-0.9455 1.8489
-0.9332 1.7858
-0.9204 1.7228
-0.9070 1.6599
-0.8931 1.5972
-0.8787 1.5345
-0.8638 1.4720
-0.8484 1.4096
-0.8326 1.3473
-0.8163 1.2851
-0.7997 1.2231
-0.7826 1.1611
-0.7651 1.0993
-0.7473 1.0375
-0.7291 0.9759
-0.7106 0.9143
-0.6918 0.8528
-0.6727 0.7915
-0.6533 0.7302
-0.6337 0.6690
-0.6139 0.6078
-0.5938 0.5468
-0.5735 0.4858
-0.5531 0.4249
-0.5324 0.3640
-0.5116 0.3032
-0.4907 0.2424
-0.4696 0.1817
-0.4485 0.1210
-0.4272 0.0604
-0.4059 -0.0003
-0.3844 -0.0609
-0.3629 -0.1214
-0.3414 -0.1820
-0.3198 -0.2425
-0.2982 -0.3031
-0.2766 -0.3636
-0.2550 -0.4241
-0.2334 -0.4846
-0.2117 -0.5452
-0.1901 -0.6057
-0.1685 -0.6662
-0.1470 -0.7268
-0.1254 -0.7873
-0.1039 -0.8479
-0.0824 -0.9085
-0.0610 -0.9691
-0.0396 -1.0297
-0.0183 -1.0903
0.0030 -1.1510
0.0243 -1.2116
0.0455 -1.2723
0.0667 -1.3329
0.0879 -1.3936
0.1090 -1.4543
0.1301 -1.5150
0.1512 -1.5757
0.1723 -1.6364
0.1935 -1.6972
0.2146 -1.7579
0.2357 -1.8185
0.2569 -1.8792
0.2782 -1.9399
0.2995 -2.0005
0.3209 -2.0611
0.3424 -2.1217
0.3640 -2.1822
0.3858 -2.2427
0.4077 -2.3031
0.4298 -2.3635
0.4521 -2.4237
0.4746 -2.4839
0.4974 -2.5440
0.5205 -2.6040
0.5438 -2.6639
0.5675 -2.7237
0.5915 -2.7833
0.6159 -2.8427
0.6407 -2.9020
0.6660 -2.9611
0.6917 -3.0200
0.7179 -3.0787
0.7446 -3.1372
0.7719 -3.1954
0.7998 -3.2533
0.8283 -3.3109
0.8575 -3.3681
0.8873 -3.4251
0.9179 -3.4816
0.9492 -3.5378
0.9812 -3.5935
1.0141 -3.6487
1.0477 -3.7035
1.0822 -3.7577
1.1176 -3.8113
1.1539 -3.8644
1.1911 -3.9168
1.2292 -3.9686
1.2683 -4.0196
1.3084 -4.0698
1.3494 -4.1193
1.3915 -4.1679
1.4346 -4.2156
1.4787 -4.2623
1.5239 -4.3080
1.5701 -4.3527
1.6174 -4.3962
1.6658 -4.4386
1.7152 -4.4797
1.7657 -4.5194
1.8173 -4.5578
1.8699 -4.5947
1.9236 -4.6300
1.9783 -4.6638
2.0340 -4.6958
2.0907 -4.7261
2.1484 -4.7545
2.2069 -4.7810
2.2663 -4.8054
2.3266 -4.8279
2.3876 -4.8481
2.4493 -4.8661
2.5116 -4.8819
2.5745 -4.8952
2.6378 -4.9061
2.7015 -4.9145
2.7655 -4.9204
2.8297 -4.9237
2.8940 -4.9243
2.9582 -4.9222
3.0223 -4.9175
3.0861 -4.9101
3.1496 -4.9000
3.2126 -4.8871
3.2749 -4.8716
3.3366 -4.8535
3.3974 -4.8327
3.4572 -4.8093
3.5161 -4.7834
3.5737 -4.7550
3.6301 -4.7242
3.6851 -4.6910
3.7386 -4.6554
3.7907 -4.6177
3.8411 -4.5778
3.8898 -4.5359
3.9367 -4.4921
3.9819 -4.4464
4.0252 -4.3989
4.0666 -4.3498
4.1061 -4.2991
4.1436 -4.2469
4.1791 -4.1933
4.2127 -4.1385
4.2442 -4.0825
4.2737 -4.0254
4.3012 -3.9674
4.3267 -3.9084
4.3502 -3.8486
4.3718 -3.7881
4.3914 -3.7269
4.4092 -3.6651
4.4250 -3.6028
4.4390 -3.5401
4.4512 -3.4770
4.4616 -3.4136
4.4702 -3.3499
4.4771 -3.2860
4.4824 -3.2220
4.4861 -3.1578
4.4881 -3.0936
4.4887 -3.0293
4.4878 -2.9651
4.4854 -2.9008
4.4816 -2.8367
4.4765 -2.7726
4.4701 -2.7087
4.4624 -2.6449
4.4534 -2.5812
4.4433 -2.5177
4.4321 -2.4545
4.4198 -2.3914
4.4065 -2.3285
4.3922 -2.2659
4.3769 -2.2034
4.3607 -2.1412
4.3436 -2.0793
4.3258 -2.0175
4.3071 -1.9560
4.2877 -1.8948
4.2676 -1.8337
4.2468 -1.7729
4.2254 -1.7123
4.2034 -1.6519
4.1808 -1.5917
4.1577 -1.5318
4.1341 -1.4720
4.1101 -1.4124
4.0856 -1.3530
4.0607 -1.2937
4.0355 -1.2346
4.0100 -1.1756
3.9842 -1.1167
3.9581 -1.0580
3.9318 -0.9993
3.9053 -0.9408
3.8786 -0.8823
3.8518 -0.8239
3.8249 -0.7655
3.7979 -0.7072
3.7708 -0.6489
3.7437 -0.5906
3.7166 -0.5323
3.6896 -0.4740
3.6626 -0.4157
3.6357 -0.3573
3.6089 -0.2989
3.5823 -0.2404
3.5558 -0.1818
3.5296 -0.1232
3.5035 -0.0644
3.4777 -0.0055
3.4522 0.0535
3.4270 0.1126
3.4022 0.1718
3.3777 0.2313
3.3536 0.2908
3.3299 0.3506
3.3066 0.4105
3.2838 0.4706
3.2615 0.5309
3.2397 0.5913
3.2185 0.6520
3.1979 0.7129
3.1778 0.7739
3.1584 0.8352
3.1396 0.8967
3.1215 0.9583
3.1041 1.0202
3.0875 1.0823
3.0715 1.1445
3.0564 1.2070
3.0420 1.2697
3.0285 1.3325
3.0158 1.3955
3.0040 1.4587
2.9931 1.5220
2.9831 1.5855
2.9740 1.6491
2.9659 1.7129
2.9587 1.7767
2.9526 1.8407
2.9475 1.9048
2.9434 1.9689
2.9404 2.0331
2.9385 2.0973
2.9377 2.1616
2.9380 2.2259
2.9395 2.2901
2.9422 2.3543
2.9461 2.4185
2.9512 2.4825
2.9576 2.5465
2.9652 2.6103
2.9741 2.6740
2.9843 2.7374
2.9959 2.8006
3.0089 2.8636
3.0232 2.9262
3.0390 2.9885
3.0562 3.0504
3.0748 3.1119
3.0949 3.1730
3.1165 3.2335
3.1396 3.2935
3.1642 3.3528
3.1904 3.4115
3.2181 3.4695
3.2474 3.5267
3.2782 3.5831
3.3106 3.6386
3.3446 3.6931
3.3802 3.7466
3.4174 3.7990
3.4561 3.8503
3.4964 3.9003
3.5383 3.9490
3.5817 3.9964
3.6267 4.0423
3.6731 4.0867
3.7210 4.1296
3.7703 4.1707
3.8210 4.2102
3.8731 4.2479
3.9264 4.2837
3.9810 4.3177
4.0367 4.3496
4.0936 4.3795
4.1516 4.4072
4.2105 4.4328
4.2703 4.4563
4.3310 4.4774
4.3924 4.4963
4.4545 4.5128
4.5172 4.5270
4.5803 4.5388
4.6439 4.5481
4.7078 4.5551
4.7719 4.5595
4.8361 4.5616
4.9003 4.5612
4.9645 4.5583
5.0286 4.5531
5.0923 4.5454
5.1558 4.5353
5.2188 4.5229
5.2814 4.5081
5.3433 4.4911
