x y
6.2952 8.4183
6.2416 8.3598
6.1879 8.3015
6.1339 8.2431
6.0797 8.1849
6.0134 8.1416
5.9376 8.1101
5.8622 8.0782
5.7866 8.0465
5.7108 8.0149
5.6349 7.9836
5.5589 7.9525
5.4826 7.9218
5.4061 7.8915
5.3293 7.8617
5.2522 7.8324
5.1747 7.8037
5.0967 7.7758
5.0184 7.7486
4.9396 7.7222
4.8603 7.6967
4.7806 7.6721
4.7004 7.6483
4.6198 7.6255
4.5388 7.6034
4.4574 7.5822
4.3758 7.5616
4.2939 7.5417
4.2119 7.5223
4.1298 7.5034
4.0476 7.4848
3.9654 7.4665
3.8834 7.4484
3.8016 7.4305
3.7201 7.4127
3.6388 7.3949
3.5577 7.3770
3.4770 7.3591
3.3965 7.3410
3.3219 7.3642
3.2472 7.3870
3.1919 7.3320
3.1173 7.3543
3.0424 7.3761
2.9881 7.3203
2.9132 7.3414
2.8380 7.3620
2.7848 7.3052
2.7095 7.3249
2.6339 7.3439
2.5819 7.2859
2.5061 7.3038
2.4300 7.3210
2.3792 7.2617
2.3295 7.2021
2.2534 7.2174
2.2049 7.1569
2.1575 7.0961
2.0816 7.1093
2.0356 7.0475
1.9908 6.9854
1.9151 6.9963
1.8389 7.0062
1.7961 6.9425
1.7198 6.9505
1.6430 6.9574
1.6023 6.8920
1.5630 6.8263
1.4866 6.8305
1.4490 6.7638
1.4129 6.6970
1.3369 6.6984
1.3026 6.6306
1.2698 6.5626
1.1943 6.5613
1.1631 6.4926
1.0963 6.4561
1.0291 6.4213
0.9536 6.4152
0.9056 6.3574
0.8386 6.3223
0.7631 6.3125
0.6872 6.3013
0.6597 6.2304
0.5933 6.1930
0.5177 6.1785
0.4631 6.1206
0.3960 6.0842
0.3207 6.0658
0.2453 6.0460
0.2150 5.9752
0.1506 5.9317
0.0759 5.9082
0.0012 5.8832
-0.0203 5.8082
-0.0806 5.7568
-0.1482 5.7176
-0.1990 5.6503
-0.2486 5.5820
-0.2968 5.5128
-0.3436 5.4426
-0.3889 5.3714
-0.4327 5.2994
-0.4751 5.2264
-0.5159 5.1526
-0.5552 5.0780
-0.5930 5.0025
-0.6291 4.9263
-0.6637 4.8494
-0.6968 4.7718
-0.7282 4.6935
-0.7582 4.6146
-0.7865 4.5352
-0.8134 4.4552
-0.8387 4.3748
-0.8626 4.2939
-0.8849 4.2125
-0.9059 4.1308
-0.9254 4.0487
-0.9435 3.9663
-0.9601 3.8837
-0.9754 3.8007
-0.9893 3.7175
-1.0019 3.6341
-1.0130 3.5505
-1.0227 3.4667
-1.0309 3.3827
-1.0378 3.2986
-1.0433 3.2145
-1.0474 3.1302
-1.0500 3.0459
-1.0513 2.9615
-1.0512 2.8772
-1.0497 2.7928
-1.0469 2.7085
-1.0428 2.6243
-1.0373 2.5401
-1.0305 2.4560
-1.0225 2.3720
-1.0133 2.2882
-1.0028 2.2045
-0.9912 2.1209
-0.9784 2.0375
-0.9646 1.9543
-0.9497 1.8713
-0.9337 1.7885
-0.9168 1.7058
-0.8990 1.6234
-0.8803 1.5411
-0.8607 1.4591
-0.8403 1.3772
-0.8191 1.2956
-0.7972 1.2141
-0.7746 1.1328
-0.7514 1.0517
-0.7276 0.9708
-0.7032 0.8900
-0.6783 0.8094
-0.6530 0.7290
-0.6272 0.6487
-0.6010 0.5685
-0.5744 0.4884
-0.5475 0.4085
-0.5203 0.3286
-0.4929 0.2488
-0.4653 0.1691
-0.4374 0.0895
-0.4095 0.0099
-0.3813 -0.0696
-0.3531 -0.1491
-0.3248 -0.2286
-0.2965 -0.3080
-0.2681 -0.3875
-0.2397 -0.4669
-0.2113 -0.5464
-0.1829 -0.6258
-0.1546 -0.7053
-0.1263 -0.7847
-0.0981 -0.8642
-0.0700 -0.9438
-0.0419 -1.0233
-0.0139 -1.1029
0.0141 -1.1825
0.0420 -1.2621
0.0698 -1.3417
0.0975 -1.4214
0.1253 -1.5010
0.1530 -1.5807
0.1807 -1.6604
0.2084 -1.7401
0.2362 -1.8197
0.2640 -1.8994
0.2919 -1.9790
0.3200 -2.0585
0.3482 -2.1380
0.3767 -2.2174
0.4054 -2.2967
0.4344 -2.3759
0.4638 -2.4550
0.4936 -2.5340
0.5238 -2.6127
0.5546 -2.6912
0.5859 -2.7696
0.6179 -2.8476
0.6506 -2.9254
0.6841 -3.0028
0.7184 -3.0799
0.7536 -3.1565
0.7898 -3.2327
0.8271 -3.3084
0.8655 -3.3835
0.9050 -3.4580
0.9458 -3.5319
0.9880 -3.6050
1.0315 -3.6772
1.0764 -3.7486
1.1228 -3.8191
1.1708 -3.8884
1.2204 -3.9567
1.2716 -4.0237
1.3245 -4.0895
1.3791 -4.1537
1.4354 -4.2165
1.4936 -4.2776
1.5536 -4.3370
1.6153 -4.3944
1.6790 -4.4498
1.7445 -4.5030
1.8118 -4.5538
1.8809 -4.6021
1.9519 -4.6478
2.0246 -4.6905
2.0990 -4.7303
2.1750 -4.7668
2.2526 -4.8000
2.3316 -4.8296
2.4118 -4.8555
2.4933 -4.8775
2.5757 -4.8954
2.6589 -4.9092
2.7427 -4.9186
2.8270 -4.9236
2.9113 -4.9240
2.9955 -4.9198
3.0794 -4.9110
3.1627 -4.8975
3.2451 -4.8794
3.3263 -4.8567
3.4061 -4.8295
3.4843 -4.7978
3.5605 -4.7618
3.6346 -4.7215
3.7064 -4.6772
3.7756 -4.6290
3.8420 -4.5770
3.9056 -4.5216
3.9660 -4.4628
4.0234 -4.4010
4.0774 -4.3362
4.1282 -4.2689
4.1755 -4.1991
4.2194 -4.1270
4.2598 -4.0530
4.2967 -3.9772
4.3302 -3.8998
4.3603 -3.8210
4.3871 -3.7410
4.4105 -3.6600
4.4308 -3.5781
4.4478 -3.4955
4.4618 -3.4123
4.4727 -3.3287
4.4807 -3.2447
4.4859 -3.1606
4.4884 -3.0763
4.4883 -2.9919
4.4857 -2.9076
4.4807 -2.8234
4.4733 -2.7394
4.4637 -2.6556
4.4520 -2.5720
4.4384 -2.4888
4.4228 -2.4059
4.4054 -2.3234
4.3862 -2.2412
4.3655 -2.1594
4.3433 -2.0781
4.3197 -1.9971
4.2947 -1.9165
4.2685 -1.8363
4.2411 -1.7565
4.2127 -1.6771
4.1832 -1.5981
4.1529 -1.5194
4.1217 -1.4410
4.0897 -1.3629
4.0571 -1.2851
4.0239 -1.2076
3.9902 -1.1303
3.9560 -1.0531
3.9214 -0.9762
3.8865 -0.8994
3.8513 -0.8227
3.8159 -0.7462
3.7804 -0.6696
3.7449 -0.5931
3.7093 -0.5166
3.6739 -0.4401
3.6385 -0.3635
3.6034 -0.2868
3.5685 -0.2100
3.5340 -0.1330
3.4998 -0.0559
3.4660 0.0214
3.4328 0.0989
3.4001 0.1767
3.3681 0.2548
3.3368 0.3331
3.3062 0.4117
3.2764 0.4906
3.2474 0.5698
3.2194 0.6494
3.1924 0.7293
3.1664 0.8096
3.1416 0.8902
3.1179 0.9711
3.0954 1.0524
3.0741 1.1341
3.0543 1.2161
3.0357 1.2983
3.0187 1.3810
3.0031 1.4639
2.9890 1.5470
2.9765 1.6305
2.9657 1.7141
2.9566 1.7980
2.9492 1.8820
2.9435 1.9662
2.9397 2.0504
2.9379 2.1347
2.9379 2.2191
2.9400 2.3034
2.9441 2.3877
2.9503 2.4718
2.9586 2.5557
2.9691 2.6394
2.9819 2.7228
2.9969 2.8058
3.0144 2.8883
3.0342 2.9703
3.0565 3.0516
3.0813 3.1323
3.1086 3.2120
3.1386 3.2909
3.1711 3.3687
3.2063 3.4454
3.2442 3.5207
3.2848 3.5946
3.3281 3.6670
3.3741 3.7377
3.4229 3.8065
3.4743 3.8733
3.5285 3.9379
3.5854 4.0002
3.6448 4.0600
3.7068 4.1172
3.7713 4.1715
3.8382 4.2229
3.9073 4.2712
3.9786 4.3162
4.0520 4.3578
4.1272 4.3959
4.2042 4.4303
4.2828 4.4608
4.3628 4.4875
4.4440 4.5102
4.5263 4.5289
4.6093 4.5434
4.6930 4.5537
4.7771 4.5598
4.8614 4.5617
4.9457 4.5594
5.0298 4.5529
5.1135 4.5423
5.1965 4.5276
5.2787 4.5088
5.3599 4.4861
5.4399 4.4595
5.5186 4.4292
5.5958 4.3953
5.6714 4.3579
5.7453 4.3171
5.8172 4.2731
5.8872 4.2261
5.9551 4.1761
6.0209 4.1233
6.0846 4.0680
6.1460 4.0101
6.2051 3.9500
6.2619 3.8877
6.3165 3.8234
6.3687 3.7571
6.4186 3.6891
6.4662 3.6195
6.5114 3.5483
6.5544 3.4757
6.5952 3.4019
6.6337 3.3268
6.6700 3.2507
6.7042 3.1736
6.7362 3.0956
6.7662 3.0167
6.7942 2.9372
6.8203 2.8569
6.8444 2.7761
6.8668 2.6948
6.8874 2.6130
6.9063 2.5308
6.9237 2.4482
6.9395 2.3654
6.9539 2.2823
6.9669 2.1989
6.9786 2.1154
6.9891 2.0317
6.9985 1.9478
7.0069 1.8639
7.0144 1.7799
7.0210 1.6958
7.0269 1.6116
7.0321 1.5274
7.0368 1.4432
7.0410 1.3590
7.0449 1.2747
7.0484 1.1904
7.0518 1.1061
7.0550 1.0218
7.0583 0.9375
7.0617 0.8532
7.0652 0.7690
7.0690 0.6847
7.0732 0.6004
7.0779 0.5162
7.0831 0.4320
7.0890 0.3479
7.0955 0.2638
7.1029 0.1797
7.1112 0.0958
7.1205 0.0119
7.1309 -0.0718
7.1424 -0.1553
7.1551 -0.2387
7.1691 -0.3219
7.1845 -0.4049
7.2013 -0.4875
7.2196 -0.5699
7.2395 -0.6519
7.2610 -0.7334
7.2840 -0.8146
7.3088 -0.8952
7.3353 -0.9753
7.3636 -1.0548
7.3936 -1.1336
7.4255 -1.2117
7.4591 -1.2890
7.4946 -1.3656
7.5319 -1.4412
7.5711 -1.5159
7.6121 -1.5896
7.6550 -1.6623
7.6997 -1.7338
7.7462 -1.8042
7.7946 -1.8733
7.8448 -1.9411
7.8967 -2.0075
7.9505 -2.0725
8.0060 -2.1360
8.0633 -2.1980
8.1222 -2.2583
8.1827 -2.3171
8.2449 -2.3741
8.3086 -2.4294
8.3738 -2.4829
8.4404 -2.5346
8.5085 -2.5844
8.5779 -2.6324
8.6486 -2.6783
8.7206 -2.7224
8.7937 -2.7645
8.8679 -2.8046
8.9431 -2.8427
9.0193 -2.8789
9.0964 -2.9131
9.1744 -2.9453
9.2531 -2.9756
9.3326 -3.0039
9.4127 -3.0303
9.4935 -3.0547
9.5748 -3.0772
9.6566 -3.0979
9.7388 -3.1166
9.8214 -3.1336
9.9044 -3.1487
9.9877 -3.1621
10.0713 -3.1737
10.1550 -3.1836
10.2390 -3.1918
10.3231 -3.1983
10.4073 -3.2032
10.4916 -3.2065
10.5759 -3.2082
10.6603 -3.2084
10.7446 -3.2071
10.8290 -3.2044
10.9132 -3.2002
10.9974 -3.1946
11.0815 -3.1877
11.1654 -3.1795
11.2492 -3.1700
11.3329 -3.1594
11.4164 -3.1476
11.4998 -3.1346
11.5830 -3.1206
11.6660 -3.1056
11.7488 -3.0895
11.8315 -3.0726
11.9139 -3.0548
11.9962 -3.0362
12.0783 -3.0168
12.1602 -2.9966
12.2420 -2.9758
12.3235 -2.9544
12.4050 -2.9325
12.4863 -2.9100
12.5675 -2.8870
12.6485 -2.8637
12.7295 -2.8400
12.8104 -2.8159
12.8911 -2.7916
12.9718 -2.7670
13.0525 -2.7423
13.1331 -2.7173
13.2136 -2.6923
13.2942 -2.6672
13.3747 -2.6420
13.4552 -2.6169
13.5357 -2.5918
13.6163 -2.5667
13.6968 -2.5417
13.7774 -2.5168
13.8581 -2.4920
13.9388 -2.4674
14.0195 -2.4430
14.1003 -2.4187
14.1811 -2.3946
14.2620 -2.3706
14.3429 -2.3468
14.4239 -2.3231
14.5049 -2.2995
14.5859 -2.2760
14.6669 -2.2526
14.7480 -2.2291
14.8290 -2.2055
14.9099 -2.1818
14.9908 -2.1579
15.0716 -2.1336
15.1522 -2.1089
15.2327 -2.0836
15.3130 -2.0576
15.3929 -2.0307
15.4726 -2.0028
15.5518 -1.9738
15.6304 -1.9434
15.7085 -1.9114
15.7859 -1.8778
15.8623 -1.8421
15.9378 -1.8044
16.0120 -1.7643
16.0848 -1.7217
16.1559 -1.6763
16.2251 -1.6281
16.2921 -1.5768
16.3565 -1.5223
16.4180 -1.4646
16.4762 -1.4035
16.5307 -1.3391
16.5810 -1.2714
16.6266 -1.2005
16.6672 -1.1265
16.7021 -1.0498
16.7310 -0.9708
16.7533 -0.8910
16.7688 -0.8108
16.7778 -0.7306
16.7802 -0.6506
16.7760 -0.5713
16.7654 -0.4931
16.7486 -0.4163
16.7255 -0.3412
16.6963 -0.2683
16.6612 -0.1979
16.6204 -0.1304
16.5740 -0.0660
16.5222 -0.0052
16.4653 0.0518
16.4034 0.1047
16.3368 0.1531
16.2658 0.1970
16.1910 0.2359
16.1137 0.2693
16.0342 0.2974
15.9530 0.3201
15.8705 0.3377
15.7872 0.3503
15.7032 0.3581
15.6190 0.3613
15.5347 0.3601
15.4505 0.3548
15.3667 0.3455
15.2833 0.3326
15.2006 0.3164
15.1185 0.2970
15.0371 0.2749
14.9564 0.2502
14.8765 0.2232
14.7974 0.1941
14.7189 0.1632
14.6411 0.1305
14.5640 0.0964
14.4875 0.0609
14.4115 0.0243
14.3360 -0.0134
14.2609 -0.0518
14.1862 -0.0910
14.1118 -0.1308
14.0377 -0.1711
13.9639 -0.2119
13.8902 -0.2529
13.8166 -0.2942
13.7431 -0.3357
13.6697 -0.3773
13.5964 -0.4189
13.5230 -0.4605
13.4496 -0.5021
13.3762 -0.5436
13.3027 -0.5850
13.2290 -0.6262
13.1553 -0.6672
13.0815 -0.7080
13.0075 -0.7486
12.9334 -0.7889
12.8591 -0.8289
12.7847 -0.8685
12.7100 -0.9077
12.6351 -0.9466
12.5600 -0.9850
12.4847 -1.0230
12.4091 -1.0604
12.3332 -1.0973
12.2570 -1.1335
12.1805 -1.1690
12.1036 -1.2036
12.0263 -1.2373
11.9485 -1.2700
11.8702 -1.3015
11.7914 -1.3316
11.7121 -1.3602
11.6321 -1.3871
11.5515 -1.4120
11.4703 -1.4346
11.3884 -1.4548
11.3058 -1.4721
11.2227 -1.4862
11.1390 -1.4969
11.0550 -1.5036
10.9707 -1.5060
10.8864 -1.5038
10.8024 -1.4966
10.7190 -1.4840
10.6368 -1.4657
10.5560 -1.4413
10.4785 -1.4112
10.4052 -1.3758
10.3365 -1.3354
10.2724 -1.2901
10.2133 -1.2403
10.1593 -1.1862
10.1107 -1.1281
10.0676 -1.0665
10.0304 -1.0017
9.9991 -0.9341
9.9738 -0.8641
9.9547 -0.7921
9.9419 -0.7184
9.9354 -0.6436
9.9354 -0.5680
9.9419 -0.4920
9.9549 -0.4160
9.9743 -0.3404
10.0001 -0.2656
10.0321 -0.1918
10.0704 -0.1194
10.1148 -0.0487
10.1647 0.0193
10.2192 0.0837
10.2777 0.1445
10.3399 0.2015
10.4052 0.2548
10.4732 0.3046
10.5437 0.3509
10.6163 0.3940
10.6905 0.4340
10.7663 0.4711
10.8432 0.5057
10.9211 0.5381
10.9998 0.5685
11.0791 0.5972
11.1588 0.6246
11.2390 0.6510
11.3193 0.6767
11.3998 0.7020
11.4803 0.7272
11.5608 0.7526
11.6410 0.7785
11.7211 0.8052
11.8007 0.8330
11.8799 0.8621
11.9584 0.8928
12.0363 0.9253
12.1132 0.9599
12.1892 0.9966
12.2639 1.0356
12.3374 1.0771
12.4093 1.1212
12.4795 1.1678
12.5480 1.2172
12.6144 1.2692
12.6786 1.3239
12.7404 1.3812
12.7997 1.4412
12.8564 1.5036
12.9103 1.5685
12.9613 1.6357
13.0093 1.7050
13.0544 1.7763
13.0963 1.8495
13.1351 1.9244
13.1707 2.0008
13.2032 2.0786
13.2325 2.1577
13.2587 2.2379
13.2817 2.3190
13.3017 2.4010
13.3187 2.4836
13.3326 2.5668
13.3437 2.6504
13.3520 2.7343
13.3575 2.8185
13.3603 2.9028
13.3606 2.9871
13.3584 3.0714
13.3538 3.1557
13.3470 3.2397
13.3379 3.3236
13.3268 3.4072
13.3136 3.4905
13.2986 3.5735
13.2819 3.6562
13.2634 3.7385
13.2434 3.8205
13.2219 3.9020
13.1991 3.9832
13.1750 4.0641
13.1497 4.1446
13.1234 4.2247
13.0960 4.3045
13.0677 4.3839
13.0386 4.4631
13.0087 4.5420
12.9782 4.6207
12.9471 4.6991
12.9154 4.7773
12.8833 4.8552
12.8507 4.9331
12.8178 5.0107
12.7846 5.0883
12.7511 5.1657
12.7173 5.2430
12.6834 5.3202
12.6493 5.3974
12.6151 5.4745
12.5807 5.5515
12.5462 5.6285
12.5117 5.7055
12.4770 5.7824
12.4423 5.8593
12.4074 5.9361
12.3725 6.0129
12.3374 6.0896
12.3022 6.1662
12.2668 6.2428
12.2312 6.3193
12.1953 6.3956
12.1591 6.4718
12.1226 6.5479
12.0858 6.6238
12.0485 6.6994
12.0107 6.7749
11.9724 6.8500
11.9335 6.9249
11.8939 6.9993
11.8535 7.0734
11.8124 7.1471
11.7704 7.2202
11.7274 7.2928
11.6834 7.3648
11.6384 7.4361
11.5922 7.5067
11.5448 7.5765
11.4962 7.6454
11.4463 7.7134
11.3951 7.7804
11.3425 7.8464
11.2885 7.9112
11.2330 7.9747
11.1761 8.0370
11.1177 8.0979
11.0579 8.1573
10.9966 8.2152
10.9338 8.2715
10.8695 8.3262
10.8038 8.3790
10.7366 8.4301
10.6681 8.4792
10.5982 8.5264
10.5270 8.5716
10.4545 8.6147
10.3807 8.6557
10.3059 8.6945
10.2299 8.7311
10.1528 8.7655
10.0748 8.7976
9.9959 8.8273
9.9161 8.8548
9.8356 8.8799
9.7544 8.9027
9.6726 8.9232
9.5903 8.9417
9.5076 8.9584
9.4246 8.9733
9.3413 8.9868
9.2578 8.9986
9.1740 9.0083
9.0900 9.0160
9.0058 9.0216
8.9216 9.0248
8.8372 9.0259
8.7529 9.0248
8.6686 9.0217
8.5844 9.0169
8.5003 9.0103
8.4163 9.0020
8.3325 8.9922
8.2489 8.9809
8.1656 8.9681
8.0824 8.9540
7.9994 8.9387
7.9167 8.9222
7.8342 8.9046
7.7519 8.8860
7.6699 8.8664
7.5880 8.8460
7.5064 8.8249
7.4249 8.8030
7.3436 8.7805
7.2625 8.7574
7.1815 8.7339
7.1006 8.7099
7.0198 8.6856
6.9391 8.6610
6.8585 8.6361
6.7779 8.6111
6.6974 8.5859
6.6169 8.5607
6.5364 8.5355
6.4559 8.5103
6.3754 8.4851
6.2949 8.4600
6.2143 8.4351
6.1336 8.4103
6.0529 8.3858
5.9722 8.3614
5.8913 8.3373
5.8104 8.3134
5.7294 8.2899
5.6483 8.2666
5.5672 8.2437
5.4859 8.2211
5.4045 8.1988
5.3231 8.1768
5.2415 8.1552
5.1599 8.1339
5.0782 8.1130
4.9964 8.0924
4.9145 8.0720
4.8326 8.0520
4.7506 8.0323
4.6685 8.0128
4.5863 7.9936
4.5042 7.9746
4.4219 7.9558
4.3397 7.9371
4.2573 7.9186
4.1750 7.9002
4.0927 7.8819
4.0103 7.8637
3.9280 7.8454
3.8456 7.8272
3.7633 7.8088
3.6809 7.7904
3.5987 7.7718
3.5164 7.7530
3.4342 7.7340
3.3521 7.7147
3.2701 7.6950
3.1881 7.6750
3.1063 7.6546
3.0245 7.6337
2.9429 7.6123
2.8615 7.5904
2.7802 7.5678
2.6991 7.5446
2.6182 7.5207
2.5375 7.4960
2.4571 7.4706
2.3769 7.4443
2.2971 7.4172
2.2175 7.3892
