x y v
9.1707 9.0539 1.9595
9.0731 9.0626 1.9601
8.9753 9.0685 1.9608
8.8773 9.0717 1.9614
8.7792 9.0723 1.9620
8.6811 9.0704 1.9627
8.5831 9.0659 1.9634
8.4851 9.0591 1.9641
8.3873 9.0499 1.9649
8.2897 9.0385 1.9656
8.1924 9.0250 1.9664
8.0953 9.0093 1.9672
7.9985 8.9918 1.9681
7.9020 8.9724 1.9690
7.8058 8.9512 1.9699
7.7100 8.9285 1.9708
7.6144 8.9043 1.9718
7.5192 8.8787 1.9728
7.4242 8.8519 1.9738
7.3295 8.8240 1.9748
7.2351 8.7951 1.9758
7.1409 8.7653 1.9769
7.0468 8.7349 1.9780
6.9529 8.7038 1.9791
6.8591 8.6722 1.9802
6.7654 8.6402 1.9813
6.6717 8.6080 1.9824
6.5779 8.5756 1.9836
6.4842 8.5432 1.9849
6.3903 8.5109 1.9862
6.2963 8.4788 1.9875
6.2021 8.4470 1.9889
6.1077 8.4157 1.9903
6.0130 8.3848 1.9918
5.9182 8.3544 1.9933
5.8230 8.3245 1.9948
5.7277 8.2953 1.9964
5.6320 8.2666 1.9980
5.5361 8.2384 1.9996
5.4400 8.2109 2.0012
5.3436 8.1839 2.0029
5.2469 8.1575 2.0046
5.1501 8.1315 2.0062
5.0530 8.1061 2.0079
4.9557 8.0811 2.0096
4.8583 8.0565 2.0113
4.7606 8.0322 2.0130
4.6628 8.0083 2.0146
4.5649 7.9846 2.0163
4.4668 7.9612 2.0179
4.3685 7.9380 2.0195
4.2702 7.9149 2.0211
4.1717 7.8919 2.0227
4.0732 7.8689 2.0242
3.9746 7.8459 2.0257
3.8759 7.8228 2.0272
3.7772 7.7996 2.0287
3.6785 7.7763 2.0301
3.5797 7.7526 2.0315
3.4810 7.7287 2.0329
3.3823 7.7044 2.0343
3.2836 7.6796 2.0356
3.1849 7.6544 2.0369
3.0864 7.6285 2.0382
2.9880 7.6020 2.0395
2.8897 7.5748 2.0407
2.7915 7.5468 2.0419
2.6936 7.5178 2.0431
2.5959 7.4879 2.0443
2.4984 7.4570 2.0455
2.4013 7.4249 2.0466
2.3045 7.3917 2.0477
2.2081 7.3571 2.0489
2.1121 7.3212 2.0499
2.0166 7.2839 2.0510
1.9216 7.2451 2.0521
1.8273 7.2047 2.0531
1.7335 7.1628 2.0541
1.6405 7.1193 2.0551
1.5482 7.0741 2.0561
1.4566 7.0273 2.0571
1.3659 6.9787 2.0580
1.2761 6.9285 2.0590
1.1872 6.8765 2.0599
1.0993 6.8228 2.0608
1.0125 6.7673 2.0617
0.9267 6.7101 2.0626
0.8420 6.6512 2.0635
0.7585 6.5906 2.0643
0.6762 6.5283 2.0652
0.5951 6.4642 2.0660
0.5154 6.3985 2.0668
0.4370 6.3312 2.0676
0.3600 6.2621 2.0684
0.2845 6.1915 2.0691
0.2105 6.1192 2.0699
0.1380 6.0453 2.0706
0.0672 5.9698 2.0713
-0.0020 5.8927 2.0720
-0.0695 5.8140 2.0727
-0.1351 5.7338 2.0734
-0.1989 5.6520 2.0741
-0.2607 5.5688 2.0748
-0.3206 5.4840 2.0755
-0.3784 5.3978 2.0761
-0.4340 5.3102 2.0768
-0.4876 5.2212 2.0775
-0.5388 5.1308 2.0782
-0.5879 5.0392 2.0789
-0.6346 4.9463 2.0796
-0.6790 4.8523 2.0803
-0.7210 4.7571 2.0810
-0.7607 4.6609 2.0818
-0.7979 4.5637 2.0825
-0.8328 4.4656 2.0833
-0.8654 4.3666 2.0840
-0.8955 4.2668 2.0848
-0.9233 4.1664 2.0856
-0.9488 4.0652 2.0864
-0.9720 3.9635 2.0873
-0.9929 3.8612 2.0881
-1.0115 3.7585 2.0889
-1.0279 3.6553 2.0898
-1.0421 3.5518 2.0906
-1.0541 3.4479 2.0915
-1.0639 3.3438 2.0924
-1.0716 3.2394 2.0932
-1.0772 3.1349 2.0941
-1.0807 3.0302 2.0950
-1.0822 2.9255 2.0959
-1.0816 2.8207 2.0968
-1.0789 2.7158 2.0977
-1.0741 2.6110 2.0986
-1.0671 2.5063 2.0996
-1.0579 2.4017 2.1007
-1.0466 2.2973 2.1018
-1.0332 2.1930 2.1030
-1.0178 2.0890 2.1042
-1.0004 1.9852 2.1054
-0.9812 1.8816 2.1067
-0.9602 1.7784 2.1081
-0.9376 1.6754 2.1095
-0.9135 1.5727 2.1109
-0.8880 1.4702 2.1123
-0.8611 1.3681 2.1137
-0.8331 1.2661 2.1152
-0.8039 1.1644 2.1167
-0.7738 1.0629 2.1181
-0.7428 0.9616 2.1196
-0.7110 0.8605 2.1211
-0.6785 0.7595 2.1225
-0.6454 0.6586 2.1240
-0.6117 0.5579 2.1254
-0.5776 0.4572 2.1268
-0.5430 0.3566 2.1282
-0.5080 0.2560 2.1296
-0.4728 0.1555 2.1309
-0.4373 0.0550 2.1322
-0.4015 -0.0454 2.1335
-0.3656 -0.1459 2.1348
-0.3296 -0.2464 2.1360
-0.2934 -0.3469 2.1372
-0.2572 -0.4475 2.1384
-0.2208 -0.5481 2.1396
-0.1845 -0.6487 2.1407
-0.1482 -0.7494 2.1418
-0.1118 -0.8502 2.1428
-0.0754 -0.9510 2.1439
-0.0391 -1.0519 2.1449
-0.0027 -1.1528 2.1459
0.0337 -1.2538 2.1468
0.0700 -1.3548 2.1477
0.1065 -1.4558 2.1486
0.1429 -1.5569 2.1495
0.1795 -1.6580 2.1503
0.2162 -1.7590 2.1511
0.2531 -1.8601 2.1518
0.2902 -1.9611 2.1526
0.3276 -2.0621 2.1532
0.3653 -2.1629 2.1539
0.4034 -2.2637 2.1545
0.4420 -2.3642 2.1551
0.4812 -2.4646 2.1557
0.5210 -2.5648 2.1562
0.5616 -2.6647 2.1567
0.6030 -2.7643 2.1571
0.6454 -2.8635 2.1575
0.6888 -2.9622 2.1578
0.7334 -3.0605 2.1581
0.7793 -3.1582 2.1584
0.8266 -3.2552 2.1586
0.8754 -3.3514 2.1588
0.9260 -3.4468 2.1589
0.9783 -3.5412 2.1589
1.0326 -3.6345 2.1589
1.0890 -3.7265 2.1589
1.1477 -3.8171 2.1587
1.2087 -3.9062 2.1585
1.2721 -3.9934 2.1582
1.3383 -4.0787 2.1578
1.4071 -4.1618 2.1574
1.4788 -4.2424 2.1568
1.5534 -4.3202 2.1562
1.6310 -4.3950 2.1554
1.7117 -4.4664 2.1546
1.7954 -4.5342 2.1536
1.8821 -4.5979 2.1526
1.9719 -4.6572 2.1514
2.0646 -4.7118 2.1501
2.1600 -4.7612 2.1488
2.2579 -4.8052 2.1473
2.3582 -4.8434 2.1458
2.4606 -4.8754 2.1442
2.5646 -4.9010 2.1425
2.6700 -4.9198 2.1408
2.7763 -4.9318 2.1391
2.8831 -4.9366 2.1373
2.9899 -4.9342 2.1356
3.0962 -4.9246 2.1338
3.2011 -4.9068 2.1200
3.3015 -4.8750 2.1076
3.4004 -4.8374 2.1203
3.4985 -4.7974 2.1176
3.5938 -4.7513 2.1160
3.6859 -4.6995 2.1147
3.7747 -4.6421 2.1134
3.8596 -4.5794 2.1121
3.9405 -4.5115 2.1109
4.0169 -4.4387 2.1098
4.0885 -4.3613 2.1087
4.1553 -4.2798 2.1078
4.2169 -4.1943 2.1070
4.2733 -4.1054 2.1062
4.3244 -4.0134 2.1056
4.3702 -3.9186 2.1050
4.4105 -3.8214 2.1046
4.4456 -3.7222 2.1042
4.4754 -3.6213 2.1039
4.5001 -3.5191 2.1037
4.5198 -3.4158 2.1036
4.5346 -3.3117 2.1035
4.5447 -3.2070 2.1036
4.5504 -3.1020 2.1036
4.5516 -2.9968 2.1038
4.5488 -2.8917 2.1040
4.5420 -2.7867 2.1042
4.5314 -2.6820 2.1045
4.5173 -2.5777 2.1048
4.4999 -2.4739 2.1052
4.4793 -2.3707 2.1056
4.4556 -2.2681 2.1060
4.4290 -2.1662 2.1066
4.3998 -2.0650 2.1073
4.3680 -1.9645 2.1080
4.3340 -1.8647 2.1088
4.2980 -1.7656 2.1096
4.2602 -1.6671 2.1105
4.2209 -1.5692 2.1114
4.1802 -1.4718 2.1124
4.1383 -1.3748 2.1133
4.0954 -1.2782 2.1143
4.0518 -1.1819 2.1153
4.0075 -1.0858 2.1163
3.9628 -0.9899 2.1173
3.9177 -0.8940 2.1183
3.8725 -0.7983 2.1192
3.8271 -0.7025 2.1202
3.7819 -0.6066 2.1212
3.7367 -0.5106 2.1221
3.6919 -0.4144 2.1230
3.6474 -0.3180 2.1239
3.6034 -0.2213 2.1248
3.5600 -0.1243 2.1256
3.5172 -0.0270 2.1264
3.4752 0.0707 2.1272
3.4340 0.1688 2.1279
3.3939 0.2673 2.1286
3.3548 0.3663 2.1293
3.3168 0.4658 2.1299
3.2802 0.5658 2.1305
3.2449 0.6664 2.1311
3.2112 0.7675 2.1316
3.1791 0.8691 2.1321
3.1487 0.9713 2.1325
3.1201 1.0740 2.1329
3.0934 1.1773 2.1333
3.0689 1.2811 2.1336
3.0464 1.3854 2.1339
3.0263 1.4902 2.1342
3.0085 1.5954 2.1344
2.9933 1.7010 2.1346
2.9806 1.8070 2.1347
2.9707 1.9133 2.1348
2.9636 2.0198 2.1349
2.9594 2.1264 2.1349
2.9583 2.2332 2.1349
2.9604 2.3399 2.1348
2.9658 2.4465 2.1346
2.9745 2.5529 2.1345
2.9868 2.6589 2.1342
3.0027 2.7644 2.1340
3.0224 2.8692 2.1336
3.0459 2.9733 2.1333
3.0734 3.0763 2.1328
3.1049 3.1782 2.1323
3.1405 3.2786 2.1317
3.1804 3.3775 2.1311
3.2245 3.4744 2.1305
3.2730 3.5693 2.1297
3.3258 3.6617 2.1289
3.3830 3.7515 2.1280
3.4445 3.8382 2.1271
3.5104 3.9217 2.1262
3.5804 4.0016 2.1251
3.6547 4.0775 2.1241
3.7329 4.1493 2.1230
3.8150 4.2165 2.1218
3.9008 4.2789 2.1207
3.9900 4.3362 2.1195
4.0823 4.3881 2.1183
4.1775 4.4344 2.1171
4.2753 4.4748 2.1159
4.3753 4.5092 2.1147
4.4771 4.5374 2.1135
4.5805 4.5593 2.1123
4.6849 4.5748 2.1112
4.7900 4.5838 2.1101
4.8955 4.5864 2.1091
5.0008 4.5825 2.1081
5.1057 4.5723 2.1071
5.2099 4.5566 2.1110
5.3146 4.5428 2.1102
5.4176 4.5220 2.1001
5.5183 4.4923 2.0972
5.6163 4.4552 2.0961
5.7116 4.4116 2.0955
5.8038 4.3621 2.0950
5.8929 4.3070 2.0947
5.9786 4.2468 2.0945
6.0608 4.1819 2.0943
6.1394 4.1128 2.0942
6.2145 4.0398 2.0941
6.2859 3.9633 2.0941
6.3537 3.8835 2.0942
6.4180 3.8008 2.0942
6.4787 3.7155 2.0943
6.5359 3.6278 2.0945
6.5896 3.5379 2.0946
6.6400 3.4461 2.0948
6.6870 3.3525 2.0951
6.7308 3.2573 2.0953
6.7714 3.1608 2.0957
6.8089 3.0629 2.0960
6.8434 2.9640 2.0963
6.8748 2.8640 2.0966
6.9032 2.7630 2.0971
6.9286 2.6613 2.0976
6.9513 2.5589 2.0983
6.9714 2.4559 2.0990
6.9891 2.3524 2.0998
7.0045 2.2486 2.1006
7.0179 2.1444 2.1015
7.0294 2.0399 2.1024
7.0393 1.9352 2.1033
7.0478 1.8304 2.1043
7.0551 1.7254 2.1053
7.0615 1.6203 2.1062
7.0670 1.5151 2.1072
7.0719 1.4099 2.1082
7.0763 1.3045 2.1092
7.0805 1.1991 2.1101
7.0846 1.0937 2.1111
7.0888 0.9882 2.1120
7.0931 0.8826 2.1129
7.0978 0.7771 2.1138
7.1031 0.6715 2.1146
7.1090 0.5659 2.1155
7.1156 0.4603 2.1163
7.1232 0.3548 2.1170
7.1319 0.2493 2.1177
7.1419 0.1438 2.1184
7.1532 0.0385 2.1191
7.1660 -0.0667 2.1197
7.1805 -0.1717 2.1203
7.1967 -0.2765 2.1208
7.2149 -0.3810 2.1213
7.2352 -0.4851 2.1218
7.2576 -0.5888 2.1223
7.2823 -0.6920 2.1227
7.3094 -0.7946 2.1231
7.3391 -0.8965 2.1234
7.3713 -0.9977 2.1237
7.4062 -1.0980 2.1240
7.4439 -1.1973 2.1243
7.4843 -1.2955 2.1246
7.5277 -1.3925 2.1248
7.5739 -1.4881 2.1250
7.6231 -1.5823 2.1252
7.6753 -1.6749 2.1254
7.7304 -1.7658 2.1255
7.7884 -1.8548 2.1257
7.8494 -1.9418 2.1259
7.9133 -2.0268 2.1260
7.9801 -2.1095 2.1261
8.0497 -2.1898 2.1263
8.1221 -2.2677 2.1264
8.1971 -2.3430 2.1266
8.2747 -2.4157 2.1268
8.3549 -2.4856 2.1269
8.4375 -2.5526 2.1271
8.5223 -2.6167 2.1273
8.6094 -2.6778 2.1275
8.6985 -2.7359 2.1278
8.7896 -2.7908 2.1280
8.8825 -2.8427 2.1283
8.9772 -2.8913 2.1286
9.0734 -2.9368 2.1289
9.1711 -2.9791 2.1293
9.2701 -3.0183 2.1296
9.3703 -3.0543 2.1300
9.4716 -3.0871 2.1304
9.5739 -3.1169 2.1309
9.6771 -3.1435 2.1313
9.7810 -3.1672 2.1318
9.8856 -3.1878 2.1322
9.9907 -3.2053 2.1327
10.0964 -3.2197 2.1332
10.2025 -3.2310 2.1338
10.3089 -3.2392 2.1345
10.4155 -3.2444 2.1352
10.5222 -3.2466 2.1360
10.6291 -3.2461 2.1368
10.7359 -3.2429 2.1377
10.8421 -3.2381 2.1143
10.9476 -3.2389 2.1105
11.0530 -3.2363 2.1090
11.1582 -3.2291 2.1092
11.2632 -3.2184 2.1101
11.3678 -3.2047 2.1112
11.4721 -3.1884 2.1123
11.5761 -3.1698 2.1134
11.6798 -3.1490 2.1146
11.7831 -3.1265 2.1157
11.8861 -3.1023 2.1168
11.9888 -3.0767 2.1180
12.0913 -3.0499 2.1190
12.1936 -3.0221 2.1201
12.2956 -2.9933 2.1211
12.3975 -2.9638 2.1221
12.4992 -2.9336 2.1231
12.6008 -2.9028 2.1240
12.7024 -2.8715 2.1249
12.8038 -2.8399 2.1258
12.9052 -2.8080 2.1266
13.0066 -2.7758 2.1274
13.1079 -2.7435 2.1282
13.2093 -2.7110 2.1289
13.3107 -2.6785 2.1296
13.4121 -2.6461 2.1302
13.5136 -2.6136 2.1308
13.6151 -2.5812 2.1314
13.7167 -2.5490 2.1319
13.8183 -2.5169 2.1324
13.9201 -2.4849 2.1329
14.0219 -2.4531 2.1333
14.1238 -2.4216 2.1337
14.2257 -2.3902 2.1340
14.3278 -2.3589 2.1343
14.4299 -2.3279 2.1346
14.5321 -2.2970 2.1348
14.6343 -2.2662 2.1350
14.7365 -2.2355 2.1352
14.8388 -2.2048 2.1353
14.9410 -2.1740 2.1354
15.0432 -2.1430 2.1354
15.1452 -2.1116 2.1354
15.2471 -2.0796 2.1354
15.3487 -2.0467 2.1353
15.4499 -2.0128 2.1351
15.5505 -1.9773 2.1348
15.6505 -1.9400 2.1343
15.7496 -1.9003 2.1337
15.8475 -1.8579 2.1329
15.9438 -1.8122 2.1318
16.0382 -1.7629 2.1305
16.1303 -1.7094 2.1288
16.2194 -1.6513 2.1268
16.3051 -1.5883 2.1245
16.3865 -1.5202 2.1218
16.4629 -1.4468 2.1187
16.5337 -1.3681 2.1153
16.5978 -1.2842 2.1117
16.6547 -1.1953 2.1077
16.7034 -1.1020 2.1036
16.7432 -1.0048 2.0993
16.7735 -0.9045 2.0950
16.7938 -0.8018 2.0906
16.8038 -0.6979 2.0863
16.8031 -0.5938 2.0821
16.7919 -0.4904 2.0781
16.7701 -0.3890 2.0742
16.7380 -0.2905 2.0706
16.6962 -0.1959 2.0673
16.6452 -0.1061 2.0642
16.5857 -0.0220 2.0615
16.5183 0.0559 2.0590
16.4440 0.1270 2.0568
16.3635 0.1909 2.0549
16.2778 0.2474 2.0532
16.1876 0.2962 2.0518
16.0937 0.3374 2.0507
15.9968 0.3710 2.0497
15.8978 0.3971 2.0489
15.7972 0.4160 2.0482
15.6955 0.4279 2.0478
15.5932 0.4331 2.0475
15.4909 0.4320 2.0472
15.3888 0.4248 2.0469
15.2873 0.4117 2.0468
15.1867 0.3933 2.0469
15.0871 0.3699 2.0472
14.9886 0.3419 2.0477
14.8914 0.3098 2.0482
14.7954 0.2740 2.0489
14.7006 0.2351 2.0496
14.6070 0.1933 2.0503
14.5145 0.1492 2.0510
14.4229 0.1029 2.0518
14.3322 0.0550 2.0526
14.2422 0.0056 2.0533
14.1529 -0.0449 2.0540
14.0640 -0.0964 2.0547
13.9754 -0.1485 2.0554
13.8872 -0.2012 2.0561
13.7991 -0.2542 2.0567
13.7111 -0.3075 2.0573
13.6231 -0.3607 2.0578
13.5350 -0.4140 2.0584
13.4469 -0.4672 2.0589
13.3586 -0.5201 2.0593
13.2701 -0.5728 2.0598
13.1814 -0.6251 2.0602
13.0924 -0.6771 2.0605
13.0032 -0.7286 2.0608
12.9137 -0.7797 2.0611
12.8240 -0.8303 2.0613
12.7339 -0.8804 2.0615
12.6435 -0.9299 2.0616
12.5527 -0.9788 2.0617
12.4616 -1.0271 2.0618
12.3702 -1.0747 2.0618
12.2783 -1.1214 2.0618
12.1860 -1.1673 2.0617
12.0931 -1.2120 2.0616
11.9996 -1.2555 2.0614
11.9055 -1.2974 2.0611
11.8106 -1.3375 2.0607
11.7147 -1.3753 2.0601
11.6179 -1.4105 2.0594
11.5201 -1.4425 2.0584
11.4212 -1.4708 2.0572
11.3212 -1.4947 2.0557
11.2202 -1.5138 2.0538
11.1185 -1.5273 2.0516
11.0163 -1.5346 2.0491
10.9139 -1.5350 2.0461
10.8119 -1.5280 2.0428
10.7110 -1.5130 2.0391
10.6119 -1.4897 2.0351
10.5154 -1.4577 2.0308
10.4226 -1.4169 2.0263
10.3344 -1.3673 2.0217
10.2518 -1.3093 2.0170
10.1759 -1.2431 2.0123
10.1077 -1.1694 2.0077
10.0479 -1.0890 2.0032
9.9972 -1.0027 1.9990
9.9563 -0.9117 1.9951
9.9256 -0.8169 1.9914
9.9051 -0.7196 1.9881
9.8951 -0.6208 1.9851
9.8953 -0.5217 1.9826
9.9055 -0.4232 1.9803
9.9252 -0.3263 1.9784
9.9540 -0.2317 1.9763
9.9915 -0.1404 1.9744
10.0371 -0.0529 1.9729
10.0902 0.0301 1.9718
10.1500 0.1084 1.9712
10.2158 0.1817 1.9710
10.2868 0.2500 1.9710
10.3623 0.3133 1.9712
10.4417 0.3718 1.9717
10.5243 0.4256 1.9722
10.6096 0.4751 1.9729
10.6971 0.5206 1.9736
10.7864 0.5626 1.9744
10.8771 0.6014 1.9751
10.9691 0.6376 1.9759
11.0619 0.6715 1.9766
11.1554 0.7036 1.9773
11.2493 0.7344 1.9780
11.3436 0.7644 1.9786
11.4380 0.7939 1.9791
11.5325 0.8233 1.9795
11.6269 0.8532 1.9799
11.7210 0.8838 1.9801
11.8148 0.9157 1.9803
11.9080 0.9490 1.9804
12.0005 0.9843 1.9803
12.0921 1.0219 1.9802
12.1826 1.0620 1.9799
12.2718 1.1049 1.9795
12.3594 1.1510 1.9791
12.4451 1.2004 1.9786
12.5288 1.2532 1.9780
12.6099 1.3096 1.9774
12.6884 1.3697 1.9767
12.7639 1.4335 1.9761
12.8362 1.5008 1.9754
12.9049 1.5717 1.9748
12.9699 1.6460 1.9742
13.0310 1.7236 1.9736
13.0879 1.8042 1.9732
13.1405 1.8876 1.9727
13.1887 1.9736 1.9724
13.2324 2.0620 1.9721
13.2716 2.1525 1.9718
13.3063 2.2447 1.9717
13.3364 2.3386 1.9716
13.3620 2.4338 1.9716
13.3833 2.5300 1.9716
13.4002 2.6271 1.9717
13.4128 2.7249 1.9719
13.4214 2.8231 1.9721
13.4260 2.9216 1.9724
13.4269 3.0202 1.9727
13.4240 3.1188 1.9730
13.4177 3.2173 1.9734
13.4080 3.3155 1.9739
13.3952 3.4133 1.9744
13.3795 3.5108 1.9749
13.3609 3.6078 1.9754
13.3398 3.7043 1.9760
13.3162 3.8002 1.9766
13.2903 3.8956 1.9773
13.2622 3.9905 1.9780
13.2322 4.0847 1.9788
13.2003 4.1784 1.9796
13.1667 4.2715 1.9805
13.1317 4.3641 1.9815
13.0953 4.4563 1.9825
13.0577 4.5481 1.9835
13.0191 4.6395 1.9846
12.9797 4.7305 1.9857
12.9395 4.8214 1.9868
12.8987 4.9120 1.9879
12.8574 5.0024 1.9891
12.8156 5.0927 1.9902
12.7735 5.1829 1.9914
12.7311 5.2730 1.9926
12.6885 5.3631 1.9937
12.6457 5.4532 1.9949
12.6027 5.5432 1.9960
12.5596 5.6333 1.9972
12.5164 5.7233 1.9983
12.4730 5.8133 1.9994
12.4295 5.9034 2.0005
12.3858 5.9934 2.0016
12.3419 6.0834 2.0026
12.2978 6.1733 2.0036
12.2535 6.2631 2.0046
12.2088 6.3529 2.0056
12.1637 6.4425 2.0065
12.1182 6.5319 2.0074
12.0722 6.6212 2.0083
12.0256 6.7102 2.0091
11.9784 6.7988 2.0099
11.9305 6.8872 2.0107
11.8817 6.9751 2.0114
11.8321 7.0626 2.0121
11.7814 7.1496 2.0128
11.7297 7.2359 2.0135
11.6768 7.3216 2.0141
11.6226 7.4065 2.0147
11.5671 7.4906 2.0152
11.5102 7.5737 2.0157
11.4517 7.6558 2.0162
11.3916 7.7368 2.0166
11.3299 7.8165 2.0171
11.2666 7.8951 2.0176
11.2017 7.9723 2.0178
11.1350 8.0480 2.0181
11.0663 8.1219 2.0183
10.9957 8.1940 2.0185
10.9230 8.2640 2.0187
10.8482 8.3318 2.0189
10.7713 8.3972 2.0191
10.6923 8.4601 2.0192
10.6113 8.5203 2.0194
10.5283 8.5777 2.0195
10.4432 8.6322 2.0197
10.3563 8.6837 2.0199
10.2677 8.7320 2.0201
10.1773 8.7772 2.0204
10.0854 8.8191 2.0206
9.9921 8.8578 2.0209
9.8974 8.8932 2.0213
9.8016 8.9252 2.0216
9.7047 8.9540 2.0220
9.6068 8.9795 2.0224
9.5082 9.0018 2.0229
9.4089 9.0209 2.0234
9.3090 9.0369 2.0239
