x y
6.3144 8.4242
6.2801 8.3717
6.2457 8.3192
6.2111 8.2667
6.1764 8.2143
6.1221 8.1861
6.0647 8.1617
6.0073 8.1373
5.9499 8.1129
5.8924 8.0886
5.8348 8.0643
5.7772 8.0401
5.7195 8.0161
5.6617 7.9922
5.6038 7.9684
5.5458 7.9448
5.4876 7.9214
5.4294 7.8983
5.3709 7.8754
5.3123 7.8529
5.2534 7.8307
5.1944 7.8088
5.1351 7.7874
5.0755 7.7664
5.0157 7.7459
4.9556 7.7258
4.8952 7.7063
4.8346 7.6873
4.7737 7.6688
4.7125 7.6508
4.6511 7.6333
4.5894 7.6163
4.5276 7.5998
4.4655 7.5837
4.4033 7.5680
4.3409 7.5527
4.2785 7.5377
4.2159 7.5230
4.1533 7.5086
4.0907 7.4944
4.0280 7.4804
3.9654 7.4665
3.9029 7.4528
3.8405 7.4391
3.7783 7.4255
3.7162 7.4120
3.6543 7.3985
3.5925 7.3849
3.5308 7.3713
3.4693 7.3576
3.4080 7.3439
3.3468 7.3300
3.2859 7.3160
3.2250 7.3019
3.1644 7.2876
3.1040 7.2730
3.0437 7.2583
2.9837 7.2432
2.9238 7.2278
2.8642 7.2121
2.8047 7.1960
2.7454 7.1794
2.6864 7.1623
2.6275 7.1448
2.5690 7.1266
2.5106 7.1079
2.4525 7.0885
2.3948 7.0685
2.3375 7.0479
2.2805 7.0267
2.2240 7.0048
2.1680 6.9824
2.1123 6.9593
2.0570 6.9357
2.0020 6.9115
1.9474 6.8869
1.8930 6.8617
1.8389 6.8362
1.7850 6.8102
1.7312 6.7839
1.6777 6.7573
1.6246 6.7307
1.5718 6.7039
1.5192 6.6771
1.4669 6.6503
1.4148 6.6235
1.3629 6.5967
1.3112 6.5700
1.2596 6.5433
1.2081 6.5167
1.1568 6.4902
1.1055 6.4637
1.0542 6.4373
1.0030 6.4109
0.9518 6.3845
0.9006 6.3581
0.8494 6.3317
0.7982 6.3053
0.7470 6.2787
0.6958 6.2521
0.6446 6.2252
0.5935 6.1981
0.5424 6.1706
0.4913 6.1428
0.4404 6.1144
0.3897 6.0856
0.3392 6.0560
0.2889 6.0258
0.2389 5.9947
0.1893 5.9628
0.1401 5.9298
0.0914 5.8957
0.0433 5.8605
-0.0042 5.8241
-0.0511 5.7864
-0.0971 5.7472
-0.1423 5.7067
-0.1866 5.6647
-0.2255 5.6142
-0.2628 5.5619
-0.2993 5.5090
-0.3350 5.4556
-0.3699 5.4016
-0.4039 5.3471
-0.4371 5.2920
-0.4694 5.2364
-0.5008 5.1804
-0.5313 5.1238
-0.5609 5.0668
-0.5897 5.0093
-0.6175 4.9513
-0.6444 4.8930
-0.6704 4.8342
-0.6954 4.7750
-0.7196 4.7154
-0.7429 4.6555
-0.7647 4.5953
-0.7777 4.5351
-0.7899 4.4749
-0.8008 4.4146
-0.8105 4.3543
-0.8191 4.2940
-0.8265 4.2337
-0.8327 4.1736
-0.8377 4.1135
-0.8416 4.0535
-0.8442 3.9936
-0.8457 3.9339
-0.8458 3.8744
-0.8447 3.8152
-0.8424 3.7562
-0.8387 3.6975
-0.8337 3.6392
-0.8275 3.5812
-0.8199 3.5236
-0.8111 3.4665
-0.8010 3.4097
-0.7897 3.3534
-0.7773 3.2976
-0.7638 3.2423
-0.7492 3.1874
-0.7336 3.1330
-0.7171 3.0791
-0.6997 3.0257
-0.6816 2.9727
-0.6627 2.9201
-0.6431 2.8680
-0.6230 2.8163
-0.6023 2.7650
-0.5965 2.7076
-0.5934 2.6488
-0.5897 2.5899
-0.5853 2.5311
-0.5802 2.4722
-0.5744 2.4133
-0.5679 2.3543
-0.5608 2.2954
-0.5531 2.2364
-0.5447 2.1774
-0.5356 2.1184
-0.5260 2.0594
-0.5158 2.0004
-0.5050 1.9413
-0.4936 1.8823
-0.4816 1.8232
-0.4691 1.7641
-0.4561 1.7050
-0.4426 1.6459
-0.4286 1.5868
-0.4141 1.5276
-0.3991 1.4684
-0.3837 1.4093
-0.3678 1.3501
-0.3516 1.2908
-0.3349 1.2316
-0.3178 1.1723
-0.3004 1.1130
-0.2826 1.0537
-0.2645 0.9943
-0.2461 0.9349
-0.2273 0.8754
-0.2083 0.8160
-0.1890 0.7564
-0.1694 0.6969
-0.1497 0.6372
-0.1297 0.5776
-0.1094 0.5178
-0.0890 0.4581
-0.0684 0.3983
-0.0477 0.3384
-0.0268 0.2784
-0.0058 0.2184
0.0154 0.1584
0.0366 0.0983
0.0579 0.0381
0.0794 -0.0222
0.1008 -0.0825
0.1224 -0.1428
0.1440 -0.2033
0.1656 -0.2637
0.1872 -0.3243
0.2088 -0.3848
0.2305 -0.4455
0.2522 -0.5062
0.2738 -0.5669
0.2954 -0.6277
0.3170 -0.6885
0.3386 -0.7493
0.3601 -0.8102
0.3816 -0.8711
0.4031 -0.9320
0.4245 -0.9929
0.4458 -1.0538
0.4672 -1.1148
0.4884 -1.1757
0.5097 -1.2366
0.5309 -1.2974
0.5520 -1.3582
0.5732 -1.4190
0.5943 -1.4797
0.6154 -1.5404
0.6364 -1.6009
0.6575 -1.6614
0.6786 -1.7217
0.6997 -1.7820
0.7208 -1.8421
0.7420 -1.9021
0.7632 -1.9619
0.7845 -2.0216
0.8059 -2.0810
0.8274 -2.1403
0.8489 -2.1994
0.8707 -2.2582
0.8925 -2.3168
0.9146 -2.3751
0.9368 -2.4331
0.9593 -2.4909
0.9820 -2.5483
1.0050 -2.6054
1.0282 -2.6622
1.0517 -2.7185
1.0756 -2.7745
1.0997 -2.8301
1.1243 -2.8853
1.1492 -2.9400
1.1746 -2.9942
1.2004 -3.0480
1.2266 -3.1012
1.2533 -3.1539
1.2805 -3.2061
1.3083 -3.2576
1.3365 -3.3086
1.3654 -3.3589
1.3948 -3.4086
1.4247 -3.4576
1.4553 -3.5059
1.4866 -3.5535
1.5184 -3.6004
1.5509 -3.6464
1.5808 -3.6927
1.6022 -3.7414
1.6259 -3.7891
1.6515 -3.8359
1.6790 -3.8818
1.7086 -3.9265
1.7405 -3.9700
1.7747 -4.0119
1.8112 -4.0521
1.8501 -4.0906
1.8910 -4.1268
1.9331 -4.1604
1.9762 -4.1912
2.0203 -4.2195
2.0650 -4.2453
2.1103 -4.2689
2.1559 -4.2902
2.2018 -4.3095
2.2479 -4.3268
2.2940 -4.3423
2.3401 -4.3561
2.3861 -4.3682
2.4312 -4.3867
2.4767 -4.4036
2.5223 -4.4187
2.5681 -4.4321
2.6141 -4.4437
2.6601 -4.4534
2.7062 -4.4613
2.7522 -4.4674
2.7982 -4.4716
2.8440 -4.4739
2.8897 -4.4743
2.9352 -4.4728
2.9804 -4.4695
3.0253 -4.4642
3.0699 -4.4571
3.1140 -4.4481
3.1577 -4.4372
3.2008 -4.4244
3.2434 -4.4099
3.2853 -4.3935
3.3264 -4.3753
3.3668 -4.3554
3.4063 -4.3338
3.4449 -4.3104
3.4826 -4.2854
3.5194 -4.2587
3.5551 -4.2304
3.5898 -4.2005
3.6235 -4.1690
3.6560 -4.1361
3.6873 -4.1017
3.7174 -4.0660
3.7462 -4.0289
3.7738 -3.9906
3.8000 -3.9510
3.8249 -3.9102
3.8484 -3.8683
3.8707 -3.8253
3.8915 -3.7812
3.9110 -3.7361
3.9291 -3.6900
3.9458 -3.6431
3.9611 -3.5953
3.9750 -3.5468
3.9875 -3.4976
3.9986 -3.4478
4.0083 -3.3973
4.0166 -3.3463
4.0236 -3.2947
4.0292 -3.2426
4.0335 -3.1900
4.0365 -3.1370
4.0382 -3.0836
4.0387 -3.0299
4.0379 -2.9759
4.0359 -2.9216
4.0326 -2.8671
4.0282 -2.8124
4.0227 -2.7574
4.0160 -2.7023
4.0083 -2.6470
3.9994 -2.5916
3.9896 -2.5361
3.9787 -2.4804
3.9669 -2.4246
3.9541 -2.3688
3.9404 -2.3128
3.9258 -2.2568
3.9104 -2.2008
3.8941 -2.1447
3.8771 -2.0885
3.8593 -2.0323
3.8407 -1.9761
3.8215 -1.9199
3.8016 -1.8636
3.7811 -1.8073
3.7599 -1.7509
3.7382 -1.6945
3.7159 -1.6380
3.6930 -1.5815
3.6697 -1.5248
3.6459 -1.4681
3.6217 -1.4114
3.5971 -1.3545
3.5721 -1.2976
3.5468 -1.2406
3.5212 -1.1834
3.4953 -1.1262
3.4691 -1.0688
3.4427 -1.0112
3.4160 -0.9536
3.3893 -0.8957
3.3623 -0.8377
3.3353 -0.7794
3.3081 -0.7210
3.2809 -0.6624
3.2539 -0.6035
3.2320 -0.5442
3.2098 -0.4846
3.1874 -0.4249
3.1649 -0.3649
3.1422 -0.3047
3.1193 -0.2443
3.0963 -0.1836
3.0731 -0.1227
3.0498 -0.0615
3.0264 -0.0001
3.0029 0.0617
2.9794 0.1237
2.9559 0.1861
2.9324 0.2487
2.9090 0.3118
2.8857 0.3751
2.8627 0.4389
2.8399 0.5029
2.8175 0.5670
2.7954 0.6313
2.7736 0.6958
2.7523 0.7605
2.7313 0.8253
2.7106 0.8902
2.6903 0.9552
2.6702 1.0203
2.6504 1.0853
2.6307 1.1504
2.6113 1.2155
2.5919 1.2806
2.6211 1.3399
2.6509 1.3985
2.6815 1.4564
2.7127 1.5137
2.7446 1.5702
2.7772 1.6260
2.8104 1.6810
2.8444 1.7351
2.8790 1.7885
2.9143 1.8409
2.9483 1.8931
2.9440 1.9572
2.9408 2.0214
2.9387 2.0857
2.9377 2.1499
2.9379 2.2142
2.9392 2.2784
2.9416 2.3427
2.9453 2.4068
2.9502 2.4709
2.9563 2.5349
2.9637 2.5987
2.9724 2.6624
2.9824 2.7259
2.9937 2.7891
3.0064 2.8521
3.0205 2.9148
3.0360 2.9772
3.0529 3.0392
3.0713 3.1008
3.0911 3.1619
3.1125 3.2225
3.1353 3.2826
3.1596 3.3421
3.1855 3.4009
3.2129 3.4590
3.2419 3.5164
3.2725 3.5729
3.3046 3.6285
3.3383 3.6832
3.3736 3.7369
3.4105 3.7896
3.4489 3.8410
3.4890 3.8913
3.5306 3.9403
3.5737 3.9879
3.6184 4.0341
3.6646 4.0788
3.7122 4.1219
3.7613 4.1634
3.8117 4.2032
3.8635 4.2412
3.9166 4.2774
3.9710 4.3116
4.0265 4.3439
4.0832 4.3742
4.1409 4.4023
4.1997 4.4284
4.2594 4.4522
4.3199 4.4737
4.3812 4.4930
4.4432 4.5100
4.5057 4.5246
4.5688 4.5368
4.6323 4.5466
4.6961 4.5540
4.7602 4.5589
4.8244 4.5614
4.8886 4.5614
4.9528 4.5590
5.0169 4.5542
5.0808 4.5470
5.1443 4.5373
5.2074 4.5253
5.2700 4.5110
5.3321 4.4943
5.3935 4.4754
5.4542 4.4543
5.5141 4.4310
5.5731 4.4057
5.6312 4.3783
5.6884 4.3489
5.7445 4.3175
5.7995 4.2844
5.8534 4.2494
5.9061 4.2126
5.9576 4.1742
6.0079 4.1342
6.0569 4.0926
6.1046 4.0496
6.1511 4.0051
6.1962 3.9594
6.2400 3.9124
6.2824 3.8641
6.3235 3.8147
6.3633 3.7642
6.4017 3.7127
6.4388 3.6602
6.4745 3.6068
6.5089 3.5525
6.5419 3.4974
6.5737 3.4415
6.6041 3.3849
6.6333 3.3277
6.6612 3.2698
6.6878 3.2113
6.7132 3.1522
6.7374 3.0927
6.7604 3.0327
6.7822 2.9722
6.8028 2.9113
6.8224 2.8501
6.8408 2.7886
6.8582 2.7267
6.8746 2.6645
6.8900 2.6021
6.9044 2.5395
6.9179 2.4767
6.9305 2.4136
6.9422 2.3504
6.9531 2.2871
6.9632 2.2236
6.9725 2.1600
6.9811 2.0964
6.9890 2.0326
6.9963 1.9687
7.0030 1.9048
7.0091 1.8408
7.0146 1.7768
7.0198 1.7127
7.0244 1.6486
7.0287 1.5845
7.0326 1.5203
7.0361 1.4561
7.0394 1.3920
7.0425 1.3278
7.0453 1.2636
7.0481 1.1993
7.0506 1.1351
7.0531 1.0709
7.0556 1.0067
7.0581 0.9424
7.0607 0.8782
7.0633 0.8140
7.0661 0.7498
7.0690 0.6856
7.0722 0.6214
7.0756 0.5572
7.0793 0.4930
7.0833 0.4289
7.0877 0.3648
7.0926 0.3007
7.0978 0.2366
7.1036 0.1726
7.1099 0.1087
7.1168 0.0448
7.1242 -0.0191
7.1323 -0.0828
7.1411 -0.1465
7.1506 -0.2101
7.1608 -0.2735
7.1718 -0.3369
7.1836 -0.4000
7.1962 -0.4631
7.2097 -0.5259
7.2240 -0.5885
7.2393 -0.6510
7.2555 -0.7132
7.2726 -0.7751
7.2907 -0.8368
7.3098 -0.8982
7.3299 -0.9592
7.3510 -1.0199
7.3731 -1.0803
7.3962 -1.1402
7.4204 -1.1998
7.4457 -1.2589
7.4720 -1.3175
7.4994 -1.3756
7.5279 -1.4333
7.5574 -1.4903
7.5880 -1.5469
7.6197 -1.6028
7.6524 -1.6581
7.6862 -1.7127
7.7211 -1.7667
7.7571 -1.8200
7.7941 -1.8726
7.8321 -1.9243
7.8712 -1.9753
7.9113 -2.0255
7.9525 -2.0749
7.9947 -2.1234
8.0379 -2.1710
8.0821 -2.2176
8.1272 -2.2634
8.1733 -2.3082
8.2204 -2.3520
8.2683 -2.3948
8.3171 -2.4366
8.3668 -2.4774
8.4173 -2.5170
8.4687 -2.5557
8.5209 -2.5932
8.5738 -2.6296
8.6276 -2.6649
8.6820 -2.6991
8.7371 -2.7321
8.7929 -2.7640
8.8493 -2.7948
8.9064 -2.8244
8.9640 -2.8529
9.0222 -2.8802
9.0809 -2.9064
9.1401 -2.9314
9.1997 -2.9553
9.2598 -2.9781
9.3204 -2.9997
9.3813 -3.0202
9.4426 -3.0395
9.5042 -3.0578
9.5661 -3.0749
9.6284 -3.0910
9.6909 -3.1059
9.7536 -3.1198
9.8166 -3.1326
9.8798 -3.1444
9.9432 -3.1552
10.0067 -3.1649
10.0704 -3.1736
10.1342 -3.1813
10.1981 -3.1880
10.2621 -3.1937
10.3262 -3.1985
10.3904 -3.2023
10.4546 -3.2052
10.5188 -3.2072
10.5831 -3.2083
10.6473 -3.2085
10.7116 -3.2078
10.7759 -3.2063
10.8401 -3.2039
10.9043 -3.2007
10.9684 -3.1967
11.0325 -3.1919
11.0966 -3.1863
11.1605 -3.1800
11.2244 -3.1730
11.2882 -3.1652
11.3519 -3.1568
11.4156 -3.1477
11.4791 -3.1379
11.5425 -3.1276
11.6058 -3.1166
11.6691 -3.1050
11.7322 -3.0928
11.7952 -3.0802
11.8581 -3.0670
11.9209 -3.0532
11.9836 -3.0391
12.0461 -3.0244
12.1086 -3.0094
12.1710 -2.9939
12.2333 -2.9781
12.2955 -2.9619
12.3576 -2.9453
12.4196 -2.9285
12.4816 -2.9113
12.5434 -2.8939
12.6052 -2.8762
12.6670 -2.8583
12.7286 -2.8402
12.7902 -2.8219
12.8518 -2.8035
12.9133 -2.7849
12.9748 -2.7661
13.0363 -2.7473
13.0977 -2.7283
13.1591 -2.7093
13.2204 -2.6902
13.2818 -2.6711
13.3431 -2.6519
13.4045 -2.6327
13.4658 -2.6136
13.5272 -2.5944
13.5885 -2.5753
13.6499 -2.5562
13.7113 -2.5372
13.7727 -2.5182
13.8342 -2.4994
13.8956 -2.4806
13.9571 -2.4619
14.0186 -2.4433
14.0802 -2.4247
14.1418 -2.4063
14.2034 -2.3880
14.2650 -2.3697
14.3266 -2.3516
14.3883 -2.3335
14.4500 -2.3155
14.5117 -2.2975
14.5735 -2.2796
14.6352 -2.2618
14.6969 -2.2439
14.7587 -2.2260
14.8204 -2.2080
14.8821 -2.1900
14.9437 -2.1718
15.0053 -2.1535
15.0669 -2.1350
15.1284 -2.1162
15.1897 -2.0972
15.2510 -2.0777
15.3121 -2.0578
15.3731 -2.0375
15.4338 -2.0166
15.4944 -1.9950
15.5547 -1.9727
15.6147 -1.9496
15.6743 -1.9257
15.7336 -1.9008
15.7924 -1.8748
15.8507 -1.8477
15.9084 -1.8194
15.9654 -1.7898
16.0217 -1.7588
16.0771 -1.7263
16.1316 -1.6922
16.1851 -1.6565
16.2373 -1.6191
16.2882 -1.5799
16.3377 -1.5388
16.3855 -1.4959
16.4315 -1.4510
16.4756 -1.4042
16.5175 -1.3555
16.5570 -1.3048
16.5940 -1.2522
16.6282 -1.1978
16.6594 -1.1417
16.6875 -1.0838
16.7121 -1.0245
16.7332 -0.9638
16.7506 -0.9020
16.7641 -0.8391
16.7736 -0.7756
16.7789 -0.7116
16.7801 -0.6474
16.7771 -0.5832
16.7697 -0.5194
16.7582 -0.4562
16.7424 -0.3940
16.7225 -0.3329
16.6985 -0.2733
16.6706 -0.2155
16.6390 -0.1596
16.6037 -0.1059
16.5650 -0.0547
16.5230 -0.0061
16.4781 0.0398
16.4303 0.0827
16.3800 0.1226
16.3274 0.1594
16.2727 0.1931
16.2162 0.2236
16.1580 0.2509
16.0985 0.2751
16.0379 0.2962
15.9762 0.3142
15.9137 0.3292
15.8506 0.3412
15.7870 0.3504
15.7231 0.3567
15.6590 0.3604
15.5947 0.3614
15.5305 0.3600
15.4664 0.3561
15.4024 0.3499
15.3387 0.3416
15.2753 0.3312
15.2122 0.3188
15.1495 0.3047
15.0873 0.2889
15.0254 0.2715
14.9640 0.2526
14.9029 0.2324
14.8424 0.2109
14.7822 0.1883
14.7225 0.1646
14.6631 0.1399
14.6042 0.1144
14.5456 0.0880
14.4873 0.0608
14.4294 0.0330
14.3717 0.0046
14.3143 -0.0243
14.2572 -0.0537
14.2003 -0.0836
14.1435 -0.1138
14.0870 -0.1443
14.0305 -0.1751
13.9743 -0.2061
13.9181 -0.2373
13.8620 -0.2687
13.8060 -0.3002
13.7500 -0.3318
13.6941 -0.3635
13.6382 -0.3952
13.5823 -0.4269
13.5264 -0.4586
13.4705 -0.4903
13.4145 -0.5220
13.3585 -0.5536
13.3025 -0.5851
13.2465 -0.6165
13.1903 -0.6478
13.1341 -0.6790
13.0779 -0.7101
13.0215 -0.7410
12.9651 -0.7717
12.9086 -0.8023
12.8519 -0.8327
12.7952 -0.8629
12.7383 -0.8929
12.6814 -0.9227
12.6243 -0.9522
12.5671 -0.9814
12.5097 -1.0104
12.4522 -1.0391
12.3945 -1.0675
12.3367 -1.0956
12.2787 -1.1233
12.2205 -1.1505
12.1621 -1.1773
12.1034 -1.2037
12.0446 -1.2294
11.9854 -1.2546
11.9260 -1.2792
11.8663 -1.3030
11.8064 -1.3260
11.7460 -1.3482
11.6854 -1.3694
11.6243 -1.3896
11.5629 -1.4086
11.5012 -1.4263
11.4390 -1.4427
11.3765 -1.4575
11.3136 -1.4706
11.2503 -1.4819
11.1868 -1.4913
11.1229 -1.4985
11.0588 -1.5034
10.9946 -1.5058
10.9304 -1.5056
10.8662 -1.5026
10.8022 -1.4966
10.7387 -1.4875
10.6756 -1.4751
10.6134 -1.4593
10.5521 -1.4400
10.4921 -1.4170
