x y v
9.1044 9.0603 2.1176
8.9988 9.0676 2.1181
8.8929 9.0717 2.1186
8.7870 9.0728 2.1191
8.6811 9.0709 2.1197
8.5752 9.0661 2.1202
8.4694 9.0584 2.1208
8.3639 9.0481 2.1215
8.2586 9.0352 2.1222
8.1536 9.0198 2.1229
8.0489 9.0020 2.1237
7.9446 8.9821 2.1244
7.8407 8.9601 2.1253
7.7371 8.9361 2.1261
7.6339 8.9104 2.1270
7.5311 8.8832 2.1279
7.4287 8.8544 2.1289
7.3265 8.8244 2.1299
7.2247 8.7933 2.1308
7.1230 8.7611 2.1319
7.0216 8.7282 2.1329
6.9204 8.6946 2.1339
6.8193 8.6604 2.1350
6.7182 8.6259 2.1361
6.6172 8.5912 2.1373
6.5161 8.5565 2.1385
6.4149 8.5219 2.1398
6.3136 8.4875 2.1411
6.2120 8.4534 2.1424
6.1103 8.4198 2.1438
6.0083 8.3866 2.1452
5.9061 8.3540 2.1467
5.8036 8.3220 2.1482
5.7008 8.2906 2.1497
5.5978 8.2599 2.1512
5.4945 8.2298 2.1527
5.3910 8.2003 2.1543
5.2872 8.1714 2.1558
5.1831 8.1431 2.1574
5.0788 8.1153 2.1590
4.9743 8.0881 2.1606
4.8696 8.0613 2.1622
4.7647 8.0349 2.1637
4.6597 8.0090 2.1653
4.5545 7.9833 2.1668
4.4491 7.9580 2.1683
4.3436 7.9328 2.1698
4.2380 7.9078 2.1713
4.1323 7.8829 2.1727
4.0265 7.8580 2.1741
3.9206 7.8331 2.1755
3.8148 7.8081 2.1769
3.7088 7.7830 2.1782
3.6029 7.7575 2.1795
3.4970 7.7318 2.1808
3.3911 7.7057 2.1820
3.2852 7.6790 2.1833
3.1795 7.6519 2.1845
3.0738 7.6240 2.1856
2.9683 7.5954 2.1868
2.8630 7.5659 2.1879
2.7579 7.5355 2.1891
2.6530 7.5041 2.1901
2.5485 7.4715 2.1912
2.4442 7.4376 2.1923
2.3404 7.4024 2.1933
2.2370 7.3658 2.1943
2.1341 7.3277 2.1952
2.0317 7.2880 2.1962
1.9300 7.2467 2.1971
1.8289 7.2036 2.1980
1.7286 7.1587 2.1989
1.6290 7.1120 2.1998
1.5303 7.0634 2.2007
1.4325 7.0129 2.2015
1.3357 6.9605 2.2023
1.2399 6.9062 2.2031
1.1452 6.8499 2.2039
1.0516 6.7916 2.2047
0.9593 6.7314 2.2054
0.8682 6.6692 2.2062
0.7784 6.6051 2.2069
0.6901 6.5390 2.2076
0.6031 6.4709 2.2083
0.5177 6.4010 2.2090
0.4338 6.3291 2.2097
0.3515 6.2554 2.2103
0.2709 6.1797 2.2109
0.1920 6.1023 2.2115
0.1150 6.0229 2.2121
0.0399 5.9417 2.2127
-0.0333 5.8587 2.2133
-0.1045 5.7740 2.2139
-0.1735 5.6874 2.2144
-0.2403 5.5991 2.2150
-0.3048 5.5091 2.2155
-0.3670 5.4174 2.2161
-0.4268 5.3241 2.2166
-0.4841 5.2292 2.2172
-0.5389 5.1328 2.2177
-0.5911 5.0350 2.2183
-0.6406 4.9357 2.2189
-0.6875 4.8352 2.2195
-0.7317 4.7334 2.2201
-0.7732 4.6304 2.2207
-0.8121 4.5264 2.2214
-0.8482 4.4213 2.2220
-0.8816 4.3154 2.2227
-0.9124 4.2086 2.2234
-0.9406 4.1010 2.2241
-0.9661 3.9927 2.2248
-0.9890 3.8839 2.2255
-1.0094 3.7745 2.2262
-1.0272 3.6646 2.2269
-1.0425 3.5543 2.2277
-1.0553 3.4436 2.2284
-1.0656 3.3326 2.2292
-1.0736 3.2214 2.2300
-1.0791 3.1101 2.2308
-1.0823 2.9986 2.2316
-1.0830 2.8870 2.2324
-1.0813 2.7753 2.2332
-1.0772 2.6637 2.2340
-1.0705 2.5522 2.2350
-1.0613 2.4408 2.2359
-1.0497 2.3296 2.2370
-1.0357 2.2186 2.2381
-1.0195 2.1079 2.2392
-1.0011 1.9974 2.2404
-0.9807 1.8872 2.2416
-0.9583 1.7774 2.2429
-0.9342 1.6678 2.2442
-0.9084 1.5586 2.2455
-0.8810 1.4497 2.2468
-0.8523 1.3410 2.2482
-0.8223 1.2327 2.2496
-0.7911 1.1246 2.2509
-0.7588 1.0167 2.2523
-0.7256 0.9090 2.2537
-0.6916 0.8016 2.2550
-0.6568 0.6943 2.2564
-0.6214 0.5871 2.2577
-0.5854 0.4801 2.2590
-0.5489 0.3732 2.2603
-0.5120 0.2664 2.2616
-0.4747 0.1596 2.2628
-0.4371 0.0528 2.2640
-0.3992 -0.0539 2.2652
-0.3611 -0.1606 2.2663
-0.3229 -0.2673 2.2675
-0.2845 -0.3740 2.2686
-0.2460 -0.4807 2.2696
-0.2075 -0.5875 2.2706
-0.1690 -0.6943 2.2716
-0.1304 -0.8012 2.2726
-0.0918 -0.9081 2.2736
-0.0532 -1.0150 2.2745
-0.0146 -1.1220 2.2753
0.0240 -1.2291 2.2762
0.0626 -1.3361 2.2770
0.1012 -1.4433 2.2778
0.1399 -1.5504 2.2785
0.1787 -1.6575 2.2792
0.2176 -1.7647 2.2799
0.2567 -1.8718 2.2806
0.2960 -1.9788 2.2812
0.3356 -2.0858 2.2818
0.3756 -2.1926 2.2823
0.4161 -2.2994 2.2828
0.4571 -2.4059 2.2833
0.4987 -2.5122 2.2837
0.5411 -2.6183 2.2841
0.5843 -2.7240 2.2844
0.6285 -2.8293 2.2847
0.6738 -2.9342 2.2850
0.7204 -3.0385 2.2852
0.7683 -3.1422 2.2853
0.8178 -3.2452 2.2854
0.8690 -3.3474 2.2855
0.9221 -3.4486 2.2855
0.9772 -3.5487 2.2854
1.0345 -3.6476 2.2852
1.0941 -3.7450 2.2850
1.1563 -3.8408 2.2846
1.2213 -3.9348 2.2842
1.2890 -4.0267 2.2837
1.3599 -4.1163 2.2831
1.4338 -4.2032 2.2824
1.5111 -4.2871 2.2815
1.5917 -4.3678 2.2805
1.6757 -4.4448 2.2794
1.7632 -4.5178 2.2782
1.8542 -4.5863 2.2769
1.9485 -4.6499 2.2754
2.0461 -4.7083 2.2738
2.1469 -4.7609 2.2720
2.2504 -4.8074 2.2702
2.3566 -4.8473 2.2682
2.4650 -4.8804 2.2662
2.5753 -4.9062 2.2641
2.6869 -4.9245 2.2620
2.7995 -4.9350 2.2598
2.9124 -4.9375 2.2576
3.0250 -4.9320 2.2554
3.1366 -4.9176 2.2429
3.2440 -4.8880 2.2280
3.3497 -4.8514 2.2418
3.4548 -4.8126 2.2383
3.5568 -4.7667 2.2360
3.6555 -4.7143 2.2342
3.7504 -4.6556 2.2324
3.8412 -4.5907 2.2307
3.9273 -4.5200 2.2291
4.0085 -4.4437 2.2276
4.0845 -4.3623 2.2262
4.1549 -4.2762 2.2249
4.2196 -4.1857 2.2238
4.2784 -4.0914 2.2227
4.3313 -3.9937 2.2218
4.3782 -3.8931 2.2211
4.4192 -3.7899 2.2204
4.4543 -3.6846 2.2198
4.4836 -3.5776 2.2194
4.5073 -3.4692 2.2190
4.5255 -3.3598 2.2188
4.5383 -3.2496 2.2186
4.5461 -3.1390 2.2185
4.5491 -3.0281 2.2185
4.5473 -2.9172 2.2185
4.5411 -2.8064 2.2186
4.5308 -2.6960 2.2188
4.5164 -2.5860 2.2190
4.4983 -2.4765 2.2192
4.4766 -2.3677 2.2195
4.4514 -2.2596 2.2200
4.4230 -2.1523 2.2205
4.3917 -2.0458 2.2211
4.3577 -1.9400 2.2218
4.3214 -1.8350 2.2226
4.2829 -1.7308 2.2234
4.2426 -1.6272 2.2242
4.2006 -1.5241 2.2251
4.1573 -1.4216 2.2260
4.1128 -1.3196 2.2269
4.0673 -1.2179 2.2278
4.0211 -1.1166 2.2287
3.9743 -1.0154 2.2296
3.9270 -0.9144 2.2305
3.8795 -0.8135 2.2314
3.8319 -0.7126 2.2323
3.7843 -0.6116 2.2332
3.7369 -0.5105 2.2340
3.6897 -0.4092 2.2349
3.6429 -0.3077 2.2357
3.5967 -0.2059 2.2365
3.5510 -0.1038 2.2372
3.5061 -0.0013 2.2379
3.4621 0.1016 2.2386
3.4190 0.2049 2.2392
3.3771 0.3087 2.2398
3.3364 0.4130 2.2403
3.2970 0.5179 2.2408
3.2591 0.6234 2.2413
3.2228 0.7294 2.2417
3.1882 0.8360 2.2421
3.1555 0.9433 2.2425
3.1248 1.0511 2.2428
3.0962 1.1595 2.2431
3.0698 1.2686 2.2433
3.0458 1.3781 2.2434
3.0243 1.4882 2.2436
3.0055 1.5988 2.2437
2.9894 1.7098 2.2437
2.9762 1.8212 2.2437
2.9660 1.9330 2.2437
2.9590 2.0449 2.2436
2.9553 2.1570 2.2434
2.9550 2.2692 2.2432
2.9583 2.3813 2.2430
2.9652 2.4932 2.2426
2.9760 2.6048 2.2423
2.9908 2.7159 2.2419
3.0096 2.8264 2.2414
3.0327 2.9361 2.2408
3.0600 3.0447 2.2402
3.0919 3.1520 2.2395
3.1283 3.2579 2.2387
3.1693 3.3620 2.2379
3.2151 3.4641 2.2370
3.2657 3.5638 2.2360
3.3210 3.6609 2.2350
3.3812 3.7550 2.2338
3.4462 3.8458 2.2326
3.5159 3.9329 2.2314
3.5903 4.0160 2.2301
3.6692 4.0947 2.2287
3.7525 4.1687 2.2273
3.8400 4.2375 2.2259
3.9314 4.3010 2.2244
4.0264 4.3586 2.2229
4.1248 4.4103 2.2214
4.2261 4.4556 2.2198
4.3300 4.4944 2.2183
4.4362 4.5265 2.2168
4.5440 4.5516 2.2153
4.6533 4.5698 2.2139
4.7633 4.5809 2.2125
4.8738 4.5849 2.2111
4.9843 4.5819 2.2098
5.0943 4.5718 2.2086
5.2034 4.5540 2.2104
5.3088 4.5225 2.2045
5.4133 4.4864 2.2128
5.5166 4.4469 2.2119
5.6178 4.4023 2.2111
5.7165 4.3527 2.2104
5.8126 4.2981 2.2096
5.9057 4.2387 2.2090
5.9957 4.1747 2.2083
6.0823 4.1062 2.2077
6.1654 4.0336 2.2072
6.2447 3.9569 2.2068
6.3203 3.8766 2.2064
6.3920 3.7927 2.2061
6.4597 3.7056 2.2058
6.5233 3.6156 2.2056
6.5830 3.5229 2.2055
6.6387 3.4277 2.2054
6.6904 3.3303 2.2055
6.7382 3.2310 2.2055
6.7822 3.1298 2.2056
6.8223 3.0271 2.2057
6.8586 2.9230 2.2059
6.8912 2.8176 2.2062
6.9202 2.7112 2.2067
6.9458 2.6038 2.2072
6.9682 2.4958 2.2079
6.9878 2.3871 2.2086
7.0047 2.2780 2.2093
7.0191 2.1684 2.2101
7.0315 2.0586 2.2110
7.0420 1.9485 2.2119
7.0508 1.8383 2.2128
7.0583 1.7279 2.2137
7.0647 1.6174 2.2146
7.0701 1.5067 2.2155
7.0749 1.3960 2.2164
7.0793 1.2853 2.2173
7.0834 1.1745 2.2182
7.0874 1.0636 2.2190
7.0915 0.9527 2.2199
7.0960 0.8418 2.2207
7.1008 0.7308 2.2215
7.1064 0.6199 2.2223
7.1127 0.5089 2.2230
7.1200 0.3980 2.2237
7.1284 0.2871 2.2243
7.1382 0.1763 2.2249
7.1494 0.0656 2.2255
7.1623 -0.0449 2.2260
7.1769 -0.1552 2.2265
7.1936 -0.2653 2.2270
7.2123 -0.3751 2.2274
7.2334 -0.4845 2.2278
7.2568 -0.5934 2.2281
7.2828 -0.7017 2.2284
7.3114 -0.8094 2.2287
7.3429 -0.9163 2.2289
7.3772 -1.0223 2.2291
7.4145 -1.1273 2.2293
7.4549 -1.2312 2.2294
7.4985 -1.3339 2.2295
7.5452 -1.4351 2.2296
7.5951 -1.5347 2.2297
7.6483 -1.6327 2.2297
7.7048 -1.7288 2.2297
7.7646 -1.8229 2.2298
7.8275 -1.9149 2.2298
7.8937 -2.0046 2.2298
7.9631 -2.0919 2.2298
8.0356 -2.1766 2.2298
8.1111 -2.2586 2.2298
8.1896 -2.3378 2.2298
8.2710 -2.4140 2.2299
8.3551 -2.4872 2.2299
8.4418 -2.5572 2.2300
8.5311 -2.6241 2.2300
8.6227 -2.6876 2.2301
8.7166 -2.7477 2.2302
8.8126 -2.8045 2.2304
8.9105 -2.8578 2.2305
9.0103 -2.9076 2.2307
9.1117 -2.9539 2.2309
9.2147 -2.9968 2.2312
9.3191 -3.0362 2.2315
9.4247 -3.0722 2.2317
9.5315 -3.1047 2.2321
9.6392 -3.1338 2.2324
9.7478 -3.1596 2.2327
9.8572 -3.1820 2.2331
9.9672 -3.2009 2.2335
10.0778 -3.2163 2.2339
10.1889 -3.2283 2.2344
10.3003 -3.2369 2.2350
10.4119 -3.2423 2.2357
10.5237 -3.2445 2.2364
10.6356 -3.2437 2.2372
10.7474 -3.2400 2.2380
10.8619 -3.2343 2.3577
10.9803 -3.2344 2.3701
11.0987 -3.2320 2.3689
11.2169 -3.2245 2.3682
11.3347 -3.2123 2.3687
11.4520 -3.1962 2.3695
11.5689 -3.1768 2.3704
11.6853 -3.1545 2.3713
11.8013 -3.1296 2.3722
11.9168 -3.1025 2.3731
12.0319 -3.0736 2.3740
12.1466 -3.0430 2.3748
12.2610 -3.0111 2.3756
12.3751 -2.9780 2.3764
12.4889 -2.9439 2.3772
12.6026 -2.9091 2.3779
12.7161 -2.8736 2.3786
12.8295 -2.8376 2.3792
12.9428 -2.8013 2.3798
13.0560 -2.7647 2.3803
13.1692 -2.7280 2.3808
13.2824 -2.6912 2.3813
13.3957 -2.6545 2.3817
13.5090 -2.6178 2.3821
13.6224 -2.5814 2.3824
13.7359 -2.5452 2.3827
13.8495 -2.5093 2.3830
13.9633 -2.4738 2.3832
14.0772 -2.4387 2.3833
14.1912 -2.4040 2.3835
14.3053 -2.3698 2.3835
14.4196 -2.3361 2.3836
14.5341 -2.3028 2.3836
14.6486 -2.2699 2.3836
14.7632 -2.2373 2.3836
14.8779 -2.2048 2.3835
14.9926 -2.1722 2.3834
15.1071 -2.1393 2.3832
15.2214 -2.1057 2.3830
15.3354 -2.0710 2.3827
15.4488 -2.0346 2.3823
15.5615 -1.9960 2.3816
15.6731 -1.9547 2.3807
15.7834 -1.9100 2.3795
15.8919 -1.8612 2.3780
15.9980 -1.8077 2.3761
16.1013 -1.7490 2.3737
16.2009 -1.6846 2.3709
16.2960 -1.6141 2.3676
16.3859 -1.5372 2.3638
16.4694 -1.4537 2.3595
16.5455 -1.3638 2.3547
16.6133 -1.2678 2.3494
16.6716 -1.1660 2.3437
16.7195 -1.0592 2.3377
16.7559 -0.9484 2.3315
16.7804 -0.8346 2.3251
16.7922 -0.7192 2.3187
16.7910 -0.6034 2.3124
16.7769 -0.4889 2.3063
16.7500 -0.3770 2.3004
16.7107 -0.2691 2.2949
16.6598 -0.1665 2.2898
16.5979 -0.0703 2.2851
16.5262 0.0184 2.2809
16.4456 0.0989 2.2772
16.3574 0.1707 2.2739
16.2627 0.2333 2.2710
16.1625 0.2866 2.2685
16.0580 0.3305 2.2664
15.9502 0.3651 2.2646
15.8400 0.3907 2.2632
15.7282 0.4076 2.2618
15.6155 0.4160 2.2606
15.5025 0.4163 2.2597
15.3898 0.4089 2.2591
15.2778 0.3945 2.2588
15.1668 0.3736 2.2588
15.0571 0.3469 2.2590
14.9488 0.3149 2.2593
14.8419 0.2783 2.2597
14.7365 0.2377 2.2602
14.6325 0.1935 2.2607
14.5298 0.1463 2.2613
14.4282 0.0966 2.2619
14.3277 0.0447 2.2625
14.2281 -0.0089 2.2630
14.1292 -0.0640 2.2636
14.0310 -0.1202 2.2641
13.9332 -0.1773 2.2646
13.8358 -0.2350 2.2651
13.7386 -0.2931 2.2655
13.6415 -0.3516 2.2659
13.5445 -0.4101 2.2662
13.4475 -0.4686 2.2665
13.3504 -0.5271 2.2668
13.2531 -0.5853 2.2670
13.1557 -0.6433 2.2672
13.0581 -0.7009 2.2674
12.9603 -0.7582 2.2675
12.8622 -0.8151 2.2675
12.7638 -0.8715 2.2675
12.6652 -0.9274 2.2675
12.5663 -0.9827 2.2675
12.4669 -1.0374 2.2674
12.3671 -1.0912 2.2672
12.2668 -1.1440 2.2670
12.1659 -1.1955 2.2667
12.0642 -1.2455 2.2663
11.9616 -1.2936 2.2658
11.8579 -1.3393 2.2651
11.7531 -1.3821 2.2642
11.6470 -1.4214 2.2631
11.5395 -1.4566 2.2616
11.4306 -1.4870 2.2599
11.3204 -1.5119 2.2577
11.2092 -1.5304 2.2550
11.0971 -1.5419 2.2519
10.9847 -1.5455 2.2483
10.8725 -1.5405 2.2442
10.7613 -1.5263 2.2396
10.6521 -1.5023 2.2344
10.5459 -1.4682 2.2288
10.4439 -1.4236 2.2229
10.3475 -1.3688 2.2165
10.2579 -1.3039 2.2100
10.1765 -1.2295 2.2035
10.1044 -1.1464 2.1970
10.0428 -1.0558 2.1907
9.9924 -0.9588 2.1848
9.9539 -0.8567 2.1791
9.9278 -0.7511 2.1740
9.9141 -0.6435 2.1693
9.9127 -0.5352 2.1650
9.9234 -0.4277 2.1610
9.9457 -0.3221 2.1572
9.9792 -0.2197 2.1540
10.0231 -0.1215 2.1515
10.0763 -0.0281 2.1497
10.1380 0.0598 2.1483
10.2070 0.1420 2.1475
10.2825 0.2183 2.1470
10.3635 0.2887 2.1468
10.4491 0.3534 2.1469
10.5386 0.4127 2.1472
10.6312 0.4669 2.1476
10.7264 0.5165 2.1482
10.8237 0.5620 2.1488
10.9227 0.6040 2.1494
11.0229 0.6429 2.1501
11.1240 0.6794 2.1507
11.2258 0.7140 2.1513
11.3281 0.7474 2.1518
11.4306 0.7801 2.1523
11.5332 0.8126 2.1526
11.6357 0.8456 2.1529
11.7378 0.8794 2.1530
11.8395 0.9148 2.1530
11.9405 0.9520 2.1529
12.0406 0.9916 2.1526
12.1395 1.0341 2.1521
12.2369 1.0798 2.1515
12.3325 1.1291 2.1508
12.4260 1.1822 2.1500
12.5170 1.2393 2.1490
12.6051 1.3007 2.1480
12.6901 1.3664 2.1470
12.7715 1.4363 2.1460
12.8490 1.5105 2.1449
12.9222 1.5887 2.1439
12.9910 1.6709 2.1430
13.0551 1.7568 2.1421
13.1142 1.8460 2.1413
13.1682 1.9384 2.1406
13.2170 2.0337 2.1399
13.2605 2.1314 2.1394
13.2988 2.2312 2.1389
13.3317 2.3330 2.1385
13.3595 2.4362 2.1383
13.3821 2.5407 2.1381
13.3997 2.6461 2.1379
13.4124 2.7522 2.1379
13.4204 2.8588 2.1379
13.4238 2.9657 2.1380
13.4229 3.0725 2.1382
13.4179 3.1793 2.1384
13.4088 3.2859 2.1387
13.3961 3.3920 2.1390
13.3798 3.4978 2.1394
13.3603 3.6029 2.1399
13.3377 3.7075 2.1403
13.3122 3.8115 2.1409
13.2839 3.9147 2.1415
13.2532 4.0173 2.1422
13.2201 4.1192 2.1429
13.1849 4.2204 2.1438
13.1479 4.3210 2.1447
13.1093 4.4211 2.1456
13.0693 4.5206 2.1466
13.0280 4.6197 2.1476
12.9856 4.7184 2.1486
12.9424 4.8168 2.1496
12.8985 4.9149 2.1506
12.8539 5.0128 2.1517
12.8088 5.1105 2.1527
12.7633 5.2081 2.1538
12.7175 5.3056 2.1548
12.6714 5.4030 2.1559
12.6251 5.5004 2.1569
12.5785 5.5977 2.1579
12.5319 5.6950 2.1589
12.4850 5.7923 2.1599
12.4380 5.8895 2.1609
12.3908 5.9867 2.1618
12.3434 6.0839 2.1627
12.2957 6.1810 2.1636
12.2477 6.2780 2.1645
12.1994 6.3748 2.1653
12.1506 6.4715 2.1661
12.1013 6.5679 2.1669
12.0514 6.6641 2.1676
12.0008 6.7600 2.1683
11.9495 6.8555 2.1690
11.8972 6.9506 2.1696
11.8440 7.0451 2.1702
11.7897 7.1390 2.1708
11.7341 7.2323 2.1713
11.6772 7.3248 2.1718
11.6188 7.4164 2.1722
11.5589 7.5070 2.1726
11.4973 7.5964 2.1730
11.4339 7.6847 2.1734
11.3689 7.7718 2.1737
11.3020 7.8574 2.1739
11.2330 7.9414 2.1740
11.1619 8.0236 2.1741
11.0885 8.1038 2.1742
11.0128 8.1818 2.1742
10.9346 8.2573 2.1743
10.8540 8.3303 2.1742
10.7710 8.4005 2.1742
10.6855 8.4677 2.1742
10.5977 8.5317 2.1742
10.5076 8.5925 2.1742
10.4153 8.6500 2.1742
10.3209 8.7038 2.1742
10.2245 8.7541 2.1742
10.1263 8.8008 2.1743
10.0264 8.8436 2.1744
9.9250 8.8828 2.1745
9.8222 8.9181 2.1747
9.7181 8.9496 2.1749
9.6130 8.9775 2.1752
9.5069 9.0016 2.1755
9.4001 9.0220 2.1758
9.2926 9.0389 2.1762
