lap v kv ra qc qv
0.0000 1.3008 0.3155 0.4150 0.1281 -0.9148
0.0082 1.3104 0.3155 0.4150 0.1784 -0.9374
0.0150 1.3207 0.3155 0.4150 0.1713 -0.9355
0.0231 1.3321 0.3155 0.4150 0.1832 -0.9302
0.0313 1.3446 0.3155 0.4150 0.1846 -0.9342
0.0395 1.3581 0.3155 0.4150 0.1955 -0.9377
0.0490 1.3730 0.3155 0.4150 0.1854 -0.9425
0.0571 1.3915 0.3155 0.4150 0.1834 -0.9393
0.0653 1.4117 0.3155 0.4150 0.1133 -0.9307
0.0735 1.4310 0.3155 0.4150 0.1633 -0.9457
0.0830 1.4485 0.3155 0.4150 0.1641 -0.9497
0.0912 1.4643 0.3155 0.4150 0.1479 -0.9505
0.1007 1.4788 0.3155 0.4150 0.0904 -0.9404
0.1102 1.4925 0.3155 0.4150 0.1420 -0.9461
0.1197 1.5055 0.3155 0.4150 0.1338 -0.9430
0.1279 1.5174 0.3155 0.4150 0.1227 -0.9383
0.1374 1.5283 0.3155 0.4150 0.0561 -0.9253
0.1469 1.5386 0.3155 0.4150 0.0502 -0.9227
0.1565 1.5491 0.3155 0.4150 0.1055 -0.9318
0.1660 1.5602 0.3155 0.4150 0.1105 -0.9299
0.1755 1.5717 0.3155 0.4150 0.1173 -0.9284
0.1850 1.5834 0.3155 0.4150 0.1252 -0.9269
0.1946 1.5967 0.3155 0.4150 0.0792 -0.9117
0.2041 1.6132 0.3155 0.4150 0.1380 -0.9221
0.2150 1.6301 0.3155 0.4150 0.1458 -0.9259
0.2245 1.6456 0.3155 0.4150 0.1580 -0.9300
0.2340 1.6592 0.3155 0.4150 0.1645 -0.9412
0.2449 1.6708 0.3155 0.4150 0.1702 -0.9637
0.2544 1.6801 0.3155 0.4150 0.1707 -0.9722
0.2653 1.6868 0.3155 0.4150 0.1679 -0.9803
0.2762 1.6908 0.3155 0.4150 0.1574 -0.9729
0.2857 1.6916 0.3155 0.4150 0.0885 -0.9572
0.2966 1.6891 0.3155 0.4150 0.1357 -0.9593
0.3075 1.6844 0.3155 0.4150 0.1341 -0.9572
0.3156 1.5438 0.3155 0.4150 0.1377 -0.9564
0.3252 1.5457 0.3155 0.4150 0.0886 -0.9544
0.3347 1.5494 0.3155 0.4150 0.1484 -0.9580
0.3442 1.5545 0.3155 0.4150 0.1479 -0.9516
0.3537 1.5609 0.3155 0.4150 0.1396 -0.9318
0.3633 1.5692 0.3155 0.4150 0.1317 -0.9335
0.3728 1.5808 0.3155 0.4150 0.1323 -0.9500
0.3823 1.5931 0.3155 0.4150 0.1396 -0.9788
0.3918 1.6039 0.3155 0.4150 0.1451 -0.9952
0.4014 1.6127 0.3155 0.4150 0.0879 -0.9890
0.4122 1.6195 0.3155 0.4150 0.1447 -0.9990
0.4218 1.6242 0.3155 0.4150 0.1475 -1.0000
0.4313 1.6268 0.3155 0.4150 0.0938 -0.9968
0.4422 1.6273 0.3155 0.4150 0.1596 -1.0000
0.4517 1.6262 0.3155 0.4150 0.1825 -1.0000
0.4612 1.6249 0.3155 0.4150 0.1339 -1.0000
0.4707 1.4881 0.3155 0.4150 0.1307 -1.0000
0.4803 1.4906 0.3155 0.4150 0.1889 -1.0000
0.4884 1.4946 0.3155 0.4150 0.1877 -1.0000
0.4980 1.5006 0.3155 0.4150 0.1286 -0.9695
0.5075 1.5080 0.3155 0.4150 0.1763 -0.9649
0.5156 1.5181 0.3155 0.4150 0.1662 -0.9509
0.5252 1.5306 0.3155 0.4150 0.1519 -0.9511
0.5347 1.5425 0.3155 0.4150 0.0852 -0.9416
0.5442 1.5525 0.3155 0.4150 0.0807 -0.9376
0.5537 1.5610 0.3155 0.4150 0.0762 -0.9342
0.5633 1.5684 0.3155 0.4150 0.0702 -0.9306
0.5728 1.5752 0.3155 0.4150 0.1197 -0.9353
0.5823 1.5819 0.3155 0.4150 0.1122 -0.9326
0.5918 1.5892 0.3155 0.4150 0.1087 -0.9326
0.6027 1.5973 0.3155 0.4150 0.1141 -0.9313
0.6122 1.6063 0.3155 0.4150 0.1302 -0.9285
0.6218 1.6100 0.3155 0.4150 0.1547 -0.9367
0.6313 1.6234 0.3155 0.4150 0.1066 -0.9254
0.6422 1.6359 0.3155 0.4150 0.1561 -0.9267
0.6517 1.6462 0.3155 0.4150 0.1495 -0.9437
0.6612 1.6540 0.3155 0.4150 0.0869 -0.9452
0.6721 1.6591 0.3155 0.4150 0.1419 -0.9725
0.6816 1.6608 0.3155 0.4150 0.0874 -0.9608
0.6925 1.6569 0.3155 0.4150 0.1446 -0.9649
0.7020 1.6428 0.3155 0.4150 0.0887 -0.9543
0.7116 1.6265 0.3155 0.4150 0.1386 -0.9603
0.7211 1.6200 0.3155 0.4150 0.1268 -0.9443
0.7306 1.6211 0.3155 0.4150 0.1247 -0.9221
0.7401 1.6258 0.3155 0.4150 0.1294 -0.9221
0.7510 1.6339 0.3155 0.4150 0.1446 -0.9418
0.7605 1.6423 0.3155 0.4150 0.1501 -0.9633
0.7701 1.6488 0.3155 0.4150 0.1013 -0.9811
0.7810 1.6523 0.3155 0.4150 0.1736 -1.0000
0.7905 1.6522 0.3155 0.4150 0.1374 -1.0000
0.8014 1.6442 0.3155 0.4150 0.2022 -1.0000
0.8109 1.6237 0.3155 0.4150 0.2023 -1.0000
0.8204 1.6076 0.3155 0.4150 0.1908 -1.0000
0.8299 1.6047 0.3155 0.4150 0.1616 -0.9976
0.8395 1.6097 0.3155 0.4150 0.1246 -0.9704
0.8490 1.6174 0.3155 0.4150 0.1045 -0.9428
0.8585 1.6214 0.3155 0.4150 0.0990 -0.9326
0.8680 1.6218 0.3155 0.4150 0.1007 -0.9290
0.8789 1.6221 0.3155 0.4150 0.1140 -0.9324
0.8884 1.6251 0.3155 0.4150 0.1384 -0.9310
0.8980 1.6305 0.3155 0.4150 0.1507 -0.9314
0.9075 1.6378 0.3155 0.4150 0.1567 -0.9293
0.9184 1.6473 0.3155 0.4150 0.1622 -0.9277
0.9279 1.6597 0.3155 0.4150 0.1523 -0.9371
0.9388 1.6722 0.3155 0.4150 0.1432 -0.9396
0.9483 1.6828 0.3155 0.4150 0.1415 -0.9501
0.9592 1.6911 0.3155 0.4150 0.1468 -0.9508
0.9687 1.6974 0.3155 0.4150 0.1455 -0.9484
0.9796 1.7020 0.3155 0.4150 0.1448 -0.9479
0.9905 1.7071 0.3155 0.4150 0.1478 -0.9444
1.0000 1.7141 0.3155 0.4150 0.0957 -0.9332
1.0109 1.7218 0.3155 0.4150 0.1590 -0.9353
1.0218 1.7311 0.3155 0.4150 0.1653 -0.9339
1.0313 1.7420 0.3155 0.4150 0.1706 -0.9384
1.0422 1.7543 0.3155 0.4150 0.1193 -0.9341
1.0531 1.7700 0.3155 0.4150 0.1745 -0.9422
1.0639 1.7872 0.3155 0.4150 0.1657 -0.9423
1.0748 1.8033 0.3155 0.4150 0.1493 -0.9456
1.0857 1.8173 0.3155 0.4150 0.0770 -0.9356
1.0980 1.8296 0.3155 0.4150 0.1172 -0.9408
1.1088 1.8406 0.3155 0.4150 0.1092 -0.9360
1.1197 1.8506 0.3155 0.4150 0.1063 -0.9351
1.1320 1.8594 0.3155 0.4150 0.1059 -0.9338
1.1429 1.8673 0.3155 0.4150 0.1077 -0.9336
1.1537 1.8753 0.3155 0.4150 0.1117 -0.9362
1.1660 1.8841 0.3155 0.4150 0.1149 -0.9388
1.1769 1.8935 0.3155 0.4150 0.1247 -0.9332
1.1891 1.9039 0.3155 0.4150 0.1382 -0.9280
1.2000 1.9175 0.3155 0.4150 0.1561 -0.9313
1.2122 1.9321 0.3155 0.4150 0.1653 -0.9356
1.2245 1.9452 0.3155 0.4150 0.1701 -0.9362
1.2354 1.9561 0.3155 0.4150 0.1742 -0.9575
1.2476 1.9645 0.3155 0.4150 0.1712 -0.9646
1.2599 1.9702 0.3155 0.4150 0.1643 -0.9804
1.2721 1.9726 0.3155 0.4150 0.1499 -0.9714
1.2844 1.9708 0.3155 0.4150 0.1388 -0.9630
1.2966 1.9636 0.3155 0.4150 0.1346 -0.9582
1.3075 1.8212 0.3155 0.4150 0.0812 -0.9508
1.3197 1.8080 0.3155 0.4150 0.1425 -0.9636
1.3306 1.8054 0.3155 0.4150 0.1473 -0.9670
1.3401 1.8072 0.3155 0.4150 0.1473 -0.9494
1.3510 1.8120 0.3155 0.4150 0.1426 -0.9424
1.3633 1.8195 0.3155 0.4150 0.1339 -0.9344
1.3741 1.8298 0.3155 0.4150 0.1348 -0.9625
1.3850 1.8398 0.3155 0.4150 0.1401 -0.9800
1.3959 1.8476 0.3155 0.4150 0.1466 -0.9971
1.4082 1.8530 0.3155 0.4150 0.1459 -0.9988
1.4190 1.8558 0.3155 0.4150 0.1461 -1.0000
1.4299 1.8559 0.3155 0.4150 0.0926 -0.9965
1.4422 1.8531 0.3155 0.4150 0.1507 -1.0000
1.4531 1.8481 0.3155 0.4150 0.1572 -1.0000
1.4639 1.8431 0.3155 0.4150 0.1785 -1.0000
1.4748 1.8322 0.3155 0.4150 0.1861 -1.0000
1.4871 1.8327 0.3155 0.4150 0.1824 -1.0000
1.4980 1.8360 0.3155 0.4150 0.1778 -0.9737
1.5088 1.8421 0.3155 0.4150 0.1714 -0.9608
1.5197 1.8518 0.3155 0.4150 0.1607 -0.9510
1.5306 1.8616 0.3155 0.4150 0.1506 -0.9526
1.5429 1.8695 0.3155 0.4150 0.1472 -0.9483
1.5537 1.8752 0.3155 0.4150 0.1431 -0.9447
1.5660 1.8794 0.3155 0.4150 0.1543 -0.9421
1.5769 1.8832 0.3155 0.4150 0.1623 -0.9442
1.5891 1.8875 0.3155 0.4150 0.1585 -0.9435
1.6000 1.8931 0.3155 0.4150 0.1437 -0.9393
1.6122 1.9004 0.3155 0.4150 0.1521 -0.9324
1.6231 1.7709 0.3155 0.4150 0.1620 -0.9350
1.6340 1.7829 0.3155 0.4150 0.1592 -0.9274
1.6449 1.7934 0.3155 0.4150 0.1565 -0.9316
1.6558 1.8015 0.3155 0.4150 0.1737 -0.9441
1.6667 1.8066 0.3155 0.4150 0.1817 -0.9664
1.6776 1.8085 0.3155 0.4150 0.1820 -0.9707
1.6884 1.8049 0.3155 0.4150 0.1707 -0.9639
1.6993 1.7886 0.3155 0.4150 0.1462 -0.9526
1.7102 1.7636 0.3155 0.4150 0.1446 -0.9513
1.7197 1.7514 0.3155 0.4150 0.0891 -0.9367
1.7306 1.7497 0.3155 0.4150 0.1512 -0.9393
1.7401 1.7534 0.3155 0.4150 0.1026 -0.9204
1.7510 1.7605 0.3155 0.4150 0.1670 -0.9452
1.7619 1.7671 0.3155 0.4150 0.1747 -0.9765
1.7728 1.7717 0.3155 0.4150 0.1820 -0.9900
1.7837 1.7733 0.3155 0.4150 0.1797 -1.0000
1.7946 1.7698 0.3155 0.4150 0.1844 -1.0000
1.8054 1.7523 0.3155 0.4150 0.1919 -1.0000
1.8163 1.7263 0.3155 0.4150 0.1970 -1.0000
1.8259 1.7126 0.3155 0.4150 0.1802 -0.9925
1.8354 1.7089 0.3155 0.4150 0.0879 -0.9623
1.8463 1.7193 0.3155 0.4150 0.1396 -0.9372
1.8571 1.7233 0.3155 0.4150 0.1585 -0.9340
1.8667 1.7235 0.3155 0.4150 0.1019 -0.9222
1.8776 1.7210 0.3155 0.4150 0.1609 -0.9276
1.8871 1.7219 0.3155 0.4150 0.1082 -0.9166
1.8980 1.7278 0.3155 0.4150 0.1576 -0.9206
1.9075 1.7345 0.3155 0.4150 0.1551 -0.9159
1.9184 1.7440 0.3155 0.4150 0.0904 -0.8993
1.9293 1.7558 0.3155 0.4150 0.1334 -0.9145
1.9401 1.7673 0.3155 0.4150 0.1252 -0.9217
1.9510 1.7766 0.3155 0.4150 0.1265 -0.9258
1.9619 1.7841 0.3155 0.4150 0.1528 -0.9238
1.9728 1.7891 0.3155 0.4150 0.1516 -0.9227
1.9823 1.7904 0.3155 0.4150 0.1372 -0.9132
1.9932 1.7964 0.3155 0.4150 0.1437 -0.9126
2.0041 1.8035 0.3155 0.4150 0.1523 -0.9062
2.0136 1.8115 0.3155 0.4150 0.1561 -0.9032
2.0245 1.8213 0.3155 0.4150 0.1600 -0.9000
2.0367 1.8324 0.3155 0.4150 0.1648 -0.9014
2.0476 1.8459 0.3155 0.4150 0.1650 -0.8934
2.0585 1.8621 0.3155 0.4150 0.1628 -0.8968
2.0707 1.8780 0.3155 0.4150 0.1512 -0.9035
2.0816 1.8924 0.3155 0.4150 0.1387 -0.9038
2.0939 1.9046 0.3155 0.4150 0.1304 -0.9005
2.1048 1.9153 0.3155 0.4150 0.1436 -0.8983
2.1170 1.9248 0.3155 0.4150 0.1406 -0.8944
2.1279 1.9332 0.3155 0.4150 0.1370 -0.8939
2.1401 1.9409 0.3155 0.4150 0.1218 -0.9077
2.1510 1.9480 0.3155 0.4150 0.1642 -0.9679
2.1633 1.9545 0.3155 0.4150 0.1590 -0.9607
2.1755 1.9640 0.3155 0.4150 0.1640 -0.9562
2.1864 1.9740 0.3155 0.4150 0.1168 -0.9428
2.1986 1.9868 0.3155 0.4150 0.1724 -0.9465
2.2109 2.0009 0.3155 0.4150 0.1672 -0.9447
2.2231 2.0135 0.3155 0.4150 0.1630 -0.9415
2.2354 2.0238 0.3155 0.4150 0.1637 -0.9613
2.2490 2.0315 0.3155 0.4150 0.1943 -0.9749
2.2612 2.0364 0.3155 0.4150 0.1668 -0.9907
2.2735 2.0378 0.3155 0.4150 0.1659 -0.9871
2.2857 2.0345 0.3155 0.4150 0.1641 -0.9821
2.2980 2.0251 0.3155 0.4150 0.1648 -0.9793
2.3102 1.9980 0.3155 0.4150 0.1712 -0.9789
2.3224 1.9873 0.3155 0.4150 0.1765 -0.9857
2.3347 1.9838 0.3155 0.4150 0.1776 -0.9784
2.3469 1.9855 0.3155 0.4150 0.1802 -0.9630
2.3578 1.9908 0.3155 0.4150 0.1856 -0.9604
2.3701 1.9996 0.3155 0.4150 0.1897 -0.9799
2.3823 2.0085 0.3155 0.4150 0.1933 -1.0000
2.3946 2.0151 0.3155 0.4150 0.1946 -1.0000
2.4082 2.0189 0.3155 0.4150 0.2254 -1.0000
2.4204 2.0197 0.3155 0.4150 0.2087 -1.0000
2.4327 2.0171 0.3155 0.4150 0.1953 -1.0000
2.4449 2.0108 0.3155 0.4150 0.1857 -1.0000
2.4571 2.0022 0.3155 0.4150 0.1867 -1.0000
2.4694 1.9681 0.3155 0.4150 0.1839 -1.0000
2.4816 1.9822 0.3155 0.4150 0.1506 -1.0000
2.4925 1.9814 0.3155 0.4150 0.1342 -0.9839
2.5048 1.9851 0.3155 0.4150 0.1357 -0.9601
2.5170 1.9933 0.3155 0.4150 0.1268 -0.9439
2.5293 2.0023 0.3155 0.4150 0.1152 -0.9446
2.5415 2.0093 0.3155 0.4150 0.1060 -0.9434
2.5537 2.0137 0.3155 0.4150 0.1045 -0.9407
2.5660 2.0164 0.3155 0.4150 0.1050 -0.9393
2.5782 2.0187 0.3155 0.4150 0.1076 -0.9398
2.5905 2.0219 0.3155 0.4150 0.1239 -0.9477
2.6027 2.0267 0.3155 0.4150 0.1491 -0.9548
2.6150 2.1778 0.3155 0.4150 0.1626 -0.9431
2.6286 2.0561 0.3155 0.4150 0.1719 -0.9463
2.6408 2.0649 0.3155 0.4150 0.1751 -0.9436
2.6531 2.0710 0.3155 0.4150 0.1790 -0.9647
2.6667 2.0737 0.3155 0.4150 0.1811 -0.9885
2.6789 2.0732 0.3155 0.4150 0.1787 -0.9929
2.6912 2.0634 0.3155 0.4150 0.1713 -0.9814
2.7034 2.0329 0.3155 0.4150 0.1642 -0.9767
2.7156 2.0020 0.3155 0.4150 0.1616 -0.9800
2.7279 1.9898 0.3155 0.4150 0.1607 -0.9593
2.7401 1.9900 0.3155 0.4150 0.1605 -0.9433
2.7510 1.9961 0.3155 0.4150 0.1634 -0.9594
2.7633 2.0009 0.3155 0.4150 0.1637 -0.9882
2.7755 2.0026 0.3155 0.4150 0.1625 -1.0000
2.7878 2.0004 0.3155 0.4150 0.1633 -1.0000
2.8000 1.9850 0.3155 0.4150 0.1701 -1.0000
2.8122 1.9482 0.3155 0.4150 0.1641 -1.0000
2.8231 1.9212 0.3155 0.4150 0.1685 -1.0000
2.8354 1.9155 0.3155 0.4150 0.1721 -1.0000
2.8463 1.9215 0.3155 0.4150 0.1265 -0.9669
2.8585 1.9237 0.3155 0.4150 0.1108 -0.9496
2.8707 1.9196 0.3155 0.4150 0.1039 -0.9426
2.8816 1.9161 0.3155 0.4150 0.1111 -0.9389
2.8939 1.9173 0.3155 0.4150 0.1233 -0.9384
2.9048 1.9222 0.3155 0.4150 0.1381 -0.9347
2.9170 1.9304 0.3155 0.4150 0.1436 -0.9330
2.9279 1.9409 0.3155 0.4150 0.1255 -0.9390
2.9401 1.9508 0.3155 0.4150 0.1221 -0.9431
2.9524 1.9584 0.3155 0.4150 0.1147 -0.9451
2.9646 1.9634 0.3155 0.4150 0.1165 -0.9462
2.9769 1.9659 0.3155 0.4150 0.1215 -0.9470
2.9878 1.9682 0.3155 0.4150 0.1061 -0.9470
3.0000 1.9727 0.3155 0.4150 0.1192 -0.9416
3.0122 1.9788 0.3155 0.4150 0.1445 -0.9425
3.0245 1.9873 0.3155 0.4150 0.1800 -0.9497
3.0367 1.9977 0.3155 0.4150 0.1853 -0.9540
3.0490 2.0110 0.3155 0.4150 0.1848 -0.9546
3.0612 2.0263 0.3155 0.4150 0.1719 -0.9530
3.0735 2.0407 0.3155 0.4150 0.1426 -0.9451
3.0857 2.0530 0.3155 0.4150 0.1186 -0.9458
3.0993 2.0634 0.3155 0.4150 0.1108 -0.9467
3.1116 2.0722 0.3155 0.4150 0.1107 -0.9455
3.1238 2.0797 0.3155 0.4150 0.1165 -0.9478
3.1374 2.0861 0.3155 0.4150 0.1614 -0.9568
3.1497 2.0921 0.3155 0.4150 0.1436 -0.9572
3.1619 2.0989 0.3155 0.4150 0.1481 -0.9607
3.1755 2.1066 0.3155 0.4150 0.1568 -0.9548
3.1878 2.1157 0.3155 0.4150 0.1652 -0.9480
3.2014 2.1279 0.3155 0.4150 0.1664 -0.9445
3.2136 2.1407 0.3155 0.4150 0.1662 -0.9447
3.2272 2.1516 0.3155 0.4150 0.1751 -0.9465
3.2408 2.1598 0.3155 0.4150 0.2100 -0.9725
3.2531 2.1653 0.3155 0.4150 0.1789 -0.9868
3.2667 2.1675 0.3155 0.4150 0.1755 -0.9930
3.2803 2.1651 0.3155 0.4150 0.1705 -0.9864
3.2939 2.1557 0.3155 0.4150 0.1654 -0.9803
3.3061 2.1400 0.3155 0.4150 0.1623 -0.9782
3.3197 2.1218 0.3155 0.4150 0.1651 -0.9817
3.3320 2.1143 0.3155 0.4150 0.1713 -0.9768
3.3442 2.1137 0.3155 0.4150 0.1771 -0.9735
3.3578 2.1178 0.3155 0.4150 0.1786 -0.9592
3.3701 2.1258 0.3155 0.4150 0.1810 -0.9782
3.3837 2.1336 0.3155 0.4150 0.1797 -1.0000
3.3959 2.1388 0.3155 0.4150 0.1737 -1.0000
3.4095 2.1408 0.3155 0.4150 0.1667 -1.0000
3.4231 2.1394 0.3155 0.4150 0.1632 -1.0000
3.4354 2.1339 0.3155 0.4150 0.1634 -1.0000
3.4490 2.1239 0.3155 0.4150 0.1653 -1.0000
3.4612 2.1124 0.3155 0.4150 0.1673 -1.0000
3.4735 1.9666 0.3155 0.4150 0.1504 -1.0000
3.4857 1.9642 0.3155 0.4150 0.1484 -1.0000
3.4980 1.9658 0.3155 0.4150 0.1426 -0.9746
3.5102 1.9715 0.3155 0.4150 0.1401 -0.9627
3.5211 1.9806 0.3155 0.4150 0.1386 -0.9563
3.5333 1.9891 0.3155 0.4150 0.1498 -0.9629
3.5456 1.9953 0.3155 0.4150 0.1525 -0.9611
3.5578 1.9991 0.3155 0.4150 0.1532 -0.9594
3.5701 2.0017 0.3155 0.4150 0.1504 -0.9570
3.5823 2.0043 0.3155 0.4150 0.1432 -0.9542
3.5946 2.0082 0.3155 0.4150 0.1341 -0.9526
3.6068 2.0137 0.3155 0.4150 0.1365 -0.9447
3.6190 2.0219 0.3155 0.4150 0.1452 -0.9380
3.6313 2.0321 0.3155 0.4150 0.1540 -0.9362
3.6435 2.0406 0.3155 0.4150 0.1587 -0.9458
3.6571 2.0460 0.3155 0.4150 0.1595 -0.9574
3.6694 2.0482 0.3155 0.4150 0.1559 -0.9779
3.6816 2.0468 0.3155 0.4150 0.1425 -0.9761
3.6939 2.0334 0.3155 0.4150 0.1259 -0.9617
3.7061 2.0012 0.3155 0.4150 0.1201 -0.9594
3.7184 1.9750 0.3155 0.4150 0.1069 -0.9512
3.7293 1.9666 0.3155 0.4150 0.1115 -0.9441
3.7415 1.9687 0.3155 0.4150 0.1130 -0.9310
3.7537 1.9750 0.3155 0.4150 0.1205 -0.9489
3.7660 1.9796 0.3155 0.4150 0.1289 -0.9794
3.7782 1.9810 0.3155 0.4150 0.1369 -1.0000
3.7905 1.9782 0.3155 0.4150 0.1517 -1.0000
3.8014 1.9606 0.3155 0.4150 0.1780 -1.0000
3.8136 1.9242 0.3155 0.4150 0.1820 -1.0000
3.8245 1.9007 0.3155 0.4150 0.1692 -1.0000
3.8354 1.8973 0.3155 0.4150 0.1039 -0.9955
3.8476 1.9034 0.3155 0.4150 0.1412 -0.9707
3.8585 1.9053 0.3155 0.4150 0.1369 -0.9594
3.8707 1.9011 0.3155 0.4150 0.1355 -0.9545
3.8830 1.8982 0.3155 0.4150 0.1395 -0.9498
3.8939 1.8998 0.3155 0.4150 0.1429 -0.9462
3.9048 1.9049 0.3155 0.4150 0.1491 -0.9396
3.9170 1.9132 0.3155 0.4150 0.1514 -0.9361
3.9279 1.9239 0.3155 0.4150 0.1403 -0.9444
3.9401 1.9339 0.3155 0.4150 0.1257 -0.9504
3.9524 1.9417 0.3155 0.4150 0.1128 -0.9505
3.9646 1.9469 0.3155 0.4150 0.1025 -0.9449
3.9755 1.9496 0.3155 0.4150 0.0979 -0.9420
3.9878 1.9520 0.3155 0.4150 0.0996 -0.9433
4.0000 1.9565 0.3155 0.4150 0.1176 -0.9405
4.0122 1.9627 0.3155 0.4150 0.1613 -0.9438
4.0231 1.9712 0.3155 0.4150 0.1724 -0.9449
4.0354 1.9815 0.3155 0.4150 0.1653 -0.9452
4.0476 1.9947 0.3155 0.4150 0.1574 -0.9431
4.0599 2.0100 0.3155 0.4150 0.1502 -0.9387
4.0721 2.0247 0.3155 0.4150 0.1413 -0.9445
4.0844 2.0373 0.3155 0.4150 0.1379 -0.9535
4.0980 2.0479 0.3155 0.4150 0.1378 -0.9575
4.1102 2.0570 0.3155 0.4150 0.1386 -0.9566
4.1224 2.0648 0.3155 0.4150 0.1303 -0.9534
4.1347 2.0715 0.3155 0.4150 0.1180 -0.9456
4.1483 2.0775 0.3155 0.4150 0.1152 -0.9432
4.1605 2.0843 0.3155 0.4150 0.1175 -0.9477
4.1728 2.0920 0.3155 0.4150 0.1335 -0.9452
4.1864 2.1008 0.3155 0.4150 0.1370 -0.9417
4.1986 2.1128 0.3155 0.4150 0.1483 -0.9368
4.2122 2.1258 0.3155 0.4150 0.1627 -0.9433
4.2245 2.1372 0.3155 0.4150 0.1778 -0.9480
4.2381 2.1460 0.3155 0.4150 0.1837 -0.9698
4.2517 2.1521 0.3155 0.4150 0.2135 -0.9934
4.2639 2.1550 0.3155 0.4150 0.1765 -0.9941
4.2776 2.1538 0.3155 0.4150 0.1520 -0.9799
4.2912 2.1461 0.3155 0.4150 0.1304 -0.9666
4.3034 2.1316 0.3155 0.4150 0.1244 -0.9625
4.3170 2.1020 0.3155 0.4150 0.1257 -0.9664
4.3293 2.0928 0.3155 0.4150 0.1328 -0.9709
4.3415 2.0911 0.3155 0.4150 0.1479 -0.9598
4.3551 2.0943 0.3155 0.4150 0.1947 -0.9561
4.3673 2.1019 0.3155 0.4150 0.1760 -0.9743
4.3796 2.1102 0.3155 0.4150 0.1839 -1.0000
4.3932 2.1164 0.3155 0.4150 0.1894 -1.0000
4.4054 2.1195 0.3155 0.4150 0.1890 -1.0000
4.4190 2.1194 0.3155 0.4150 0.1884 -1.0000
4.4327 2.1155 0.3155 0.4150 0.1985 -1.0000
4.4449 2.1071 0.3155 0.4150 0.2063 -1.0000
4.4571 2.0961 0.3155 0.4150 0.2063 -1.0000
4.4707 2.0939 0.3155 0.4150 0.2024 -1.0000
4.4830 2.0858 0.3155 0.4150 0.1974 -1.0000
4.4952 2.0860 0.3155 0.4150 0.1884 -1.0000
4.5075 2.0903 0.3155 0.4150 0.1743 -0.9731
4.5211 2.0984 0.3155 0.4150 0.1607 -0.9610
4.5333 2.1061 0.3155 0.4150 0.1535 -0.9643
4.5469 2.1112 0.3155 0.4150 0.1539 -0.9616
4.5592 2.1136 0.3155 0.4150 0.1523 -0.9590
4.5728 2.1148 0.3155 0.4150 0.1485 -0.9563
4.5850 2.1163 0.3155 0.4150 0.1421 -0.9543
4.5986 2.1195 0.3155 0.4150 0.1369 -0.9492
4.6109 2.1250 0.3155 0.4150 0.1354 -0.9400
4.6245 2.3826 0.3155 0.4150 0.1403 -0.9386
4.6395 2.3884 0.3155 0.4150 0.1369 -0.9302
4.6544 2.3913 0.3155 0.4150 0.1689 -0.9537
4.6694 2.3906 0.3155 0.4150 0.1398 -0.9719
4.6830 2.3850 0.3155 0.4150 0.1377 -0.9711
4.6980 2.3540 0.3155 0.4150 0.1337 -0.9634
4.7116 2.2976 0.3155 0.4150 0.1349 -0.9698
4.7265 2.2654 0.3155 0.4150 0.1428 -0.9543
4.7401 2.2595 0.3155 0.4150 0.1606 -0.9450
4.7537 2.2632 0.3155 0.4150 0.2079 -0.9723
4.7673 2.2649 0.3155 0.4150 0.1906 -1.0000
4.7810 2.2630 0.3155 0.4150 0.2003 -1.0000
4.7946 2.2518 0.3155 0.4150 0.2048 -1.0000
4.8082 2.2081 0.3155 0.4150 0.2007 -1.0000
4.8218 2.1561 0.3155 0.4150 0.1813 -1.0000
4.8340 2.1390 0.3155 0.4150 0.1558 -0.9974
4.8476 2.1428 0.3155 0.4150 0.1321 -0.9638
4.8599 2.1420 0.3155 0.4150 0.1269 -0.9509
4.8735 2.1331 0.3155 0.4150 0.1293 -0.9482
4.8871 2.1277 0.3155 0.4150 0.1372 -0.9456
4.8993 2.1286 0.3155 0.4150 0.1459 -0.9390
4.9129 2.1344 0.3155 0.4150 0.1468 -0.9298
4.9252 2.1432 0.3155 0.4150 0.1319 -0.9311
4.9388 2.1517 0.3155 0.4150 0.1178 -0.9377
4.9510 2.1579 0.3155 0.4150 0.1186 -0.9357
4.9646 2.1612 0.3155 0.4150 0.1179 -0.9337
4.9782 2.1613 0.3155 0.4150 0.1143 -0.9306
4.9918 2.1617 0.3155 0.4150 0.1488 -0.9330
5.0041 2.1649 0.3155 0.4150 0.1290 -0.9227
5.0177 2.1707 0.3155 0.4150 0.1403 -0.9181
5.0313 2.1794 0.3155 0.4150 0.1809 -0.9296
5.0435 2.1908 0.3155 0.4150 0.1738 -0.9364
5.0571 2.2045 0.3155 0.4150 0.1809 -0.9384
5.0707 2.2178 0.3155 0.4150 0.1721 -0.9440
5.0844 2.2290 0.3155 0.4150 0.1659 -0.9517
5.0980 2.2381 0.3155 0.4150 0.1638 -0.9546
5.1116 2.2453 0.3155 0.4150 0.1655 -0.9540
5.1265 2.2510 0.3155 0.4150 0.1665 -0.9542
5.1401 2.2557 0.3155 0.4150 0.1956 -0.9568
5.1537 2.2603 0.3155 0.4150 0.1629 -0.9518
5.1673 2.2660 0.3155 0.4150 0.1631 -0.9486
5.1810 2.2729 0.3155 0.4150 0.1687 -0.9411
5.1946 2.2827 0.3155 0.4150 0.1745 -0.9340
5.2095 2.2943 0.3155 0.4150 0.1708 -0.9336
5.2231 2.3046 0.3155 0.4150 0.1641 -0.9293
5.2367 2.3122 0.3155 0.4150 0.1565 -0.9453
5.2517 2.3169 0.3155 0.4150 0.1807 -0.9665
5.2653 2.3182 0.3155 0.4150 0.1475 -0.9679
5.2803 2.3142 0.3155 0.4150 0.1503 -0.9639
5.2939 2.3014 0.3155 0.4150 0.1644 -0.9644
5.3075 2.2648 0.3155 0.4150 0.1720 -0.9668
5.3211 2.2517 0.3155 0.4150 0.1664 -0.9697
5.3347 2.2425 0.3155 0.4150 0.1606 -0.9598
5.3483 2.2416 0.3155 0.4150 0.1574 -0.9430
5.3619 2.2465 0.3155 0.4150 0.1610 -0.9412
5.3755 2.2538 0.3155 0.4150 0.1740 -0.9752
5.3891 2.2595 0.3155 0.4150 0.1863 -1.0000
5.4041 2.2620 0.3155 0.4150 0.1922 -1.0000
5.4177 2.2606 0.3155 0.4150 0.2193 -1.0000
5.4313 2.2548 0.3155 0.4150 0.1779 -1.0000
5.4449 2.2435 0.3155 0.4150 0.1755 -1.0000
5.4585 2.2287 0.3155 0.4150 0.1758 -1.0000
5.4721 2.0754 0.3155 0.4150 0.1785 -1.0000
5.4844 2.0708 0.3155 0.4150 0.1759 -0.9964
5.4966 2.0709 0.3155 0.4150 0.1688 -0.9679
5.5088 2.0757 0.3155 0.4150 0.1691 -0.9567
5.5224 2.0840 0.3155 0.4150 0.1715 -0.9509
5.5347 2.0917 0.3155 0.4150 0.1680 -0.9562
5.5469 2.0967 0.3155 0.4150 0.1665 -0.9528
5.5605 2.0992 0.3155 0.4150 0.1618 -0.9489
5.5728 2.1005 0.3155 0.4150 0.1443 -0.9408
5.5864 2.1022 0.3155 0.4150 0.1241 -0.9334
5.5986 2.1056 0.3155 0.4150 0.1232 -0.9300
5.6122 2.1114 0.3155 0.4150 0.1316 -0.9246
5.6245 2.1776 0.3155 0.4150 0.1455 -0.9263
5.6381 2.1856 0.3155 0.4150 0.1561 -0.9250
5.6517 2.1909 0.3155 0.4150 0.1724 -0.9482
5.6653 2.1929 0.3155 0.4150 0.1788 -0.9738
5.6789 2.1916 0.3155 0.4150 0.2066 -0.9822
5.6912 2.1790 0.3155 0.4150 0.1710 -0.9661
5.7048 2.1416 0.3155 0.4150 0.1655 -0.9636
5.7170 2.1058 0.3155 0.4150 0.1622 -0.9566
5.7306 2.0926 0.3155 0.4150 0.1719 -0.9510
5.7429 2.0935 0.3155 0.4150 0.1855 -0.9436
5.7551 2.0988 0.3155 0.4150 0.1956 -0.9732
5.7687 2.1017 0.3155 0.4150 0.2314 -1.0000
5.7810 2.1011 0.3155 0.4150 0.2055 -1.0000
5.7932 2.0937 0.3155 0.4150 0.2085 -1.0000
5.8068 2.0620 0.3155 0.4150 0.2091 -1.0000
5.8190 2.0198 0.3155 0.4150 0.2015 -1.0000
5.8299 2.0012 0.3155 0.4150 0.1894 -0.9977
5.8422 2.0043 0.3155 0.4150 0.1775 -0.9808
5.8544 2.0080 0.3155 0.4150 0.1625 -0.9546
5.8667 2.0039 0.3155 0.4150 0.1557 -0.9460
5.8789 1.9981 0.3155 0.4150 0.1498 -0.9420
5.8912 1.9974 0.3155 0.4150 0.1495 -0.9310
5.9034 2.0012 0.3155 0.4150 0.1487 -0.9206
5.9156 2.0087 0.3155 0.4150 0.1467 -0.9157
5.9279 2.0186 0.3155 0.4150 0.1365 -0.9246
5.9401 2.0279 0.3155 0.4150 0.1277 -0.9332
5.9524 2.0349 0.3155 0.4150 0.1238 -0.9374
5.9646 2.0391 0.3155 0.4150 0.1247 -0.9360
5.9782 2.0406 0.3155 0.4150 0.1266 -0.9353
5.9905 2.0423 0.3155 0.4150 0.1329 -0.9338
6.0027 2.0464 0.3155 0.4150 0.1436 -0.9335
6.0150 2.0525 0.3155 0.4150 0.1656 -0.9331
6.0272 2.0612 0.3155 0.4150 0.1806 -0.9363
6.0395 2.0720 0.3155 0.4150 0.1873 -0.9415
6.0531 2.0859 0.3155 0.4150 0.1898 -0.9424
6.0653 2.1005 0.3155 0.4150 0.1833 -0.9433
6.0789 2.1136 0.3155 0.4150 0.1682 -0.9470
6.0912 2.1246 0.3155 0.4150 0.1489 -0.9495
6.1048 2.1336 0.3155 0.4150 0.1388 -0.9434
6.1170 2.1412 0.3155 0.4150 0.1359 -0.9421
6.1306 2.1475 0.3155 0.4150 0.1381 -0.9421
6.1442 2.1530 0.3155 0.4150 0.1421 -0.9426
6.1565 2.1588 0.3155 0.4150 0.1457 -0.9453
6.1701 2.1656 0.3155 0.4150 0.1496 -0.9433
6.1837 2.1735 0.3155 0.4150 0.1503 -0.9334
6.1973 2.1845 0.3155 0.4150 0.1472 -0.9226
6.2095 2.1969 0.3155 0.4150 0.1417 -0.9212
6.2231 2.2079 0.3155 0.4150 0.1413 -0.9196
6.2367 2.2164 0.3155 0.4150 0.1442 -0.9400
6.2503 2.2220 0.3155 0.4150 0.1415 -0.9583
6.2639 2.2244 0.3155 0.4150 0.1372 -0.9641
6.2776 2.2223 0.3155 0.4150 0.1345 -0.9585
6.2912 2.2129 0.3155 0.4150 0.1326 -0.9531
6.3048 2.1960 0.3155 0.4150 0.1361 -0.9533
6.3170 1.9069 0.3155 0.4150 0.1421 -0.9603
6.3279 1.9026 0.3155 0.4150 0.1580 -0.9703
6.3401 1.9033 0.3155 0.4150 0.1601 -0.9544
6.3510 1.9071 0.3155 0.4150 0.1662 -0.9522
6.3633 1.9142 0.3155 0.4150 0.1728 -0.9505
6.3741 1.9239 0.3155 0.4150 0.1827 -0.9824
6.3864 1.9330 0.3155 0.4150 0.1891 -1.0000
6.3986 1.9397 0.3155 0.4150 0.1930 -1.0000
6.4095 1.9436 0.3155 0.4150 0.1928 -1.0000
6.4218 1.9448 0.3155 0.4150 0.1900 -1.0000
6.4340 1.9429 0.3155 0.4150 0.1885 -1.0000
6.4463 1.9376 0.3155 0.4150 0.1869 -1.0000
6.4571 1.9305 0.3155 0.4150 0.1822 -1.0000
6.4694 1.7856 0.3155 0.4150 0.1762 -1.0000
6.4803 1.7879 0.3155 0.4150 0.1629 -1.0000
6.4912 1.7894 0.3155 0.4150 0.1503 -0.9774
6.5007 1.7939 0.3155 0.4150 0.1427 -0.9590
6.5116 1.8015 0.3155 0.4150 0.1328 -0.9393
6.5238 1.8119 0.3155 0.4150 0.1394 -0.9410
6.5347 1.8216 0.3155 0.4150 0.1417 -0.9480
6.5456 1.8293 0.3155 0.4150 0.1335 -0.9436
6.5565 1.8349 0.3155 0.4150 0.1242 -0.9386
6.5687 1.8394 0.3155 0.4150 0.1169 -0.9340
6.5796 1.8436 0.3155 0.4150 0.1153 -0.9332
6.5905 1.8485 0.3155 0.4150 0.1210 -0.9369
6.6014 1.8546 0.3155 0.4150 0.1323 -0.9385
6.6136 1.8625 0.3155 0.4150 0.1441 -0.9337
6.6231 1.7332 0.3155 0.4150 0.1472 -0.9346
6.6340 1.7455 0.3155 0.4150 0.1366 -0.9221
6.6449 1.7563 0.3155 0.4150 0.1318 -0.9237
6.6558 1.7646 0.3155 0.4150 0.1311 -0.9344
6.6667 1.7700 0.3155 0.4150 0.1378 -0.9607
6.6776 1.7723 0.3155 0.4150 0.1364 -0.9668
6.6884 1.7700 0.3155 0.4150 0.1318 -0.9596
6.6993 1.7564 0.3155 0.4150 0.1369 -0.9572
6.7102 1.7350 0.3155 0.4150 0.1539 -0.9646
6.7197 1.7228 0.3155 0.4150 0.1652 -0.9607
6.7293 1.7213 0.3155 0.4150 0.1694 -0.9527
6.7401 1.7251 0.3155 0.4150 0.1710 -0.9387
6.7510 1.7327 0.3155 0.4150 0.1640 -0.9493
6.7605 1.7403 0.3155 0.4150 0.1481 -0.9725
6.7714 1.7456 0.3155 0.4150 0.1444 -0.9839
6.7823 1.7476 0.3155 0.4150 0.1478 -0.9997
6.7932 1.7453 0.3155 0.4150 0.1533 -1.0000
6.8041 1.7309 0.3155 0.4150 0.1655 -1.0000
6.8136 1.7055 0.3155 0.4150 0.1790 -1.0000
6.8245 1.6915 0.3155 0.4150 0.1743 -0.9987
6.8340 1.6906 0.3155 0.4150 0.1640 -0.9931
6.8435 1.6980 0.3155 0.4150 0.1460 -0.9653
6.8544 1.7034 0.3155 0.4150 0.1358 -0.9482
6.8653 1.7040 0.3155 0.4150 0.1280 -0.9398
6.8748 1.7027 0.3155 0.4150 0.0756 -0.9308
6.8857 1.7038 0.3155 0.4150 0.1473 -0.9391
6.8952 1.7081 0.3155 0.4150 0.1585 -0.9333
6.9061 1.7146 0.3155 0.4150 0.1639 -0.9314
6.9170 1.7235 0.3155 0.4150 0.1673 -0.9286
6.9265 1.7352 0.3155 0.4150 0.1580 -0.9375
6.9374 1.7471 0.3155 0.4150 0.1507 -0.9419
6.9483 1.7571 0.3155 0.4150 0.1407 -0.9485
6.9592 1.7648 0.3155 0.4150 0.1414 -0.9476
6.9701 1.7704 0.3155 0.4150 0.1441 -0.9470
6.9810 1.7742 0.3155 0.4150 0.1453 -0.9469
6.9918 1.7789 0.3155 0.4150 0.1481 -0.9437
7.0027 1.7855 0.3155 0.4150 0.1482 -0.9394
7.0136 1.7932 0.3155 0.4150 0.1484 -0.9302
7.0245 1.8026 0.3155 0.4150 0.1433 -0.9249
7.0354 1.8136 0.3155 0.4150 0.1366 -0.9246
7.0463 1.8269 0.3155 0.4150 0.1331 -0.9247
7.0571 1.8431 0.3155 0.4150 0.0748 -0.9142
7.0694 1.8595 0.3155 0.4150 0.1228 -0.9283
7.0803 1.8741 0.3155 0.4150 0.1201 -0.9323
7.0925 1.8867 0.3155 0.4150 0.1141 -0.9397
7.1034 1.8978 0.3155 0.4150 0.1142 -0.9378
7.1156 1.9077 0.3155 0.4150 0.1169 -0.9381
7.1265 1.9164 0.3155 0.4150 0.1280 -0.9426
7.1388 1.9241 0.3155 0.4150 0.1377 -0.9448
7.1510 1.9315 0.3155 0.4150 0.1437 -0.9473
7.1619 1.9396 0.3155 0.4150 0.1490 -0.9512
7.1741 1.9484 0.3155 0.4150 0.1573 -0.9451
7.1864 1.9580 0.3155 0.4150 0.1577 -0.9405
7.1986 1.9707 0.3155 0.4150 0.1564 -0.9304
7.2095 1.9849 0.3155 0.4150 0.1482 -0.9283
7.2218 1.9979 0.3155 0.4150 0.1592 -0.9268
7.2340 2.0086 0.3155 0.4150 0.1605 -0.9358
7.2463 2.0167 0.3155 0.4150 0.1645 -0.9570
7.2585 2.0221 0.3155 0.4150 0.1672 -0.9771
7.2721 2.0242 0.3155 0.4150 0.1638 -0.9726
7.2844 2.0218 0.3155 0.4150 0.1551 -0.9650
7.2966 2.0136 0.3155 0.4150 0.1412 -0.9561
7.3088 1.9240 0.3155 0.4150 0.1321 -0.9517
7.3184 1.7568 0.3155 0.4150 0.0581 -0.9285
7.3279 1.7637 0.3155 0.4150 0.1219 -0.9506
7.3388 1.7677 0.3155 0.4150 0.1227 -0.9406
7.3497 1.7722 0.3155 0.4150 0.1222 -0.9353
7.3605 1.7788 0.3155 0.4150 0.1253 -0.9302
7.3714 1.7890 0.3155 0.4150 0.1321 -0.9494
7.3823 1.7996 0.3155 0.4150 0.1419 -0.9798
7.3932 1.8084 0.3155 0.4150 0.1645 -1.0000
7.4041 1.8148 0.3155 0.4150 0.1830 -1.0000
7.4150 1.8188 0.3155 0.4150 0.1866 -1.0000
7.4272 1.8203 0.3155 0.4150 0.1901 -1.0000
7.4381 1.8190 0.3155 0.4150 0.1948 -1.0000
7.4490 1.8152 0.3155 0.4150 0.1983 -1.0000
7.4599 1.8105 0.3155 0.4150 0.2001 -1.0000
7.4707 1.5332 0.3155 0.4150 0.1987 -1.0000
7.4803 1.5354 0.3155 0.4150 0.1922 -1.0000
7.4898 1.5387 0.3155 0.4150 0.1839 -1.0000
7.4980 1.5443 0.3155 0.4150 0.1738 -0.9724
7.5075 1.5516 0.3155 0.4150 0.1066 -0.9505
7.5170 1.5620 0.3155 0.4150 0.0892 -0.9386
7.5265 1.5742 0.3155 0.4150 0.0757 -0.9339
7.5361 1.5855 0.3155 0.4150 0.1179 -0.9390
7.5456 1.5950 0.3155 0.4150 0.1089 -0.9334
7.5565 1.6028 0.3155 0.4150 0.1055 -0.9307
7.5660 1.6096 0.3155 0.4150 0.1086 -0.9311
7.5755 1.6160 0.3155 0.4150 0.0645 -0.9269
7.5850 1.6225 0.3155 0.4150 0.1382 -0.9411
7.5959 1.6298 0.3155 0.4150 0.1361 -0.9433
7.6054 1.6379 0.3155 0.4150 0.1371 -0.9353
7.6150 1.6435 0.3155 0.4150 0.0789 -0.9219
7.6259 1.6570 0.3155 0.4150 0.1412 -0.9267
7.6354 1.6698 0.3155 0.4150 0.0881 -0.9162
7.6463 1.6810 0.3155 0.4150 0.1499 -0.9328
7.6558 1.6899 0.3155 0.4150 0.0977 -0.9368
7.6667 1.6961 0.3155 0.4150 0.1524 -0.9667
7.6776 1.6992 0.3155 0.4150 0.1357 -0.9666
7.6871 1.6980 0.3155 0.4150 0.0631 -0.9466
7.6980 1.6879 0.3155 0.4150 0.1208 -0.9499
7.7075 1.6692 0.3155 0.4150 0.1255 -0.9529
7.7184 1.6570 0.3155 0.4150 0.1298 -0.9455
7.7279 1.6551 0.3155 0.4150 0.1314 -0.9364
7.7374 1.6585 0.3155 0.4150 0.1418 -0.9346
7.7469 1.6654 0.3155 0.4150 0.1080 -0.9362
7.7578 1.6737 0.3155 0.4150 0.1822 -0.9737
7.7673 1.6807 0.3155 0.4150 0.1912 -1.0000
7.7782 1.6848 0.3155 0.4150 0.1942 -1.0000
7.7878 1.6854 0.3155 0.4150 0.1315 -1.0000
7.7986 1.6794 0.3155 0.4150 0.1667 -1.0000
7.8082 1.6599 0.3155 0.4150 0.1552 -1.0000
7.8190 1.6401 0.3155 0.4150 0.1457 -0.9916
7.8272 1.6343 0.3155 0.4150 0.1373 -0.9858
7.8367 1.6377 0.3155 0.4150 0.1279 -0.9718
7.8476 1.6456 0.3155 0.4150 0.1288 -0.9530
7.8571 1.6499 0.3155 0.4150 0.1334 -0.9456
7.8680 1.6502 0.3155 0.4150 0.1331 -0.9410
7.8776 1.6499 0.3155 0.4150 0.1350 -0.9402
7.8871 1.6524 0.3155 0.4150 0.1398 -0.9360
7.8980 1.6576 0.3155 0.4150 0.1453 -0.9280
7.9075 1.6646 0.3155 0.4150 0.1524 -0.9269
7.9184 1.6740 0.3155 0.4150 0.1670 -0.9285
7.9279 1.6862 0.3155 0.4150 0.1630 -0.9402
7.9388 1.6984 0.3155 0.4150 0.1564 -0.9436
7.9483 1.7088 0.3155 0.4150 0.0901 -0.9424
7.9592 1.7168 0.3155 0.4150 0.1425 -0.9481
7.9701 1.7229 0.3155 0.4150 0.1384 -0.9444
7.9810 1.7271 0.3155 0.4150 0.1372 -0.9435
7.9905 1.7322 0.3155 0.4150 0.0884 -0.9339
8.0014 1.7390 0.3155 0.4150 0.1547 -0.9419
8.0122 1.7468 0.3155 0.4150 0.1660 -0.9370
8.0231 1.7562 0.3155 0.4150 0.1705 -0.9353
8.0340 1.7671 0.3155 0.4150 0.1670 -0.9363
8.0435 1.7798 0.3155 0.4150 0.1584 -0.9344
8.0558 1.7958 0.3155 0.4150 0.1460 -0.9287
8.0667 1.8128 0.3155 0.4150 0.1313 -0.9264
8.0776 1.8283 0.3155 0.4150 0.1175 -0.9311
8.0884 1.8418 0.3155 0.4150 0.1079 -0.9377
8.0993 1.8536 0.3155 0.4150 0.0510 -0.9274
8.1116 1.8642 0.3155 0.4150 0.1089 -0.9349
8.1224 1.8737 0.3155 0.4150 0.1118 -0.9363
8.1347 1.8821 0.3155 0.4150 0.1129 -0.9354
8.1456 1.8897 0.3155 0.4150 0.1156 -0.9360
8.1578 1.8978 0.3155 0.4150 0.1260 -0.9410
8.1687 1.9066 0.3155 0.4150 0.1421 -0.9439
8.1810 1.9160 0.3155 0.4150 0.1564 -0.9398
8.1918 1.9272 0.3155 0.4150 0.1663 -0.9391
8.2041 1.9413 0.3155 0.4150 0.1723 -0.9374
8.2163 1.9555 0.3155 0.4150 0.1694 -0.9362
8.2286 1.9677 0.3155 0.4150 0.1593 -0.9303
8.2395 1.9776 0.3155 0.4150 0.1492 -0.9459
8.2517 1.9849 0.3155 0.4150 0.1433 -0.9624
8.2639 1.9893 0.3155 0.4150 0.1580 -0.9723
8.2762 1.9901 0.3155 0.4150 0.1587 -0.9689
8.2884 1.9862 0.3155 0.4150 0.1596 -0.9652
8.3007 1.9767 0.3155 0.4150 0.1430 -0.9601
8.3129 1.9532 0.3155 0.4150 0.1409 -0.9636
8.3252 1.9453 0.3155 0.4150 0.1299 -0.9588
8.3361 1.9434 0.3155 0.4150 0.1226 -0.9484
8.3483 1.9460 0.3155 0.4150 0.1223 -0.9322
8.3592 1.9520 0.3155 0.4150 0.1286 -0.9310
8.3714 1.9612 0.3155 0.4150 0.1343 -0.9507
8.3837 1.9702 0.3155 0.4150 0.1380 -0.9788
8.3959 1.9771 0.3155 0.4150 0.1427 -0.9952
8.4082 1.9811 0.3155 0.4150 0.1462 -0.9995
8.4204 1.9823 0.3155 0.4150 0.1502 -1.0000
8.4327 1.9803 0.3155 0.4150 0.1663 -1.0000
8.4449 1.9747 0.3155 0.4150 0.1869 -1.0000
8.4558 1.9669 0.3155 0.4150 0.1910 -1.0000
8.4680 1.7008 0.3155 0.4150 0.1930 -1.0000
8.4789 1.7113 0.3155 0.4150 0.1895 -1.0000
8.4884 1.7125 0.3155 0.4150 0.1884 -1.0000
8.4993 1.7168 0.3155 0.4150 0.1840 -0.9763
8.5102 1.7239 0.3155 0.4150 0.1746 -0.9621
8.5197 1.7344 0.3155 0.4150 0.1038 -0.9424
8.5306 1.7452 0.3155 0.4150 0.1485 -0.9471
8.5415 1.7542 0.3155 0.4150 0.1383 -0.9457
8.5524 1.7612 0.3155 0.4150 0.1344 -0.9421
8.5633 1.7668 0.3155 0.4150 0.1296 -0.9387
8.5741 1.7717 0.3155 0.4150 0.1239 -0.9357
8.5850 1.7768 0.3155 0.4150 0.1176 -0.9336
8.5959 1.7828 0.3155 0.4150 0.1116 -0.9331
8.6068 1.7899 0.3155 0.4150 0.1170 -0.9264
8.6163 1.3823 0.3155 0.4150 0.1209 -0.9100
8.6231 1.0953 0.3155 0.4150 0.1576 -0.9443
8.6299 1.1165 0.3155 0.4150 0.1723 -0.9449
8.6367 1.1343 0.3155 0.4150 0.1696 -0.9336
8.6449 1.1502 0.3155 0.4150 0.1609 -0.9333
8.6517 1.1648 0.3155 0.4150 0.0984 -0.9302
8.6585 1.1778 0.3155 0.4150 0.0951 -0.9413
8.6653 1.1890 0.3155 0.4150 0.1531 -0.9621
8.6735 1.1980 0.3155 0.4150 0.1585 -0.9744
8.6803 1.2045 0.3155 0.4150 0.1045 -0.9645
8.6884 1.2081 0.3155 0.4150 0.1579 -0.9690
8.6952 1.2081 0.3155 0.4150 0.0892 -0.9545
8.7034 1.2046 0.3155 0.4150 0.1340 -0.9542
8.7102 1.2004 0.3155 0.4150 0.0711 -0.9433
8.7170 1.1991 0.3155 0.4150 0.1354 -0.9428
8.7238 1.2018 0.3155 0.4150 0.1414 -0.9334
8.7306 1.2071 0.3155 0.4150 0.1411 -0.9232
8.7374 1.2135 0.3155 0.4150 0.1477 -0.9198
8.7456 1.2206 0.3155 0.4150 0.1662 -0.9255
8.7524 1.2303 0.3155 0.4150 0.1303 -0.9465
8.7605 1.2418 0.3155 0.4150 0.1945 -0.9751
8.7673 1.2528 0.3155 0.4150 0.1989 -0.9994
8.7755 1.2617 0.3155 0.4150 0.1404 -1.0000
8.7837 1.2682 0.3155 0.4150 0.1758 -1.0000
8.7905 1.2716 0.3155 0.4150 0.1630 -1.0000
8.7986 1.2711 0.3155 0.4150 0.1062 -0.9967
8.8068 1.2653 0.3155 0.4150 0.1069 -0.9940
8.8150 1.2567 0.3155 0.4150 0.1672 -1.0000
8.8218 1.2529 0.3155 0.4150 0.1196 -0.9937
8.8286 1.2554 0.3155 0.4150 0.1244 -0.9961
8.8354 1.2610 0.3155 0.4150 0.1736 -0.9964
8.8435 1.2696 0.3155 0.4150 0.1629 -0.9780
8.8503 1.2784 0.3155 0.4150 0.1499 -0.9539
8.8585 1.2848 0.3155 0.4150 0.1419 -0.9442
8.8667 1.2892 0.3155 0.4150 0.0835 -0.9323
8.8748 1.2932 0.3155 0.4150 0.0936 -0.9343
8.8830 1.2981 0.3155 0.4150 0.1590 -0.9398
8.8898 1.3045 0.3155 0.4150 0.1630 -0.9350
8.8980 1.3120 0.3155 0.4150 0.1114 -0.9236
8.9061 1.3205 0.3155 0.4150 0.1145 -0.9199
8.9143 1.3299 0.3155 0.4150 0.1164 -0.9162
8.9224 1.3417 0.3155 0.4150 0.1113 -0.9214
8.9306 1.3564 0.3155 0.4150 0.1092 -0.9284
8.9388 1.3714 0.3155 0.4150 0.1090 -0.9352
8.9469 1.3847 0.3155 0.4150 0.1589 -0.9516
8.9565 1.3960 0.3155 0.4150 0.1569 -0.9508
8.9646 1.4056 0.3155 0.4150 0.1515 -0.9477
8.9728 1.4137 0.3155 0.4150 0.0865 -0.9348
8.9823 1.4205 0.3155 0.4150 0.1316 -0.9380
8.9905 1.4279 0.3155 0.4150 0.0697 -0.9221
8.9986 1.4369 0.3155 0.4150 0.1251 -0.9244
9.0082 1.4462 0.3155 0.4150 0.1288 -0.9218
9.0163 1.4563 0.3155 0.4150 0.0820 -0.9071
9.0259 1.4674 0.3155 0.4150 0.1420 -0.9185
9.0340 1.4797 0.3155 0.4150 0.1378 -0.9253
9.0435 1.4930 0.3155 0.4150 0.0836 -0.9186
9.0531 1.5095 0.3155 0.4150 0.1409 -0.9274
9.0626 1.5286 0.3155 0.4150 0.1433 -0.9319
9.0721 1.5473 0.3155 0.4150 0.1498 -0.9385
9.0816 1.5642 0.3155 0.4150 0.1480 -0.9481
9.0912 1.5793 0.3155 0.4150 0.1480 -0.9530
9.1007 1.5930 0.3155 0.4150 0.1486 -0.9514
9.1102 1.6058 0.3155 0.4150 0.1455 -0.9492
9.1197 1.6178 0.3155 0.4150 0.0809 -0.9377
9.1306 1.6286 0.3155 0.4150 0.1257 -0.9407
9.1401 1.6385 0.3155 0.4150 0.1194 -0.9375
9.1497 1.6480 0.3155 0.4150 0.0632 -0.9293
9.1605 1.6581 0.3155 0.4150 0.1239 -0.9405
9.1701 1.6687 0.3155 0.4150 0.1326 -0.9403
9.1810 1.6796 0.3155 0.4150 0.1419 -0.9339
9.1905 1.6914 0.3155 0.4150 0.1440 -0.9298
9.2014 1.7065 0.3155 0.4150 0.1387 -0.9230
9.2109 1.7228 0.3155 0.4150 0.1285 -0.9196
9.2218 1.7379 0.3155 0.4150 0.1248 -0.9176
9.2327 1.7511 0.3155 0.4150 0.1262 -0.9269
9.2435 1.7621 0.3155 0.4150 0.1273 -0.9470
9.2544 1.7708 0.3155 0.4150 0.1224 -0.9537
9.2653 1.7768 0.3155 0.4150 0.1202 -0.9611
9.2762 1.7798 0.3155 0.4150 0.1186 -0.9576
9.2871 1.7794 0.3155 0.4150 0.1178 -0.9543
9.2980 1.7749 0.3155 0.4150 0.1270 -0.9554
9.3088 1.7624 0.3155 0.4150 0.1488 -0.9632
9.3197 1.7619 0.3155 0.4150 0.1562 -0.9687
9.3306 1.7603 0.3155 0.4150 0.1596 -0.9716
9.3401 1.7627 0.3155 0.4150 0.1640 -0.9559
9.3510 1.7677 0.3155 0.4150 0.1707 -0.9540
9.3619 1.7752 0.3155 0.4150 0.1760 -0.9514
9.3728 1.7857 0.3155 0.4150 0.1836 -0.9819
9.3837 1.7962 0.3155 0.4150 0.1872 -0.9989
9.3946 1.8047 0.3155 0.4150 0.1881 -1.0000
9.4054 1.8108 0.3155 0.4150 0.1300 -1.0000
9.4177 1.8145 0.3155 0.4150 0.1849 -1.0000
9.4286 1.8157 0.3155 0.4150 0.1830 -1.0000
9.4395 1.8141 0.3155 0.4150 0.1788 -1.0000
9.4503 1.8101 0.3155 0.4150 0.1728 -1.0000
9.4612 1.8056 0.3155 0.4150 0.1643 -1.0000
9.4721 1.8219 0.3155 0.4150 0.1592 -1.0000
9.4830 1.8231 0.3155 0.4150 0.1544 -0.9957
9.4939 1.8265 0.3155 0.4150 0.1565 -0.9788
9.5048 1.8316 0.3155 0.4150 0.1637 -0.9592
9.5156 1.8404 0.3155 0.4150 0.1579 -0.9456
9.5279 1.8506 0.3155 0.4150 0.1379 -0.9445
9.5388 1.8593 0.3155 0.4150 0.1237 -0.9415
9.5510 1.8657 0.3155 0.4150 0.1161 -0.9360
9.5619 1.8704 0.3155 0.4150 0.1158 -0.9343
9.5728 1.8743 0.3155 0.4150 0.0650 -0.9275
9.5850 1.8784 0.3155 0.4150 0.1271 -0.9383
9.5959 1.8835 0.3155 0.4150 0.1309 -0.9421
9.6082 1.8901 0.3155 0.4150 0.1316 -0.9333
9.6190 1.7633 0.3155 0.4150 0.1293 -0.9241
9.6299 1.7754 0.3155 0.4150 0.1309 -0.9194
9.6408 1.7867 0.3155 0.4150 0.1312 -0.9165
9.6517 1.7957 0.3155 0.4150 0.1404 -0.9391
9.6626 1.8019 0.3155 0.4150 0.1382 -0.9505
9.6735 1.8051 0.3155 0.4150 0.1396 -0.9702
9.6844 1.8045 0.3155 0.4150 0.1488 -0.9684
9.6952 1.7946 0.3155 0.4150 0.1604 -0.9678
9.7061 1.7725 0.3155 0.4150 0.1087 -0.9605
9.7170 1.7555 0.3155 0.4150 0.1667 -0.9717
9.7265 1.7509 0.3155 0.4150 0.1625 -0.9494
9.7374 1.7533 0.3155 0.4150 0.1452 -0.9260
9.7483 1.7601 0.3155 0.4150 0.1338 -0.9338
9.7592 1.7677 0.3155 0.4150 0.1361 -0.9561
9.7701 1.7733 0.3155 0.4150 0.1425 -0.9824
9.7810 1.7757 0.3155 0.4150 0.1517 -0.9999
9.7918 1.7742 0.3155 0.4150 0.1680 -1.0000
9.8027 1.7616 0.3155 0.4150 0.1854 -1.0000
9.8122 1.7352 0.3155 0.4150 0.1333 -1.0000
9.8231 1.7180 0.3155 0.4150 0.1813 -1.0000
9.8327 1.7152 0.3155 0.4150 0.1657 -0.9939
9.8422 1.7221 0.3155 0.4150 0.1480 -0.9722
9.8531 1.7277 0.3155 0.4150 0.1318 -0.9476
9.8639 1.7284 0.3155 0.4150 0.1363 -0.9437
9.8748 1.7267 0.3155 0.4150 0.1427 -0.9435
9.8857 1.7274 0.3155 0.4150 0.1480 -0.9393
9.8952 1.7314 0.3155 0.4150 0.1573 -0.9332
9.9061 1.7377 0.3155 0.4150 0.1618 -0.9305
9.9170 1.7466 0.3155 0.4150 0.1642 -0.9273
9.9279 1.7582 0.3155 0.4150 0.1547 -0.9364
9.9374 1.7699 0.3155 0.4150 0.1502 -0.9412
9.9483 1.7796 0.3155 0.4150 0.1448 -0.9498
9.9592 1.7870 0.3155 0.4150 0.1457 -0.9490
9.9714 1.7923 0.3155 0.4150 0.1445 -0.9469
9.9823 1.7958 0.3155 0.4150 0.1410 -0.9450
9.9932 1.8005 0.3155 0.4150 0.1388 -0.9400
10.0041 1.8070 0.3155 0.4150 0.1377 -0.9300
10.0150 1.8147 0.3155 0.4150 0.1336 -0.9244
10.0259 1.8243 0.3155 0.4150 0.1332 -0.9211
10.0367 1.8354 0.3155 0.4150 0.1323 -0.9233
10.0476 1.8491 0.3155 0.4150 0.0765 -0.9161
10.0599 1.8654 0.3155 0.4150 0.1327 -0.9228
10.0707 1.8815 0.3155 0.4150 0.1265 -0.9299
10.0830 1.8955 0.3155 0.4150 0.1196 -0.9373
10.0939 1.9077 0.3155 0.4150 0.1161 -0.9404
10.1061 1.9184 0.3155 0.4150 0.1208 -0.9400
10.1170 1.9278 0.3155 0.4150 0.1327 -0.9445
10.1293 1.9362 0.3155 0.4150 0.1402 -0.9469
10.1415 1.9435 0.3155 0.4150 0.1452 -0.9476
10.1537 1.9509 0.3155 0.4150 0.1484 -0.9495
10.1646 1.9590 0.3155 0.4150 0.1485 -0.9517
10.1769 1.9679 0.3155 0.4150 0.1498 -0.9424
10.1891 1.9780 0.3155 0.4150 0.1471 -0.9310
10.2014 1.9913 0.3155 0.4150 0.1601 -0.9281
10.2136 2.0053 0.3155 0.4150 0.1596 -0.9278
10.2259 2.0175 0.3155 0.4150 0.1620 -0.9270
10.2381 2.0273 0.3155 0.4150 0.1667 -0.9485
10.2503 2.0345 0.3155 0.4150 0.1685 -0.9687
10.2626 2.0388 0.3155 0.4150 0.1647 -0.9753
10.2748 2.0395 0.3155 0.4150 0.1528 -0.9669
10.2884 2.0351 0.3155 0.4150 0.1382 -0.9569
10.3007 2.0247 0.3155 0.4150 0.1311 -0.9515
10.3129 1.8763 0.3155 0.4150 0.1198 -0.9552
10.3238 1.8669 0.3155 0.4150 0.1201 -0.9522
10.3347 1.8668 0.3155 0.4150 0.1198 -0.9467
10.3456 1.8697 0.3155 0.4150 0.1203 -0.9312
10.3565 1.8751 0.3155 0.4150 0.1244 -0.9277
10.3687 1.8842 0.3155 0.4150 0.1318 -0.9481
10.3796 1.8942 0.3155 0.4150 0.1465 -0.9813
10.3918 1.9025 0.3155 0.4150 0.1731 -1.0000
10.4041 1.9083 0.3155 0.4150 0.1843 -1.0000
10.4150 1.9114 0.3155 0.4150 0.1872 -1.0000
10.4272 1.9118 0.3155 0.4150 0.1918 -1.0000
10.4381 1.9089 0.3155 0.4150 0.1966 -1.0000
10.4503 1.9033 0.3155 0.4150 0.1994 -1.0000
10.4612 1.8970 0.3155 0.4150 0.1450 -1.0000
10.4735 1.7796 0.3155 0.4150 0.1949 -1.0000
10.4844 1.7791 0.3155 0.4150 0.1892 -1.0000
10.4939 1.7815 0.3155 0.4150 0.1793 -0.9872
10.5048 1.7869 0.3155 0.4150 0.1100 -0.9535
10.5156 1.7960 0.3155 0.4150 0.0969 -0.9372
10.5265 1.8065 0.3155 0.4150 0.0798 -0.9359
10.5388 1.8157 0.3155 0.4150 0.1229 -0.9409
10.5497 1.8227 0.3155 0.4150 0.1127 -0.9347
10.5605 1.8279 0.3155 0.4150 0.1064 -0.9307
10.5714 1.8323 0.3155 0.4150 0.1063 -0.9299
10.5823 1.8367 0.3155 0.4150 0.1132 -0.9324
10.5946 1.8420 0.3155 0.4150 0.1321 -0.9409
10.6054 1.8486 0.3155 0.4150 0.1499 -0.9390
10.6163 1.6293 0.3155 0.4150 0.1478 -0.9257
10.6259 1.6435 0.3155 0.4150 0.1492 -0.9319
10.6367 1.6564 0.3155 0.4150 0.1424 -0.9241
10.6463 1.6675 0.3155 0.4150 0.0853 -0.9209
10.6571 1.6763 0.3155 0.4150 0.1461 -0.9418
10.6667 1.6824 0.3155 0.4150 0.1508 -0.9654
10.6776 1.6855 0.3155 0.4150 0.1514 -0.9728
10.6884 1.6843 0.3155 0.4150 0.1419 -0.9640
10.6980 1.6738 0.3155 0.4150 0.0656 -0.9438
10.7088 1.6557 0.3155 0.4150 0.1203 -0.9486
10.7184 1.6443 0.3155 0.4150 0.1214 -0.9412
10.7279 1.6427 0.3155 0.4150 0.1320 -0.9364
10.7374 1.6462 0.3155 0.4150 0.1360 -0.9322
10.7469 1.6532 0.3155 0.4150 0.0860 -0.9272
10.7578 1.6616 0.3155 0.4150 0.1598 -0.9644
10.7673 1.6687 0.3155 0.4150 0.1830 -0.9983
10.7782 1.6730 0.3155 0.4150 0.1943 -1.0000
10.7878 1.6738 0.3155 0.4150 0.1988 -1.0000
10.7986 1.6684 0.3155 0.4150 0.1984 -1.0000
10.8082 1.6498 0.3155 0.4150 0.1820 -1.0000
10.8177 1.6300 0.3155 0.4150 0.0969 -0.9867
10.8272 1.6240 0.3155 0.4150 0.0808 -0.9776
10.8367 1.6269 0.3155 0.4150 0.1199 -0.9696
10.8463 1.6349 0.3155 0.4150 0.0520 -0.9378
10.8571 1.6396 0.3155 0.4150 0.1130 -0.9377
10.8667 1.6402 0.3155 0.4150 0.1263 -0.9389
10.8762 1.6399 0.3155 0.4150 0.1332 -0.9392
10.8871 1.6423 0.3155 0.4150 0.1399 -0.9359
10.8966 1.6473 0.3155 0.4150 0.1507 -0.9302
10.9061 1.6542 0.3155 0.4150 0.0981 -0.9189
10.9170 1.6632 0.3155 0.4150 0.1548 -0.9234
10.9265 1.6753 0.3155 0.4150 0.1540 -0.9362
10.9374 1.6878 0.3155 0.4150 0.1570 -0.9439
10.9469 1.6984 0.3155 0.4150 0.0924 -0.9431
10.9578 1.7069 0.3155 0.4150 0.1453 -0.9493
10.9687 1.7132 0.3155 0.4150 0.1423 -0.9461
10.9782 1.7178 0.3155 0.4150 0.1401 -0.9445
10.9891 1.7226 0.3155 0.4150 0.1426 -0.9415
11.0000 1.7293 0.3155 0.4150 0.1484 -0.9389
11.0109 1.7370 0.3155 0.4150 0.1613 -0.9348
11.0204 1.7461 0.3155 0.4150 0.1156 -0.9271
11.0313 1.7569 0.3155 0.4150 0.1738 -0.9390
11.0422 1.7691 0.3155 0.4150 0.1714 -0.9398
11.0531 1.7847 0.3155 0.4150 0.1639 -0.9365
11.0639 1.8018 0.3155 0.4150 0.1480 -0.9337
11.0748 1.8177 0.3155 0.4150 0.1280 -0.9357
11.0871 1.8316 0.3155 0.4150 0.1149 -0.9349
11.0980 1.8438 0.3155 0.4150 0.1068 -0.9357
11.1088 1.8546 0.3155 0.4150 0.1058 -0.9338
11.1211 1.8644 0.3155 0.4150 0.1070 -0.9341
11.1320 1.8731 0.3155 0.4150 0.1098 -0.9344
11.1429 1.8809 0.3155 0.4150 0.1126 -0.9350
11.1551 1.8888 0.3155 0.4150 0.1143 -0.9360
11.1660 1.8976 0.3155 0.4150 0.1239 -0.9365
11.1782 1.9069 0.3155 0.4150 0.1404 -0.9384
11.1891 1.9174 0.3155 0.4150 0.1581 -0.9355
11.2014 1.9312 0.3155 0.4150 0.1685 -0.9353
11.2136 1.9456 0.3155 0.4150 0.1728 -0.9376
11.2245 1.9584 0.3155 0.4150 0.1721 -0.9365
11.2367 1.9690 0.3155 0.4150 0.1665 -0.9530
11.2490 1.9770 0.3155 0.4150 0.1553 -0.9675
11.2612 1.9822 0.3155 0.4150 0.1444 -0.9711
11.2735 1.9840 0.3155 0.4150 0.1384 -0.9654
11.2857 1.9815 0.3155 0.4150 0.1381 -0.9613
11.2980 1.9734 0.3155 0.4150 0.1402 -0.9592
11.3102 1.9440 0.3155 0.4150 0.1398 -0.9557
11.3211 1.9455 0.3155 0.4150 0.1440 -0.9639
11.3333 1.9421 0.3155 0.4150 0.1382 -0.9530
11.3456 1.9438 0.3155 0.4150 0.1297 -0.9439
11.3565 1.9488 0.3155 0.4150 0.1252 -0.9271
11.3687 1.9575 0.3155 0.4150 0.1315 -0.9473
11.3810 1.9668 0.3155 0.4150 0.1407 -0.9781
11.3932 1.9744 0.3155 0.4150 0.1433 -0.9941
11.4041 1.9792 0.3155 0.4150 0.0878 -0.9897
11.4163 1.9812 0.3155 0.4150 0.1469 -1.0000
11.4286 1.9801 0.3155 0.4150 0.1496 -1.0000
11.4408 1.9754 0.3155 0.4150 0.1557 -1.0000
11.4531 1.9679 0.3155 0.4150 0.1771 -1.0000
11.4653 1.9606 0.3155 0.4150 0.1885 -1.0000
11.4762 1.8382 0.3155 0.4150 0.1848 -1.0000
11.4871 1.8372 0.3155 0.4150 0.1286 -0.9919
11.4993 1.8400 0.3155 0.4150 0.1801 -0.9740
11.5102 1.8466 0.3155 0.4150 0.1713 -0.9494
11.5211 1.8565 0.3155 0.4150 0.1607 -0.9495
11.5320 1.8661 0.3155 0.4150 0.0934 -0.9432
11.5442 1.8737 0.3155 0.4150 0.1440 -0.9461
11.5551 1.8792 0.3155 0.4150 0.1382 -0.9421
11.5673 1.8833 0.3155 0.4150 0.1342 -0.9386
11.5782 1.8870 0.3155 0.4150 0.1323 -0.9376
11.5905 1.8914 0.3155 0.4150 0.1284 -0.9370
11.6014 1.8971 0.3155 0.4150 0.1279 -0.9337
11.6136 1.9048 0.3155 0.4150 0.1285 -0.9246
11.6245 1.9151 0.3155 0.4150 0.1309 -0.9145
11.6367 1.9261 0.3155 0.4150 0.1472 -0.9156
11.6476 1.9346 0.3155 0.4150 0.1774 -0.9337
11.6599 1.9401 0.3155 0.4150 0.1817 -0.9550
11.6721 1.9426 0.3155 0.4150 0.1831 -0.9726
11.6844 1.9412 0.3155 0.4150 0.1707 -0.9646
11.6952 1.9285 0.3155 0.4150 0.1612 -0.9542
11.7075 1.8988 0.3155 0.4150 0.1586 -0.9504
11.7184 1.8770 0.3155 0.4150 0.1622 -0.9443
11.7293 1.8711 0.3155 0.4150 0.1494 -0.9364
11.7401 1.8734 0.3155 0.4150 0.1574 -0.9262
11.7510 1.8800 0.3155 0.4150 0.1661 -0.9434
11.7633 1.8856 0.3155 0.4150 0.1736 -0.9738
11.7741 1.8888 0.3155 0.4150 0.1818 -0.9962
11.7864 1.8887 0.3155 0.4150 0.1770 -0.9998
11.7973 1.8801 0.3155 0.4150 0.1809 -0.9988
11.8082 1.8524 0.3155 0.4150 0.1889 -1.0000
11.8190 1.8241 0.3155 0.4150 0.1894 -0.9933
11.8299 1.8124 0.3155 0.4150 0.1048 -0.9652
11.8408 1.8188 0.3155 0.4150 0.1480 -0.9577
11.8517 1.8240 0.3155 0.4150 0.1534 -0.9310
11.8639 1.8248 0.3155 0.4150 0.1538 -0.9222
11.8748 1.8203 0.3155 0.4150 0.1542 -0.9183
11.8844 1.8182 0.3155 0.4150 0.1025 -0.9024
11.8952 1.8224 0.3155 0.4150 0.1696 -0.9121
11.9061 1.8287 0.3155 0.4150 0.1723 -0.9110
11.9170 1.8375 0.3155 0.4150 0.0930 -0.8914
11.9293 1.8486 0.3155 0.4150 0.1287 -0.9015
11.9401 1.8593 0.3155 0.4150 0.1161 -0.9049
11.9510 1.8677 0.3155 0.4150 0.1124 -0.9056
11.9633 1.8735 0.3155 0.4150 0.1346 -0.9057
11.9741 1.8776 0.3155 0.4150 0.1431 -0.9085
11.9850 1.8722 0.3155 0.4150 0.1407 -0.8938
11.9959 1.8789 0.3155 0.4150 0.1505 -0.8896
12.0068 1.8852 0.3155 0.4150 0.0983 -0.8756
12.0190 1.8928 0.3155 0.4150 0.1606 -0.8749
12.0299 1.9027 0.3155 0.4150 0.1408 -0.8727
12.0422 1.9143 0.3155 0.4150 0.1389 -0.9046
12.0531 1.9292 0.3155 0.4150 0.1850 -0.9695
12.0653 1.9452 0.3155 0.4150 0.1802 -0.9702
12.0776 1.9596 0.3155 0.4150 0.1688 -0.9771
12.0898 1.9721 0.3155 0.4150 0.1751 -0.9864
12.1020 1.9827 0.3155 0.4150 0.1732 -0.9834
12.1143 1.9920 0.3155 0.4150 0.1718 -0.9818
12.1265 2.0001 0.3155 0.4150 0.1719 -0.9814
12.1388 2.0071 0.3155 0.4150 0.1744 -0.9799
12.1510 2.0138 0.3155 0.4150 0.1754 -0.9799
12.1633 2.0212 0.3155 0.4150 0.1704 -0.9813
12.1755 2.0295 0.3155 0.4150 0.1777 -0.9752
12.1878 2.0389 0.3155 0.4150 0.1875 -0.9676
12.2000 2.0516 0.3155 0.4150 0.1942 -0.9654
12.2122 2.0651 0.3155 0.4150 0.1979 -0.9669
12.2245 2.0769 0.3155 0.4150 0.1848 -0.9623
12.2381 2.0862 0.3155 0.4150 0.1799 -0.9798
12.2503 2.0929 0.3155 0.4150 0.1771 -0.9984
12.2639 2.0966 0.3155 0.4150 0.1756 -1.0000
12.2762 2.0964 0.3155 0.4150 0.1748 -1.0000
12.2898 2.0906 0.3155 0.4150 0.1750 -0.9981
12.3020 2.0782 0.3155 0.4150 0.1654 -0.9881
12.3143 1.9213 0.3155 0.4150 0.1380 -0.9885
12.3252 1.9136 0.3155 0.4150 0.1412 -0.9870
12.3374 1.9137 0.3155 0.4150 0.1554 -0.9874
12.3483 1.9168 0.3155 0.4150 0.1665 -0.9766
12.3605 1.9229 0.3155 0.4150 0.1752 -0.9753
12.3714 1.9323 0.3155 0.4150 0.1850 -0.9967
12.3837 1.9416 0.3155 0.4150 0.1911 -1.0000
12.3959 1.9487 0.3155 0.4150 0.1904 -1.0000
12.4068 1.9532 0.3155 0.4150 0.1270 -1.0000
12.4190 1.9549 0.3155 0.4150 0.1754 -1.0000
12.4313 1.9534 0.3155 0.4150 0.1740 -1.0000
12.4435 1.9486 0.3155 0.4150 0.1775 -1.0000
12.4558 1.9414 0.3155 0.4150 0.1819 -1.0000
12.4667 1.9258 0.3155 0.4150 0.1837 -1.0000
12.4789 1.9280 0.3155 0.4150 0.1800 -1.0000
12.4898 1.9284 0.3155 0.4150 0.1665 -1.0000
12.5020 1.9319 0.3155 0.4150 0.1476 -0.9863
12.5129 1.9393 0.3155 0.4150 0.0690 -0.9534
12.5252 1.9487 0.3155 0.4150 0.1127 -0.9612
12.5374 1.9569 0.3155 0.4150 0.1081 -0.9612
12.5497 1.9627 0.3155 0.4150 0.1041 -0.9572
12.5619 1.9664 0.3155 0.4150 0.1008 -0.9542
12.5741 1.9693 0.3155 0.4150 0.1017 -0.9536
12.5850 1.9725 0.3155 0.4150 0.1041 -0.9553
12.5973 1.9769 0.3155 0.4150 0.1138 -0.9558
12.6095 1.9831 0.3155 0.4150 0.1396 -0.9624
12.6218 1.9814 0.3155 0.4150 0.1620 -0.9617
12.6340 1.9919 0.3155 0.4150 0.1841 -0.9617
12.6463 2.0003 0.3155 0.4150 0.1869 -0.9694
12.6585 2.0058 0.3155 0.4150 0.1913 -0.9935
12.6707 2.0080 0.3155 0.4150 0.1923 -1.0000
12.6830 2.0065 0.3155 0.4150 0.1908 -1.0000
12.6952 1.9929 0.3155 0.4150 0.1854 -0.9988
12.7061 1.9623 0.3155 0.4150 0.1653 -0.9944
12.7184 1.9385 0.3155 0.4150 0.1615 -0.9857
12.7293 1.9314 0.3155 0.4150 0.1061 -0.9686
12.7415 1.9336 0.3155 0.4150 0.1632 -0.9629
12.7524 1.9402 0.3155 0.4150 0.1662 -0.9787
12.7646 1.9452 0.3155 0.4150 0.1677 -1.0000
12.7769 1.9472 0.3155 0.4150 0.1662 -1.0000
12.7891 1.9453 0.3155 0.4150 0.1635 -1.0000
12.8000 1.9310 0.3155 0.4150 0.1667 -1.0000
12.8122 1.8971 0.3155 0.4150 0.1697 -1.0000
12.8231 1.8724 0.3155 0.4150 0.1753 -1.0000
12.8340 1.8670 0.3155 0.4150 0.1719 -1.0000
12.8449 1.8733 0.3155 0.4150 0.1463 -0.9883
12.8571 1.8766 0.3155 0.4150 0.1293 -0.9694
12.8680 1.8737 0.3155 0.4150 0.1204 -0.9617
12.8803 1.8704 0.3155 0.4150 0.1187 -0.9592
12.8912 1.8714 0.3155 0.4150 0.1326 -0.9540
12.9020 1.8759 0.3155 0.4150 0.1485 -0.9508
12.9143 1.8834 0.3155 0.4150 0.1572 -0.9499
12.9252 1.8939 0.3155 0.4150 0.1517 -0.9553
12.9374 1.9046 0.3155 0.4150 0.1280 -0.9578
12.9483 1.9133 0.3155 0.4150 0.1299 -0.9636
12.9605 1.9195 0.3155 0.4150 0.1274 -0.9620
12.9728 1.9232 0.3155 0.4150 0.1331 -0.9640
12.9837 1.9256 0.3155 0.4150 0.1197 -0.9632
12.9959 1.9296 0.3155 0.4150 0.1244 -0.9606
13.0068 1.9354 0.3155 0.4150 0.1421 -0.9586
13.0190 1.9431 0.3155 0.4150 0.1688 -0.9599
13.0313 1.9529 0.3155 0.4150 0.1810 -0.9674
13.0435 1.9647 0.3155 0.4150 0.1837 -0.9705
13.0544 1.9796 0.3155 0.4150 0.1810 -0.9689
13.0667 1.9951 0.3155 0.4150 0.1776 -0.9670
13.0789 2.0088 0.3155 0.4150 0.1447 -0.9633
13.0912 2.0205 0.3155 0.4150 0.1266 -0.9661
13.1048 2.0304 0.3155 0.4150 0.1546 -0.9678
13.1170 2.0390 0.3155 0.4150 0.1256 -0.9636
13.1293 2.0464 0.3155 0.4150 0.1343 -0.9666
13.1415 2.0528 0.3155 0.4150 0.1498 -0.9716
13.1537 2.0593 0.3155 0.4150 0.1596 -0.9762
13.1673 2.0667 0.3155 0.4150 0.1657 -0.9750
13.1796 2.0749 0.3155 0.4150 0.1712 -0.9730
13.1918 2.0852 0.3155 0.4150 0.1782 -0.9656
13.2054 2.0983 0.3155 0.4150 0.1789 -0.9619
13.2177 2.1109 0.3155 0.4150 0.1819 -0.9627
13.2299 2.1214 0.3155 0.4150 0.1920 -0.9756
13.2435 2.1293 0.3155 0.4150 0.1943 -0.9962
13.2571 2.1343 0.3155 0.4150 0.2226 -1.0000
13.2694 2.1359 0.3155 0.4150 0.1883 -1.0000
13.2830 2.1326 0.3155 0.4150 0.1831 -1.0000
13.2952 2.1224 0.3155 0.4150 0.1781 -0.9978
13.3088 2.0969 0.3155 0.4150 0.1765 -0.9968
13.3211 2.0896 0.3155 0.4150 0.1810 -1.0000
13.3333 2.0841 0.3155 0.4150 0.1870 -0.9961
13.3469 2.0846 0.3155 0.4150 0.1899 -0.9811
13.3592 2.0895 0.3155 0.4150 0.1903 -0.9663
13.3714 2.0978 0.3155 0.4150 0.1926 -0.9956
13.3850 2.1056 0.3155 0.4150 0.1903 -1.0000
13.3973 2.1109 0.3155 0.4150 0.1843 -1.0000
13.4109 2.1130 0.3155 0.4150 0.1784 -1.0000
13.4231 2.1117 0.3155 0.4150 0.1764 -1.0000
13.4367 2.1064 0.3155 0.4150 0.1774 -1.0000
13.4490 2.0969 0.3155 0.4150 0.1798 -1.0000
13.4626 2.0862 0.3155 0.4150 0.1822 -1.0000
13.4735 1.8054 0.3155 0.4150 0.1636 -1.0000
13.4844 1.8049 0.3155 0.4150 0.1628 -1.0000
13.4952 1.8069 0.3155 0.4150 0.1044 -0.9972
13.5061 1.8124 0.3155 0.4150 0.1038 -0.9768
13.5170 1.8218 0.3155 0.4150 0.1559 -0.9766
13.5293 1.8321 0.3155 0.4150 0.1538 -0.9759
13.5401 1.8407 0.3155 0.4150 0.1518 -0.9778
13.5510 1.8471 0.3155 0.4150 0.1509 -0.9757
13.5633 1.8519 0.3155 0.4150 0.1454 -0.9714
13.5741 1.8560 0.3155 0.4150 0.1358 -0.9670
13.5850 1.8603 0.3155 0.4150 0.1271 -0.9644
13.5973 1.8657 0.3155 0.4150 0.1244 -0.9650
13.6082 1.8724 0.3155 0.4150 0.1348 -0.9603
13.6190 1.8826 0.3155 0.4150 0.1485 -0.9581
13.6313 1.8939 0.3155 0.4150 0.1564 -0.9558
13.6422 1.9038 0.3155 0.4150 0.1562 -0.9518
13.6544 1.9111 0.3155 0.4150 0.1516 -0.9697
13.6653 1.9154 0.3155 0.4150 0.0843 -0.9804
13.6776 1.9164 0.3155 0.4150 0.1281 -0.9890
13.6898 1.9115 0.3155 0.4150 0.1217 -0.9795
13.7007 1.8909 0.3155 0.4150 0.1208 -0.9756
13.7116 1.8646 0.3155 0.4150 0.1202 -0.9776
13.7238 1.8518 0.3155 0.4150 0.1193 -0.9684
13.7347 1.8507 0.3155 0.4150 0.1226 -0.9509
13.7456 1.8558 0.3155 0.4150 0.1284 -0.9425
13.7565 1.8628 0.3155 0.4150 0.1410 -0.9819
13.7673 1.8679 0.3155 0.4150 0.1652 -1.0000
13.7796 1.8699 0.3155 0.4150 0.1870 -1.0000
13.7905 1.8677 0.3155 0.4150 0.1934 -1.0000
13.8014 1.8528 0.3155 0.4150 0.1987 -1.0000
13.8136 1.8221 0.3155 0.4150 0.2006 -1.0000
