lap v kv ra qc qv
0.0000 1.3007 0.3155 0.7034 -0.4027 -0.2027
0.0082 1.3085 0.3155 0.7113 -0.3498 -0.2251
0.0150 1.3168 0.3155 0.7093 -0.3568 -0.2225
0.0231 1.3261 0.3155 0.7084 -0.3455 -0.2152
0.0313 1.3365 0.3155 0.7071 -0.3437 -0.2209
0.0395 1.3476 0.3155 0.7059 -0.3424 -0.2247
0.0476 1.3597 0.3155 0.7048 -0.3409 -0.2311
0.0558 1.3748 0.3155 0.7055 -0.3527 -0.2267
0.0653 1.3915 0.3155 0.7064 -0.3501 -0.2290
0.0735 1.4075 0.3155 0.7101 -0.4231 -0.2205
0.0816 1.4221 0.3155 0.7091 -0.3688 -0.2367
0.0912 1.4353 0.3155 0.7103 -0.3777 -0.2391
0.0993 1.4474 0.3155 0.7110 -0.3811 -0.2367
0.1088 1.4588 0.3155 0.7111 -0.3844 -0.2347
0.1170 1.4697 0.3155 0.7105 -0.3913 -0.2320
0.1265 1.4798 0.3155 0.7116 -0.4600 -0.2195
0.1361 1.4891 0.3155 0.7081 -0.4116 -0.2233
0.1442 1.4977 0.3155 0.7070 -0.4192 -0.2194
0.1537 1.5063 0.3155 0.7087 -0.4814 -0.2099
0.1633 1.5155 0.3155 0.7062 -0.4216 -0.2203
0.1728 1.5250 0.3155 0.7055 -0.4160 -0.2183
0.1823 1.5348 0.3155 0.7046 -0.4053 -0.2126
0.1905 1.5449 0.3155 0.7040 -0.3980 -0.2102
0.2000 1.5578 0.3155 0.7030 -0.3918 -0.2079
0.2095 1.5722 0.3155 0.7018 -0.3885 -0.2107
0.2204 1.5860 0.3155 0.7027 -0.3803 -0.2136
0.2299 1.5983 0.3155 0.7048 -0.3683 -0.2278
0.2395 1.6091 0.3155 0.7068 -0.3623 -0.2396
0.2490 1.6182 0.3155 0.7114 -0.4158 -0.2528
0.2585 1.6254 0.3155 0.7113 -0.3571 -0.2697
0.2694 1.6305 0.3155 0.7126 -0.3611 -0.2665
0.2789 1.6332 0.3155 0.7152 -0.4284 -0.2522
0.2898 1.6333 0.3155 0.7128 -0.3827 -0.2524
0.2993 1.6304 0.3155 0.7127 -0.3914 -0.2471
0.3088 1.6083 0.3155 0.7141 -0.3969 -0.2403
0.3197 1.6188 0.3155 0.7125 -0.3898 -0.2495
0.3293 1.6179 0.3155 0.7126 -0.3837 -0.2520
0.3388 1.6201 0.3155 0.7111 -0.3804 -0.2345
0.3483 1.6245 0.3155 0.7086 -0.3777 -0.2299
0.3578 1.6303 0.3155 0.7074 -0.4396 -0.2148
0.3673 1.6387 0.3155 0.7008 -0.3870 -0.2377
0.3782 1.6484 0.3155 0.6964 -0.3905 -0.2528
0.3878 1.6576 0.3155 0.6976 -0.4455 -0.2706
0.3986 1.6650 0.3155 0.6934 -0.3823 -0.2834
0.4082 1.6706 0.3155 0.6949 -0.4392 -0.2777
0.4190 1.6744 0.3155 0.6900 -0.3818 -0.2875
0.4286 1.6762 0.3155 0.6887 -0.3808 -0.2894
0.4395 1.6759 0.3155 0.6878 -0.3784 -0.2927
0.4503 1.6738 0.3155 0.6872 -0.3768 -0.2942
0.4599 1.6713 0.3155 0.6886 -0.3676 -0.2989
0.4694 1.6975 0.3155 0.6983 -0.3543 -0.2966
0.4803 1.6911 0.3155 0.6940 -0.3417 -0.3116
0.4898 1.6957 0.3155 0.6972 -0.3486 -0.2785
0.4993 1.7002 0.3155 0.7007 -0.3520 -0.2586
0.5102 1.7059 0.3155 0.7037 -0.3587 -0.2362
0.5211 1.7146 0.3155 0.7075 -0.3681 -0.2377
0.5306 1.7236 0.3155 0.7106 -0.3775 -0.2404
0.5415 1.7310 0.3155 0.7122 -0.3799 -0.2374
0.5524 1.7368 0.3155 0.7129 -0.3717 -0.2344
0.5633 1.7413 0.3155 0.7139 -0.3810 -0.2316
0.5741 1.7452 0.3155 0.7139 -0.3819 -0.2296
0.5850 1.7492 0.3155 0.7151 -0.3679 -0.2310
0.5946 1.7540 0.3155 0.7144 -0.4472 -0.2210
0.6054 1.7598 0.3155 0.7104 -0.3801 -0.2236
0.6163 1.7638 0.3155 0.7068 -0.3696 -0.2275
0.6272 1.7721 0.3155 0.7074 -0.3626 -0.2132
0.6381 1.7819 0.3155 0.7055 -0.3702 -0.2110
0.6490 1.7899 0.3155 0.7071 -0.3562 -0.2204
0.6599 1.7956 0.3155 0.7094 -0.3519 -0.2438
0.6707 1.7990 0.3155 0.7117 -0.3483 -0.2517
0.6816 1.7993 0.3155 0.7142 -0.3504 -0.2559
0.6925 1.7926 0.3155 0.7171 -0.3615 -0.2478
0.7034 1.7710 0.3155 0.7169 -0.3835 -0.2363
0.7129 1.7476 0.3155 0.7198 -0.4457 -0.2277
0.7238 1.7400 0.3155 0.7172 -0.3632 -0.2345
0.7333 1.7396 0.3155 0.7127 -0.3761 -0.2163
0.7442 1.7441 0.3155 0.7094 -0.3680 -0.2179
0.7551 1.7506 0.3155 0.7066 -0.3571 -0.2452
0.7646 1.7561 0.3155 0.7041 -0.3533 -0.2610
0.7755 1.7596 0.3155 0.7050 -0.4075 -0.2737
0.7864 1.7603 0.3155 0.7000 -0.3471 -0.2876
0.7973 1.7534 0.3155 0.6934 -0.3462 -0.2901
0.8082 1.7312 0.3155 0.6920 -0.3419 -0.2931
0.8177 1.7088 0.3155 0.6943 -0.3389 -0.2833
0.8286 1.6909 0.3155 0.6952 -0.3557 -0.2705
0.8381 1.7023 0.3155 0.7074 -0.4358 -0.2416
0.8490 1.7078 0.3155 0.7108 -0.3906 -0.2239
0.8599 1.7108 0.3155 0.7164 -0.3747 -0.2146
0.8694 1.7090 0.3155 0.7191 -0.3733 -0.2109
0.8789 1.7066 0.3155 0.7200 -0.3715 -0.2076
0.8898 1.7071 0.3155 0.7183 -0.3617 -0.1951
0.8993 1.7126 0.3155 0.7150 -0.3562 -0.2030
0.9102 1.7186 0.3155 0.7100 -0.3677 -0.1932
0.9197 1.7268 0.3155 0.7077 -0.3839 -0.1916
0.9306 1.7368 0.3155 0.7091 -0.4575 -0.1826
0.9415 1.7462 0.3155 0.7082 -0.4105 -0.1961
0.9524 1.7537 0.3155 0.7106 -0.4150 -0.1956
0.9633 1.7589 0.3155 0.7153 -0.3931 -0.1959
0.9741 1.7625 0.3155 0.7123 -0.3812 -0.1972
0.9837 1.7551 0.3155 0.7222 -0.4464 -0.1720
0.9946 1.7617 0.3155 0.7174 -0.3800 -0.1829
1.0041 1.7670 0.3155 0.7157 -0.3730 -0.1733
1.0150 1.7733 0.3155 0.7135 -0.3678 -0.1706
1.0259 1.7816 0.3155 0.7099 -0.3828 -0.1620
1.0367 1.7904 0.3155 0.7100 -0.3909 -0.1640
1.0476 1.8015 0.3155 0.7068 -0.3418 -0.2581
1.0585 1.8150 0.3155 0.7067 -0.3417 -0.2572
1.0694 1.8286 0.3155 0.7104 -0.4111 -0.2548
1.0816 1.8407 0.3155 0.7097 -0.3628 -0.2703
1.0925 1.8512 0.3155 0.7110 -0.3682 -0.2732
1.1034 1.8604 0.3155 0.7136 -0.3539 -0.2741
1.1156 1.8685 0.3155 0.7140 -0.3556 -0.2718
1.1265 1.8758 0.3155 0.7142 -0.3543 -0.2719
1.1388 1.8822 0.3155 0.7142 -0.3526 -0.2697
1.1497 1.8882 0.3155 0.7141 -0.3522 -0.2696
1.1619 1.8949 0.3155 0.7141 -0.3566 -0.2704
1.1728 1.9022 0.3155 0.7128 -0.3495 -0.2642
1.1850 1.9100 0.3155 0.7113 -0.3436 -0.2603
1.1959 1.9200 0.3155 0.7095 -0.3341 -0.2532
1.2082 1.9320 0.3155 0.7081 -0.3305 -0.2554
1.2190 1.9433 0.3155 0.7093 -0.3986 -0.2449
1.2313 1.9529 0.3155 0.7069 -0.3466 -0.2593
1.2435 1.9605 0.3155 0.7082 -0.3497 -0.2779
1.2558 1.9660 0.3155 0.7104 -0.3498 -0.2977
1.2680 1.9690 0.3155 0.7125 -0.3511 -0.2952
1.2803 1.9686 0.3155 0.7147 -0.3511 -0.2918
1.2912 1.9634 0.3155 0.7166 -0.3511 -0.2881
1.3034 1.9532 0.3155 0.7177 -0.3511 -0.2861
1.3156 1.8067 0.3155 0.7166 -0.3420 -0.2880
1.3265 1.8025 0.3155 0.7141 -0.3543 -0.2836
1.3361 1.8024 0.3155 0.7126 -0.3673 -0.2777
1.3469 1.8053 0.3155 0.7108 -0.3589 -0.2649
1.3578 1.8104 0.3155 0.7087 -0.3510 -0.2633
1.3701 1.8184 0.3155 0.7064 -0.3427 -0.2841
1.3810 1.8270 0.3155 0.7043 -0.3375 -0.3127
1.3918 1.8343 0.3155 0.7019 -0.3388 -0.3267
1.4027 1.8395 0.3155 0.6981 -0.3465 -0.3268
1.4150 1.8426 0.3155 0.6950 -0.3533 -0.3256
1.4259 1.8434 0.3155 0.6930 -0.3542 -0.3276
1.4367 1.8416 0.3155 0.6921 -0.3505 -0.3317
1.4490 1.8372 0.3155 0.6918 -0.3462 -0.3342
1.4599 1.8318 0.3155 0.6920 -0.3435 -0.3361
1.4707 1.8320 0.3155 0.6929 -0.3451 -0.3336
1.4816 1.8306 0.3155 0.6930 -0.3527 -0.3278
1.4925 1.8321 0.3155 0.6926 -0.3706 -0.2952
1.5034 1.8358 0.3155 0.6935 -0.3875 -0.2621
1.5143 1.8426 0.3155 0.6975 -0.4030 -0.2509
1.5265 1.8511 0.3155 0.7028 -0.4134 -0.2511
1.5374 1.8585 0.3155 0.7052 -0.4193 -0.2513
1.5483 1.8639 0.3155 0.7061 -0.4239 -0.2477
1.5605 1.8676 0.3155 0.7069 -0.4260 -0.2444
1.5714 1.8705 0.3155 0.7074 -0.4248 -0.2438
1.5837 1.8734 0.3155 0.7074 -0.4229 -0.2440
1.5946 1.8772 0.3155 0.7079 -0.4133 -0.2494
1.6054 1.8821 0.3155 0.7094 -0.3823 -0.2533
1.6177 1.9986 0.3155 0.7127 -0.3524 -0.2487
1.6299 2.0072 0.3155 0.7080 -0.3423 -0.2552
1.6422 2.0146 0.3155 0.7078 -0.3408 -0.2499
1.6544 2.0198 0.3155 0.7092 -0.3364 -0.2711
1.6667 2.0224 0.3155 0.7123 -0.3335 -0.2955
1.6789 2.0223 0.3155 0.7153 -0.3343 -0.3008
1.6912 2.0137 0.3155 0.7186 -0.3400 -0.2903
1.7034 1.9859 0.3155 0.7203 -0.3450 -0.2867
1.7156 1.9579 0.3155 0.7196 -0.3478 -0.2896
1.7265 1.9463 0.3155 0.7167 -0.3500 -0.2681
1.7388 1.9454 0.3155 0.7125 -0.3496 -0.2498
1.7497 1.9508 0.3155 0.7075 -0.3451 -0.2661
1.7619 1.9555 0.3155 0.7041 -0.3426 -0.2970
1.7741 1.9577 0.3155 0.6999 -0.3443 -0.3091
1.7864 1.9570 0.3155 0.6956 -0.3465 -0.3253
1.7973 1.9470 0.3155 0.6907 -0.3452 -0.3339
1.8095 1.9158 0.3155 0.6886 -0.3442 -0.3282
1.8204 1.8871 0.3155 0.6883 -0.3598 -0.3146
1.8313 1.8768 0.3155 0.6993 -0.4208 -0.3002
1.8435 1.8816 0.3155 0.7072 -0.3542 -0.2946
1.8544 1.8855 0.3155 0.7122 -0.3732 -0.2681
1.8667 1.8831 0.3155 0.7119 -0.4007 -0.2551
1.8776 1.8786 0.3155 0.7117 -0.4061 -0.2504
1.8884 1.8779 0.3155 0.7120 -0.4567 -0.2334
1.9007 1.8808 0.3155 0.7080 -0.3873 -0.2408
1.9116 1.8863 0.3155 0.7061 -0.3729 -0.2372
1.9224 1.8947 0.3155 0.7073 -0.3571 -0.2473
1.9347 1.9036 0.3155 0.7079 -0.3675 -0.2559
1.9469 1.9111 0.3155 0.7077 -0.3874 -0.2538
1.9578 1.9166 0.3155 0.7075 -0.4009 -0.2526
1.9701 1.9200 0.3155 0.7087 -0.4029 -0.2506
1.9823 1.9213 0.3155 0.7111 -0.3942 -0.2533
1.9932 1.9236 0.3155 0.7108 -0.3860 -0.2519
2.0054 1.9280 0.3155 0.7086 -0.3781 -0.2449
2.0163 1.9338 0.3155 0.7068 -0.3632 -0.2415
2.0286 1.9416 0.3155 0.7069 -0.3461 -0.2508
2.0408 1.9508 0.3155 0.7073 -0.3320 -0.2595
2.0517 1.9626 0.3155 0.7077 -0.3281 -0.2623
2.0639 1.9755 0.3155 0.7090 -0.3345 -0.2626
2.0762 1.9873 0.3155 0.7101 -0.3492 -0.2664
2.0884 1.9973 0.3155 0.7091 -0.3779 -0.2654
2.1007 2.0059 0.3155 0.7076 -0.3970 -0.2563
2.1129 2.0132 0.3155 0.7075 -0.4026 -0.2533
2.1252 2.0195 0.3155 0.7079 -0.4029 -0.2529
2.1374 2.0249 0.3155 0.7086 -0.4000 -0.2525
2.1510 2.0299 0.3155 0.7091 -0.3615 -0.2606
2.1633 2.0357 0.3155 0.7118 -0.3729 -0.2645
2.1755 2.0422 0.3155 0.7116 -0.3576 -0.2612
2.1878 2.0496 0.3155 0.7104 -0.3487 -0.2542
2.2000 2.0599 0.3155 0.7087 -0.3427 -0.2526
2.2122 2.0710 0.3155 0.7072 -0.3430 -0.2533
2.2259 2.0806 0.3155 0.7064 -0.3481 -0.2495
2.2381 2.0882 0.3155 0.7079 -0.3459 -0.2700
2.2503 2.0937 0.3155 0.7114 -0.3359 -0.2940
2.2639 2.0966 0.3155 0.7141 -0.3345 -0.3032
2.2762 2.0961 0.3155 0.7159 -0.3385 -0.2979
2.2898 2.0900 0.3155 0.7176 -0.3427 -0.2917
2.3020 2.0775 0.3155 0.7185 -0.3458 -0.2883
2.3143 2.0407 0.3155 0.7190 -0.3489 -0.2844
2.3265 2.0342 0.3155 0.7172 -0.3473 -0.2892
2.3388 2.0326 0.3155 0.7146 -0.3450 -0.2742
2.3510 2.0344 0.3155 0.7123 -0.3381 -0.2715
2.3633 2.0398 0.3155 0.7095 -0.3317 -0.2699
2.3755 2.0471 0.3155 0.7070 -0.3242 -0.3011
2.3878 2.0534 0.3155 0.7050 -0.3205 -0.3288
2.4014 2.0574 0.3155 0.7024 -0.3239 -0.3311
2.4136 2.0587 0.3155 0.6986 -0.3312 -0.3311
2.4259 2.0570 0.3155 0.6950 -0.3397 -0.3306
2.4395 2.0515 0.3155 0.6921 -0.3456 -0.3304
2.4517 2.0426 0.3155 0.6905 -0.3482 -0.3308
2.4639 2.0333 0.3155 0.6903 -0.3492 -0.3300
2.4748 1.8911 0.3155 0.6918 -0.3503 -0.3268
2.4871 1.8901 0.3155 0.6910 -0.3691 -0.3085
2.4980 1.8923 0.3155 0.6962 -0.3583 -0.2833
2.5088 1.8971 0.3155 0.7031 -0.4248 -0.2613
2.5211 1.9050 0.3155 0.7050 -0.3784 -0.2578
2.5320 1.9126 0.3155 0.7092 -0.3803 -0.2638
2.5442 1.9184 0.3155 0.7124 -0.3710 -0.2655
2.5565 1.9221 0.3155 0.7144 -0.3661 -0.2654
2.5673 1.9246 0.3155 0.7156 -0.3619 -0.2655
2.5796 1.9269 0.3155 0.7159 -0.3592 -0.2660
2.5918 1.9299 0.3155 0.7151 -0.3597 -0.2667
2.6027 1.9342 0.3155 0.7130 -0.3604 -0.2637
2.6150 1.9389 0.3155 0.7098 -0.3631 -0.2526
2.6272 1.9425 0.3155 0.7071 -0.3626 -0.2406
2.6381 1.9512 0.3155 0.7049 -0.3634 -0.2399
2.6503 1.9576 0.3155 0.7052 -0.3610 -0.2495
2.6626 1.9615 0.3155 0.7080 -0.3566 -0.2750
2.6748 1.9629 0.3155 0.7113 -0.3545 -0.2951
2.6871 1.9600 0.3155 0.7141 -0.3598 -0.2856
2.6980 1.9419 0.3155 0.7161 -0.3700 -0.2763
2.7102 1.9131 0.3155 0.7153 -0.3818 -0.2733
2.7211 1.8961 0.3155 0.7129 -0.3886 -0.2623
2.7320 1.8923 0.3155 0.7095 -0.3878 -0.2419
2.7442 1.8953 0.3155 0.7057 -0.3809 -0.2420
2.7551 1.9012 0.3155 0.7016 -0.3721 -0.2705
2.7673 1.9053 0.3155 0.6976 -0.3696 -0.2869
2.7782 1.9069 0.3155 0.6949 -0.3630 -0.3138
2.7905 1.9050 0.3155 0.6920 -0.3580 -0.3228
2.8014 1.8897 0.3155 0.6882 -0.3520 -0.3307
2.8122 1.8579 0.3155 0.6864 -0.3597 -0.3219
2.8231 1.8372 0.3155 0.6922 -0.3518 -0.3127
2.8340 1.8325 0.3155 0.7028 -0.4145 -0.3034
2.8449 1.8386 0.3155 0.7094 -0.4345 -0.2726
2.8571 1.8415 0.3155 0.7123 -0.3816 -0.2664
2.8680 1.8387 0.3155 0.7150 -0.3810 -0.2619
2.8789 1.8353 0.3155 0.7178 -0.4359 -0.2529
2.8898 1.8356 0.3155 0.7140 -0.3664 -0.2539
2.9007 1.8391 0.3155 0.7115 -0.3603 -0.2517
2.9129 1.8451 0.3155 0.7086 -0.3535 -0.2451
2.9238 1.8538 0.3155 0.7071 -0.3607 -0.2503
2.9347 1.8629 0.3155 0.7076 -0.3718 -0.2592
2.9469 1.8707 0.3155 0.7093 -0.3840 -0.2646
2.9578 1.8764 0.3155 0.7101 -0.3902 -0.2620
2.9701 1.8802 0.3155 0.7103 -0.3972 -0.2573
2.9810 1.8818 0.3155 0.7101 -0.4042 -0.2533
2.9918 1.8844 0.3155 0.7085 -0.4066 -0.2474
3.0041 1.8890 0.3155 0.7060 -0.4004 -0.2401
3.0150 1.8948 0.3155 0.7059 -0.3769 -0.2414
3.0272 1.9025 0.3155 0.7049 -0.3630 -0.2433
3.0381 1.9116 0.3155 0.7053 -0.3465 -0.2532
3.0503 1.9232 0.3155 0.7057 -0.3424 -0.2556
3.0626 1.9363 0.3155 0.7061 -0.3534 -0.2548
3.0735 1.9487 0.3155 0.7066 -0.3665 -0.2542
3.0857 1.9593 0.3155 0.7077 -0.3807 -0.2589
3.0980 1.9684 0.3155 0.7089 -0.3858 -0.2611
3.1102 1.9763 0.3155 0.7102 -0.3820 -0.2615
3.1224 1.9831 0.3155 0.7113 -0.3771 -0.2635
3.1347 1.9890 0.3155 0.7120 -0.3746 -0.2632
3.1469 1.9943 0.3155 0.7116 -0.3781 -0.2609
3.1592 2.0000 0.3155 0.7092 -0.3928 -0.2560
3.1714 2.0065 0.3155 0.7067 -0.3946 -0.2498
3.1837 2.0137 0.3155 0.7060 -0.3870 -0.2434
3.1959 2.0231 0.3155 0.7058 -0.3691 -0.2407
3.2082 2.0344 0.3155 0.7045 -0.3658 -0.2436
3.2204 2.0450 0.3155 0.7037 -0.3667 -0.2425
3.2327 2.0537 0.3155 0.7052 -0.3605 -0.2538
3.2449 2.0604 0.3155 0.7092 -0.3444 -0.2803
3.2585 2.0647 0.3155 0.7132 -0.3328 -0.3047
3.2707 2.0662 0.3155 0.7156 -0.3327 -0.3023
3.2830 2.0635 0.3155 0.7174 -0.3362 -0.2966
3.2966 2.0545 0.3155 0.7180 -0.3456 -0.2891
3.3088 2.0360 0.3155 0.7156 -0.3681 -0.2791
3.3211 2.0280 0.3155 0.7126 -0.3824 -0.2765
3.3333 2.0223 0.3155 0.7107 -0.3849 -0.2662
3.3456 2.0222 0.3155 0.7082 -0.3817 -0.2608
3.3578 2.0258 0.3155 0.7055 -0.3757 -0.2478
3.3701 2.0329 0.3155 0.7041 -0.3573 -0.2735
3.3823 2.0400 0.3155 0.7040 -0.3359 -0.3094
3.3946 2.0453 0.3155 0.7034 -0.3248 -0.3289
3.4068 2.0481 0.3155 0.7017 -0.3214 -0.3336
3.4190 2.0481 0.3155 0.7000 -0.3186 -0.3375
3.4327 2.0449 0.3155 0.6981 -0.3186 -0.3403
3.4449 2.0378 0.3155 0.6960 -0.3215 -0.3412
3.4571 2.0284 0.3155 0.6960 -0.3183 -0.3430
3.4694 2.0432 0.3155 0.7011 -0.3133 -0.3405
3.4816 2.0371 0.3155 0.6997 -0.3106 -0.3437
3.4939 2.0376 0.3155 0.7022 -0.3197 -0.3114
3.5061 2.0404 0.3155 0.7046 -0.3324 -0.2845
3.5184 2.0471 0.3155 0.7082 -0.3481 -0.2716
3.5306 2.0540 0.3155 0.7111 -0.3585 -0.2680
3.5429 2.0589 0.3155 0.7130 -0.3661 -0.2678
3.5565 2.0615 0.3155 0.7144 -0.3662 -0.2655
3.5687 2.0626 0.3155 0.7155 -0.3628 -0.2651
3.5810 2.0635 0.3155 0.7158 -0.3596 -0.2659
3.5946 2.0655 0.3155 0.7151 -0.3583 -0.2680
3.6068 2.0690 0.3155 0.7132 -0.3530 -0.2611
3.6190 2.1182 0.3155 0.7066 -0.3445 -0.2625
3.6340 2.4734 0.3155 0.7070 -0.3548 -0.2376
3.6490 2.4761 0.3155 0.7047 -0.3646 -0.2467
3.6639 2.4756 0.3155 0.7046 -0.3441 -0.2750
3.6789 2.4625 0.3155 0.7066 -0.3466 -0.2914
3.6939 2.3726 0.3155 0.7142 -0.3610 -0.2672
3.7075 2.3148 0.3155 0.7143 -0.3844 -0.2748
3.7224 2.2675 0.3155 0.7127 -0.3542 -0.2733
3.7361 2.2548 0.3155 0.7102 -0.3751 -0.2505
3.7497 2.2572 0.3155 0.7042 -0.3379 -0.2619
3.7633 2.2595 0.3155 0.7023 -0.3535 -0.2934
3.7769 2.2590 0.3155 0.7005 -0.3368 -0.3251
3.7905 2.2475 0.3155 0.6952 -0.3110 -0.3344
3.8041 2.2044 0.3155 0.6925 -0.3013 -0.3395
3.8177 2.1315 0.3155 0.6932 -0.2786 -0.3201
3.8299 2.1045 0.3155 0.6989 -0.3186 -0.3050
3.8435 2.1056 0.3155 0.7055 -0.3099 -0.2911
3.8558 2.1081 0.3155 0.7116 -0.3596 -0.2586
3.8694 2.1014 0.3155 0.7127 -0.3740 -0.2469
3.8816 2.0939 0.3155 0.7115 -0.3760 -0.2390
3.8939 2.0924 0.3155 0.7092 -0.3706 -0.2353
3.9075 2.0954 0.3155 0.7066 -0.3580 -0.2301
3.9197 2.1022 0.3155 0.7052 -0.3526 -0.2344
3.9320 2.1099 0.3155 0.7057 -0.3546 -0.2417
3.9456 2.1162 0.3155 0.7076 -0.3646 -0.2495
3.9578 2.1203 0.3155 0.7086 -0.3768 -0.2498
3.9714 2.1216 0.3155 0.7082 -0.3896 -0.2423
3.9837 2.1210 0.3155 0.7077 -0.3966 -0.2393
3.9973 2.1221 0.3155 0.7062 -0.3884 -0.2324
4.0095 2.1255 0.3155 0.7041 -0.3765 -0.2273
4.0231 2.1314 0.3155 0.7010 -0.3709 -0.2259
4.0354 2.1395 0.3155 0.6979 -0.3719 -0.2287
4.0490 2.1500 0.3155 0.6971 -0.3718 -0.2300
4.0626 2.1618 0.3155 0.6989 -0.3764 -0.2319
4.0748 2.1726 0.3155 0.7018 -0.3839 -0.2390
4.0884 2.1815 0.3155 0.7057 -0.3806 -0.2511
4.1020 2.1887 0.3155 0.7096 -0.3613 -0.2572
4.1156 2.1944 0.3155 0.7110 -0.3566 -0.2585
4.1293 2.1990 0.3155 0.7115 -0.3560 -0.2579
4.1429 2.2027 0.3155 0.7122 -0.3532 -0.2574
4.1565 2.2066 0.3155 0.7124 -0.3495 -0.2596
4.1701 2.2115 0.3155 0.7119 -0.3422 -0.2590
4.1823 2.2174 0.3155 0.7108 -0.3330 -0.2525
4.1959 2.2259 0.3155 0.7087 -0.3250 -0.2463
4.2095 2.2359 0.3155 0.7068 -0.3261 -0.2470
4.2231 2.2446 0.3155 0.7057 -0.3310 -0.2436
4.2381 2.2512 0.3155 0.7065 -0.3333 -0.2619
4.2517 2.2555 0.3155 0.7075 -0.3092 -0.2841
4.2653 2.2570 0.3155 0.7103 -0.3428 -0.2851
4.2789 2.2540 0.3155 0.7117 -0.3519 -0.2766
4.2925 2.2432 0.3155 0.7126 -0.3623 -0.2679
4.3061 2.2250 0.3155 0.7124 -0.3706 -0.2639
4.3197 2.1942 0.3155 0.7105 -0.3710 -0.2707
4.3333 2.1831 0.3155 0.7101 -0.3680 -0.2603
4.3469 2.1811 0.3155 0.7085 -0.3560 -0.2477
4.3592 2.1844 0.3155 0.7066 -0.3386 -0.2402
4.3728 2.1909 0.3155 0.7043 -0.3276 -0.2743
4.3864 2.1965 0.3155 0.7010 -0.3268 -0.3017
4.4000 2.1996 0.3155 0.6975 -0.3292 -0.3155
4.4136 2.1997 0.3155 0.6931 -0.3047 -0.3219
4.4272 2.1962 0.3155 0.6913 -0.3023 -0.3261
4.4395 2.1879 0.3155 0.6920 -0.3225 -0.3277
4.4531 2.1755 0.3155 0.6921 -0.3170 -0.3307
4.4667 2.0374 0.3155 0.6928 -0.3157 -0.3300
4.4789 2.0226 0.3155 0.6949 -0.3251 -0.3171
4.4912 2.0196 0.3155 0.6917 -0.3475 -0.2866
4.5034 2.0213 0.3155 0.6923 -0.3603 -0.2547
4.5156 2.0276 0.3155 0.6987 -0.3740 -0.2435
4.5279 2.0349 0.3155 0.7050 -0.3759 -0.2479
4.5401 2.0405 0.3155 0.7075 -0.3813 -0.2483
4.5524 2.0438 0.3155 0.7087 -0.3835 -0.2451
4.5660 2.0454 0.3155 0.7105 -0.3766 -0.2460
4.5782 2.0464 0.3155 0.7129 -0.3600 -0.2518
4.5905 2.0481 0.3155 0.7139 -0.3482 -0.2576
4.6027 2.0514 0.3155 0.7129 -0.3404 -0.2575
4.6150 2.0257 0.3155 0.7089 -0.3286 -0.2582
4.6272 1.8823 0.3155 0.7100 -0.3553 -0.2207
4.6381 1.8924 0.3155 0.7028 -0.3541 -0.2313
4.6503 1.8994 0.3155 0.7002 -0.3688 -0.2331
4.6612 1.9040 0.3155 0.7026 -0.3714 -0.2552
4.6735 1.9060 0.3155 0.7057 -0.3718 -0.2744
4.6844 1.9046 0.3155 0.7089 -0.3711 -0.2689
4.6966 1.8913 0.3155 0.7136 -0.3633 -0.2653
4.7075 1.8650 0.3155 0.7149 -0.3659 -0.2695
4.7184 1.8469 0.3155 0.7147 -0.3596 -0.2647
4.7293 1.8417 0.3155 0.7122 -0.3559 -0.2560
4.7401 1.8435 0.3155 0.7084 -0.3519 -0.2422
4.7510 1.8497 0.3155 0.7061 -0.4049 -0.2502
4.7633 1.8550 0.3155 0.7002 -0.3434 -0.2885
4.7741 1.8579 0.3155 0.6980 -0.3340 -0.3049
4.7850 1.8580 0.3155 0.7001 -0.3780 -0.3186
4.7973 1.8511 0.3155 0.6937 -0.3149 -0.3347
4.8082 1.8261 0.3155 0.6908 -0.3146 -0.3324
4.8190 1.7998 0.3155 0.6909 -0.3235 -0.3160
4.8286 1.7895 0.3155 0.6947 -0.3357 -0.3091
4.8395 1.7927 0.3155 0.7017 -0.3556 -0.2895
4.8503 1.7984 0.3155 0.7080 -0.3725 -0.2617
4.8612 1.7990 0.3155 0.7137 -0.4343 -0.2446
4.8735 1.7957 0.3155 0.7134 -0.3730 -0.2500
4.8830 1.7941 0.3155 0.7131 -0.3653 -0.2462
4.8939 1.7963 0.3155 0.7132 -0.4178 -0.2349
4.9048 1.8009 0.3155 0.7099 -0.4118 -0.2275
4.9156 1.8079 0.3155 0.7068 -0.4142 -0.2229
4.9265 1.8172 0.3155 0.7031 -0.3733 -0.2376
4.9388 1.8264 0.3155 0.7028 -0.3885 -0.2385
4.9497 1.8339 0.3155 0.7039 -0.4040 -0.2436
4.9605 1.8394 0.3155 0.7049 -0.4086 -0.2409
4.9728 1.8430 0.3155 0.7057 -0.4095 -0.2386
4.9837 1.8449 0.3155 0.7066 -0.4078 -0.2383
4.9946 1.8482 0.3155 0.7062 -0.3995 -0.2368
5.0054 1.8533 0.3155 0.7044 -0.3872 -0.2323
5.0163 1.8596 0.3155 0.7020 -0.3765 -0.2269
5.0286 1.8677 0.3155 0.7000 -0.3709 -0.2318
5.0395 1.8771 0.3155 0.7001 -0.3592 -0.2397
5.0517 1.8890 0.3155 0.7016 -0.3498 -0.2439
5.0626 1.9024 0.3155 0.7058 -0.3342 -0.2496
5.0748 1.9149 0.3155 0.7082 -0.3394 -0.2566
5.0857 1.9257 0.3155 0.7121 -0.4009 -0.2530
5.0980 1.9350 0.3155 0.7108 -0.3507 -0.2617
5.1102 1.9431 0.3155 0.7103 -0.3596 -0.2567
5.1224 1.9502 0.3155 0.7093 -0.3703 -0.2524
5.1333 1.9564 0.3155 0.7087 -0.3761 -0.2496
5.1456 1.9619 0.3155 0.7087 -0.3771 -0.2474
5.1578 1.9678 0.3155 0.7090 -0.3732 -0.2498
5.1701 1.9745 0.3155 0.7087 -0.3647 -0.2493
5.1823 1.9818 0.3155 0.7076 -0.3548 -0.2432
5.1946 1.9909 0.3155 0.7059 -0.3483 -0.2353
5.2068 2.0024 0.3155 0.7033 -0.3543 -0.2344
5.2190 2.0134 0.3155 0.7002 -0.3654 -0.2295
5.2313 2.0227 0.3155 0.6996 -0.3719 -0.2355
5.2435 2.0300 0.3155 0.7018 -0.3718 -0.2552
5.2558 2.0350 0.3155 0.7047 -0.3698 -0.2757
5.2680 2.0374 0.3155 0.7065 -0.3744 -0.2715
5.2803 2.0360 0.3155 0.7080 -0.3800 -0.2652
5.2925 2.0291 0.3155 0.7097 -0.3820 -0.2604
5.3048 2.0170 0.3155 0.7107 -0.3821 -0.2589
5.3170 2.0012 0.3155 0.7108 -0.3789 -0.2612
5.3293 1.9954 0.3155 0.7116 -0.3618 -0.2708
5.3415 1.9946 0.3155 0.7117 -0.3411 -0.2622
5.3537 1.9973 0.3155 0.7091 -0.3350 -0.2491
5.3660 2.0037 0.3155 0.7061 -0.3292 -0.2585
5.3782 2.0112 0.3155 0.7043 -0.3186 -0.2907
5.3905 2.0175 0.3155 0.7032 -0.3094 -0.3203
5.4027 2.0214 0.3155 0.7018 -0.3042 -0.3259
5.4150 2.0227 0.3155 0.7001 -0.3010 -0.3300
5.4272 2.0212 0.3155 0.6983 -0.3000 -0.3332
5.4395 2.0160 0.3155 0.6963 -0.3013 -0.3351
5.4517 2.0077 0.3155 0.6946 -0.3051 -0.3349
5.4639 1.9992 0.3155 0.6940 -0.3084 -0.3331
5.4762 1.9886 0.3155 0.6943 -0.3130 -0.3295
5.4884 1.9876 0.3155 0.6955 -0.3235 -0.3094
5.4993 1.9895 0.3155 0.6971 -0.3373 -0.2764
5.5116 1.9947 0.3155 0.6998 -0.3598 -0.2512
5.5238 2.0022 0.3155 0.7037 -0.3787 -0.2481
5.5361 2.0087 0.3155 0.7059 -0.3876 -0.2467
5.5483 2.0130 0.3155 0.7078 -0.3869 -0.2445
5.5619 2.0153 0.3155 0.7102 -0.3774 -0.2461
5.5741 2.0166 0.3155 0.7123 -0.3632 -0.2502
5.5864 2.0183 0.3155 0.7124 -0.3611 -0.2517
5.5986 2.0212 0.3155 0.7104 -0.3628 -0.2476
5.6109 2.0258 0.3155 0.7080 -0.3648 -0.2428
5.6218 1.9461 0.3155 0.7060 -0.3612 -0.2328
5.6340 1.9552 0.3155 0.7035 -0.3550 -0.2305
5.6463 1.9625 0.3155 0.7036 -0.3494 -0.2405
5.6585 1.9673 0.3155 0.7058 -0.3438 -0.2653
5.6707 1.9695 0.3155 0.7088 -0.3439 -0.2764
5.6816 1.9687 0.3155 0.7107 -0.3525 -0.2781
5.6939 1.9571 0.3155 0.7115 -0.3745 -0.2606
5.7061 1.9291 0.3155 0.7119 -0.3803 -0.2567
5.7170 1.9063 0.3155 0.7123 -0.3765 -0.2532
5.7293 1.8985 0.3155 0.7111 -0.3655 -0.2464
5.7401 1.8994 0.3155 0.7071 -0.3620 -0.2316
5.7510 1.9052 0.3155 0.7029 -0.3536 -0.2500
5.7633 1.9101 0.3155 0.7011 -0.3371 -0.2856
5.7741 1.9125 0.3155 0.7013 -0.3140 -0.3187
5.7864 1.9120 0.3155 0.7000 -0.3017 -0.3297
5.7973 1.9026 0.3155 0.6964 -0.2954 -0.3390
5.8095 1.8736 0.3155 0.6913 -0.3113 -0.3318
5.8204 1.8468 0.3155 0.6901 -0.3296 -0.3132
5.8313 1.8371 0.3155 0.6909 -0.3684 -0.2919
5.8422 1.8419 0.3155 0.6968 -0.3951 -0.2694
5.8531 1.8464 0.3155 0.7038 -0.4121 -0.2432
5.8653 1.8452 0.3155 0.7067 -0.4155 -0.2354
5.8762 1.8411 0.3155 0.7084 -0.4097 -0.2344
5.8871 1.8401 0.3155 0.7092 -0.3899 -0.2359
5.8980 1.8428 0.3155 0.7084 -0.3671 -0.2347
5.9088 1.8480 0.3155 0.7062 -0.3534 -0.2312
5.9211 1.8561 0.3155 0.7050 -0.3558 -0.2371
5.9320 1.8653 0.3155 0.7054 -0.3596 -0.2436
5.9429 1.8735 0.3155 0.7068 -0.3711 -0.2512
5.9551 1.8798 0.3155 0.7081 -0.3808 -0.2517
5.9660 1.8840 0.3155 0.7102 -0.3765 -0.2518
5.9782 1.8861 0.3155 0.7121 -0.3689 -0.2529
5.9891 1.8881 0.3155 0.7120 -0.3632 -0.2506
6.0014 1.8922 0.3155 0.7121 -0.3432 -0.2494
6.0122 1.8976 0.3155 0.7096 -0.3348 -0.2430
6.0231 1.9048 0.3155 0.7071 -0.3308 -0.2409
6.0354 1.9135 0.3155 0.7051 -0.3316 -0.2435
6.0476 1.9243 0.3155 0.7043 -0.3324 -0.2447
6.0585 1.9372 0.3155 0.7053 -0.3313 -0.2443
6.0707 1.9500 0.3155 0.7076 -0.3372 -0.2505
6.0830 1.9610 0.3155 0.7097 -0.3441 -0.2583
6.0952 1.9704 0.3155 0.7110 -0.3501 -0.2604
6.1075 1.9785 0.3155 0.7112 -0.3556 -0.2562
6.1197 1.9856 0.3155 0.7106 -0.3640 -0.2525
6.1320 1.9917 0.3155 0.7095 -0.3748 -0.2467
6.1442 1.9970 0.3155 0.7087 -0.3710 -0.2410
6.1551 2.0025 0.3155 0.7108 -0.3556 -0.2463
6.1673 2.0088 0.3155 0.7101 -0.3626 -0.2446
6.1796 2.0158 0.3155 0.7088 -0.3554 -0.2367
6.1918 2.0244 0.3155 0.7079 -0.3499 -0.2326
6.2054 2.0355 0.3155 0.7065 -0.3429 -0.2302
6.2177 2.0464 0.3155 0.7060 -0.3411 -0.2292
6.2299 2.0556 0.3155 0.7066 -0.3410 -0.2361
6.2422 2.0627 0.3155 0.7086 -0.3399 -0.2541
6.2544 2.0676 0.3155 0.7114 -0.3378 -0.2616
6.2680 2.0699 0.3155 0.7141 -0.3381 -0.2651
6.2803 2.0669 0.3155 0.7172 -0.3419 -0.2534
6.2925 2.0603 0.3155 0.7184 -0.3448 -0.2474
6.3048 2.0479 0.3155 0.7193 -0.3477 -0.2425
6.3184 2.0401 0.3155 0.7190 -0.3496 -0.2397
6.3306 2.0332 0.3155 0.7181 -0.3502 -0.2381
6.3415 2.0320 0.3155 0.7155 -0.3563 -0.2154
6.3537 2.0347 0.3155 0.7136 -0.3679 -0.2004
6.3673 2.0411 0.3155 0.7078 -0.3254 -0.2932
6.3796 2.0484 0.3155 0.7055 -0.3207 -0.3092
6.3918 2.0541 0.3155 0.7043 -0.3123 -0.3370
6.4041 2.0573 0.3155 0.7029 -0.3106 -0.3412
6.4177 2.0579 0.3155 0.6998 -0.2818 -0.3484
6.4299 2.0553 0.3155 0.6992 -0.3084 -0.3477
6.4422 2.0488 0.3155 0.6940 -0.3299 -0.3453
6.4544 2.0394 0.3155 0.6913 -0.3400 -0.3425
6.4667 2.0264 0.3155 0.6910 -0.3442 -0.3399
6.4789 2.0241 0.3155 0.6938 -0.3438 -0.3348
6.4912 2.0224 0.3155 0.6950 -0.3508 -0.3078
6.5034 2.0245 0.3155 0.6927 -0.3710 -0.2700
6.5156 2.0309 0.3155 0.6984 -0.3797 -0.2549
6.5279 2.0381 0.3155 0.7033 -0.4037 -0.2526
6.5415 2.0437 0.3155 0.7056 -0.4093 -0.2533
6.5537 2.0469 0.3155 0.7071 -0.4100 -0.2509
6.5660 2.0483 0.3155 0.7095 -0.3852 -0.2559
6.5782 2.0493 0.3155 0.7138 -0.3683 -0.2651
6.5905 2.0511 0.3155 0.7139 -0.3624 -0.2689
6.6027 2.0544 0.3155 0.7128 -0.3560 -0.2682
6.6163 2.0628 0.3155 0.7132 -0.3480 -0.2583
6.6286 2.0734 0.3155 0.7087 -0.3319 -0.2630
6.6408 2.0804 0.3155 0.7083 -0.3304 -0.2581
6.6544 2.0852 0.3155 0.7094 -0.3282 -0.2778
6.6667 2.0873 0.3155 0.7120 -0.3286 -0.3011
6.6789 2.0866 0.3155 0.7146 -0.3343 -0.3036
6.6925 2.0756 0.3155 0.7174 -0.3447 -0.2908
6.7048 2.0438 0.3155 0.7188 -0.3500 -0.2884
6.7170 2.0141 0.3155 0.7181 -0.3508 -0.2925
6.7293 2.0026 0.3155 0.7146 -0.3543 -0.2695
6.7401 2.0026 0.3155 0.7096 -0.3558 -0.2531
6.7524 2.0079 0.3155 0.7042 -0.3554 -0.2680
6.7646 2.0116 0.3155 0.7000 -0.3544 -0.2963
6.7769 2.0127 0.3155 0.6966 -0.3500 -0.3220
6.7891 2.0100 0.3155 0.6935 -0.3429 -0.3332
6.8014 1.9914 0.3155 0.6913 -0.3278 -0.3443
6.8136 1.9540 0.3155 0.6928 -0.3152 -0.3384
6.8259 1.9298 0.3155 0.6957 -0.3273 -0.3220
6.8367 1.9258 0.3155 0.7017 -0.3465 -0.3135
6.8476 1.9314 0.3155 0.7078 -0.3744 -0.2779
6.8599 1.9320 0.3155 0.7113 -0.3867 -0.2626
6.8721 1.9269 0.3155 0.7131 -0.3874 -0.2578
6.8830 1.9233 0.3155 0.7132 -0.3770 -0.2549
6.8952 1.9243 0.3155 0.7115 -0.3625 -0.2496
6.9061 1.9284 0.3155 0.7091 -0.3547 -0.2481
6.9184 1.9357 0.3155 0.7062 -0.3560 -0.2442
6.9306 1.9444 0.3155 0.7040 -0.3796 -0.2477
6.9429 1.9523 0.3155 0.7047 -0.3922 -0.2534
6.9537 1.9582 0.3155 0.7075 -0.3952 -0.2598
6.9660 1.9619 0.3155 0.7101 -0.3880 -0.2608
6.9782 1.9632 0.3155 0.7110 -0.3884 -0.2591
6.9905 1.9646 0.3155 0.7107 -0.3835 -0.2563
7.0027 1.9682 0.3155 0.7102 -0.3689 -0.2571
7.0136 1.9734 0.3155 0.7100 -0.3427 -0.2583
7.0259 1.9806 0.3155 0.7090 -0.3277 -0.2613
7.0381 1.9894 0.3155 0.7077 -0.3243 -0.2656
7.0503 2.0007 0.3155 0.7071 -0.3259 -0.2659
7.0626 2.0133 0.3155 0.7069 -0.3417 -0.2631
7.0748 2.0251 0.3155 0.7056 -0.3739 -0.2596
7.0871 2.0351 0.3155 0.7055 -0.3914 -0.2578
7.0993 2.0435 0.3155 0.7064 -0.3985 -0.2591
7.1129 2.0506 0.3155 0.7071 -0.3985 -0.2582
7.1252 2.0567 0.3155 0.7083 -0.3932 -0.2602
7.1374 2.0618 0.3155 0.7105 -0.3799 -0.2639
7.1497 2.0665 0.3155 0.7123 -0.3667 -0.2689
7.1633 2.0720 0.3155 0.7125 -0.3613 -0.2726
7.1755 2.0783 0.3155 0.7113 -0.3527 -0.2665
7.1878 2.0857 0.3155 0.7100 -0.3442 -0.2593
7.2014 2.0959 0.3155 0.7078 -0.3419 -0.2563
7.2136 2.1067 0.3155 0.7061 -0.3445 -0.2559
7.2272 2.1159 0.3155 0.7057 -0.3127 -0.2601
7.2395 2.1230 0.3155 0.7093 -0.3305 -0.2796
7.2531 2.1279 0.3155 0.7117 -0.3299 -0.2995
7.2653 2.1302 0.3155 0.7138 -0.3325 -0.3070
7.2789 2.1286 0.3155 0.7157 -0.3371 -0.3009
7.2912 2.1207 0.3155 0.7172 -0.3416 -0.2947
7.3048 2.1065 0.3155 0.7177 -0.3455 -0.2917
7.3170 1.9546 0.3155 0.7167 -0.3451 -0.2953
7.3293 1.9480 0.3155 0.7166 -0.3410 -0.2974
7.3401 1.9471 0.3155 0.7149 -0.3361 -0.2810
7.3524 1.9499 0.3155 0.7120 -0.3326 -0.2662
7.3633 1.9559 0.3155 0.7089 -0.3286 -0.2749
7.3755 1.9637 0.3155 0.7059 -0.3258 -0.3036
7.3878 1.9707 0.3155 0.7033 -0.3270 -0.3289
7.4000 1.9754 0.3155 0.6994 -0.3343 -0.3296
7.4122 1.9778 0.3155 0.6958 -0.3417 -0.3292
7.4245 1.9776 0.3155 0.6930 -0.3457 -0.3302
7.4367 1.9741 0.3155 0.6911 -0.3464 -0.3323
7.4490 1.9674 0.3155 0.6901 -0.3452 -0.3344
7.4599 1.9595 0.3155 0.6900 -0.3435 -0.3358
7.4721 1.9455 0.3155 0.6923 -0.3436 -0.3313
7.4844 1.9428 0.3155 0.6933 -0.3451 -0.3178
7.4952 1.9435 0.3155 0.6956 -0.3497 -0.3016
7.5075 1.9473 0.3155 0.6996 -0.3577 -0.2770
7.5197 1.9547 0.3155 0.7059 -0.3607 -0.2693
7.5306 1.9622 0.3155 0.7105 -0.3619 -0.2753
7.5429 1.9678 0.3155 0.7130 -0.3589 -0.2739
7.5551 1.9713 0.3155 0.7148 -0.3565 -0.2728
7.5673 1.9734 0.3155 0.7155 -0.3563 -0.2711
7.5796 1.9751 0.3155 0.7150 -0.3593 -0.2692
7.5918 1.9777 0.3155 0.7133 -0.3664 -0.2674
7.6027 1.9816 0.3155 0.7107 -0.3705 -0.2632
7.6150 1.9812 0.3155 0.7061 -0.3643 -0.2604
7.6299 2.5075 0.3155 0.7016 -0.3285 -0.2602
7.6449 2.5118 0.3155 0.7044 -0.3537 -0.2624
7.6599 2.5120 0.3155 0.7076 -0.3500 -0.2820
7.6762 2.5009 0.3155 0.7115 -0.3491 -0.3004
7.6912 2.4249 0.3155 0.7166 -0.3364 -0.2801
7.7048 2.3719 0.3155 0.7152 -0.3691 -0.2840
7.7197 2.3036 0.3155 0.7126 -0.3802 -0.2749
7.7333 2.2857 0.3155 0.7087 -0.3838 -0.2503
7.7483 2.2869 0.3155 0.7036 -0.3751 -0.2552
7.7619 2.2892 0.3155 0.6998 -0.3633 -0.2922
7.7755 2.2887 0.3155 0.6958 -0.3576 -0.3195
7.7891 2.2769 0.3155 0.6892 -0.3518 -0.3352
7.8027 2.2367 0.3155 0.6855 -0.3474 -0.3393
7.8163 2.1544 0.3155 0.6860 -0.3488 -0.3244
7.8299 2.1155 0.3155 0.6920 -0.3628 -0.3076
7.8422 2.1151 0.3155 0.7039 -0.3671 -0.2929
7.8544 2.1179 0.3155 0.7125 -0.3653 -0.2741
7.8680 2.1115 0.3155 0.7158 -0.3663 -0.2675
7.8816 2.1036 0.3155 0.7160 -0.3642 -0.2663
7.8939 2.1016 0.3155 0.7141 -0.3508 -0.2606
7.9061 2.1044 0.3155 0.7115 -0.3383 -0.2555
7.9197 2.1111 0.3155 0.7086 -0.3041 -0.2592
7.9320 2.1186 0.3155 0.7101 -0.3378 -0.2657
7.9456 2.1250 0.3155 0.7110 -0.3210 -0.2773
7.9578 2.1291 0.3155 0.7135 -0.3565 -0.2751
7.9714 2.1303 0.3155 0.7141 -0.3626 -0.2702
7.9837 2.1295 0.3155 0.7142 -0.3646 -0.2692
7.9973 2.1305 0.3155 0.7125 -0.3583 -0.2616
8.0095 2.1338 0.3155 0.7094 -0.3536 -0.2538
8.0231 2.1397 0.3155 0.7061 -0.3531 -0.2504
8.0354 2.1477 0.3155 0.7031 -0.3589 -0.2511
8.0490 2.1582 0.3155 0.7012 -0.3653 -0.2497
8.0626 2.1698 0.3155 0.7024 -0.3728 -0.2504
8.0762 2.1805 0.3155 0.7040 -0.3513 -0.2621
8.0884 2.1894 0.3155 0.7085 -0.3755 -0.2701
8.1020 2.1965 0.3155 0.7112 -0.3634 -0.2730
8.1156 2.2021 0.3155 0.7120 -0.3642 -0.2725
8.1293 2.2066 0.3155 0.7114 -0.3720 -0.2685
8.1429 2.2102 0.3155 0.7107 -0.3790 -0.2640
8.1565 2.2141 0.3155 0.7099 -0.3824 -0.2635
8.1701 2.2190 0.3155 0.7093 -0.3757 -0.2623
8.1837 2.2249 0.3155 0.7087 -0.3626 -0.2572
8.1973 2.2335 0.3155 0.7073 -0.3494 -0.2533
8.2109 2.2434 0.3155 0.7060 -0.3468 -0.2554
8.2245 2.2520 0.3155 0.7045 -0.3551 -0.2505
8.2381 2.2585 0.3155 0.7034 -0.3696 -0.2634
8.2517 2.2626 0.3155 0.7049 -0.3731 -0.2805
8.2653 2.2638 0.3155 0.7085 -0.3714 -0.2903
8.2803 2.2604 0.3155 0.7109 -0.3398 -0.2913
8.2939 2.2488 0.3155 0.7136 -0.3706 -0.2816
8.3075 2.2302 0.3155 0.7144 -0.3708 -0.2812
8.3197 2.1646 0.3155 0.7184 -0.3620 -0.2719
8.3320 2.1667 0.3155 0.7160 -0.3399 -0.2854
8.3456 2.1668 0.3155 0.7128 -0.3019 -0.2928
8.3578 2.1695 0.3155 0.7110 -0.3256 -0.2740
8.3714 2.1758 0.3155 0.7078 -0.3209 -0.2933
8.3850 2.1817 0.3155 0.7041 -0.3258 -0.3181
8.3986 2.1853 0.3155 0.6980 -0.3432 -0.3264
8.4109 2.1859 0.3155 0.6940 -0.3511 -0.3265
8.4245 2.1831 0.3155 0.6917 -0.3509 -0.3297
8.4381 2.1757 0.3155 0.6903 -0.3480 -0.3336
8.4517 2.1640 0.3155 0.6905 -0.3408 -0.3374
8.4639 2.1517 0.3155 0.6932 -0.3273 -0.3423
8.4776 2.1600 0.3155 0.6957 -0.3173 -0.3466
8.4898 2.1581 0.3155 0.6991 -0.3223 -0.3161
8.5034 2.1593 0.3155 0.7023 -0.3304 -0.2848
8.5170 2.1648 0.3155 0.7087 -0.4053 -0.2647
8.5293 2.1711 0.3155 0.7079 -0.3509 -0.2614
8.5429 2.1754 0.3155 0.7098 -0.3603 -0.2598
8.5565 2.1769 0.3155 0.7121 -0.3550 -0.2594
8.5701 2.1767 0.3155 0.7138 -0.3482 -0.2604
8.5837 2.1764 0.3155 0.7137 -0.3470 -0.2608
8.5959 2.1776 0.3155 0.7127 -0.3461 -0.2631
8.6095 2.1807 0.3155 0.7109 -0.3387 -0.2571
8.6218 2.0775 0.3155 0.7092 -0.3329 -0.2474
8.6354 2.0856 0.3155 0.7062 -0.3298 -0.2439
8.6476 2.0916 0.3155 0.7055 -0.3300 -0.2519
8.6599 2.0949 0.3155 0.7077 -0.3267 -0.2768
8.6735 2.0956 0.3155 0.7114 -0.3236 -0.2978
8.6857 2.0915 0.3155 0.7149 -0.3276 -0.2873
8.6993 2.0687 0.3213 0.7165 -0.3072 -0.2833
8.7116 2.0335 0.3155 0.7174 -0.3385 -0.2819
8.7238 2.0133 0.3155 0.7146 -0.3450 -0.2705
8.7347 2.0085 0.3155 0.7095 -0.3525 -0.2473
8.7469 2.0126 0.3155 0.7036 -0.3552 -0.2475
8.7592 2.0173 0.3155 0.6982 -0.3527 -0.2711
8.7714 2.0195 0.3155 0.6947 -0.3475 -0.2972
8.7837 2.0189 0.3155 0.6918 -0.3417 -0.3162
8.7959 2.0097 0.3155 0.6878 -0.3347 -0.3274
8.8082 1.9775 0.3155 0.6858 -0.3304 -0.3249
8.8204 1.9439 0.3155 0.6870 -0.3362 -0.3086
8.8313 1.9309 0.3155 0.6926 -0.3503 -0.2986
8.8435 1.9352 0.3155 0.7023 -0.3612 -0.2807
8.8544 1.9386 0.3155 0.7097 -0.3639 -0.2615
8.8667 1.9352 0.3155 0.7135 -0.3592 -0.2569
8.8789 1.9300 0.3155 0.7147 -0.3533 -0.2566
8.8898 1.9292 0.3155 0.7155 -0.3979 -0.2425
8.9020 1.9321 0.3155 0.7106 -0.3302 -0.2441
8.9143 1.9380 0.3155 0.7077 -0.3289 -0.2405
8.9252 1.9464 0.3155 0.7056 -0.3410 -0.2437
8.9374 1.9548 0.3155 0.7055 -0.3592 -0.2489
8.9497 1.9615 0.3155 0.7069 -0.3729 -0.2549
8.9619 1.9661 0.3155 0.7085 -0.3743 -0.2536
8.9741 1.9682 0.3155 0.7099 -0.3717 -0.2526
8.9850 1.9691 0.3155 0.7108 -0.3673 -0.2545
8.9973 1.9719 0.3155 0.7096 -0.3573 -0.2477
9.0095 1.9764 0.3155 0.7071 -0.3540 -0.2447
9.0218 1.9828 0.3155 0.7033 -0.3534 -0.2357
9.0340 1.9910 0.3155 0.6989 -0.3625 -0.2349
9.0463 2.0013 0.3155 0.6967 -0.3669 -0.2351
9.0585 2.0138 0.3155 0.6976 -0.3678 -0.2335
9.0707 2.0261 0.3155 0.7004 -0.3751 -0.2401
9.0830 2.0368 0.3155 0.7025 -0.3861 -0.2466
9.0952 2.0457 0.3155 0.7038 -0.3927 -0.2486
9.1075 2.0533 0.3155 0.7047 -0.3929 -0.2469
9.1211 2.0597 0.3155 0.7053 -0.3923 -0.2469
9.1333 2.0651 0.3155 0.7062 -0.3888 -0.2471
9.1456 2.0698 0.3155 0.7088 -0.3707 -0.2532
9.1578 2.0749 0.3155 0.7107 -0.3542 -0.2610
9.1714 2.0810 0.3155 0.7102 -0.3473 -0.2599
9.1837 2.0877 0.3155 0.7090 -0.3380 -0.2534
9.1959 2.0970 0.3155 0.7077 -0.3263 -0.2483
9.2095 2.1078 0.3155 0.7065 -0.3223 -0.2513
9.2218 2.1177 0.3155 0.7063 -0.3203 -0.2511
9.2354 2.1255 0.3155 0.7074 -0.3188 -0.2710
9.2476 2.1312 0.3155 0.7090 -0.3215 -0.2792
9.2612 2.1344 0.3155 0.7110 -0.3252 -0.2968
9.2748 2.1343 0.3155 0.7115 -0.3061 -0.2938
9.2871 2.1288 0.3155 0.7141 -0.3382 -0.2831
9.3007 2.1161 0.3155 0.7149 -0.3433 -0.2784
9.3129 2.0952 0.3155 0.7130 -0.3455 -0.2825
9.3252 2.0839 0.3155 0.7126 -0.3517 -0.2789
9.3388 2.0800 0.3155 0.7095 -0.3571 -0.2688
9.3510 2.0812 0.3155 0.7055 -0.3607 -0.2512
9.3633 2.0866 0.3155 0.7016 -0.3580 -0.2486
9.3755 2.0936 0.3155 0.6990 -0.3457 -0.2822
9.3891 2.0995 0.3155 0.6992 -0.3265 -0.3161
9.4014 2.1030 0.3155 0.6990 -0.3113 -0.3258
9.4150 2.1036 0.3155 0.6970 -0.3106 -0.3295
9.4272 2.1009 0.3155 0.6938 -0.3164 -0.3304
9.4408 2.0942 0.3155 0.6911 -0.3214 -0.3307
9.4531 2.0840 0.3155 0.6896 -0.3242 -0.3306
9.4653 2.0740 0.3155 0.6902 -0.3226 -0.3304
9.4789 2.0955 0.3155 0.6932 -0.3205 -0.3257
9.4912 2.0928 0.3155 0.6951 -0.3233 -0.3002
9.5034 2.0942 0.3155 0.6980 -0.3312 -0.2708
9.5170 2.1003 0.3155 0.7017 -0.3552 -0.2539
9.5293 2.1070 0.3155 0.7033 -0.3805 -0.2484
9.5429 2.1119 0.3155 0.7042 -0.3653 -0.2504
9.5551 2.1142 0.3155 0.7077 -0.3858 -0.2470
9.5687 2.1148 0.3155 0.7093 -0.3795 -0.2477
9.5810 2.1151 0.3155 0.7092 -0.3799 -0.2472
9.5946 2.1166 0.3155 0.7087 -0.3763 -0.2501
9.6068 2.1198 0.3155 0.7089 -0.3560 -0.2493
9.6204 2.2690 0.3155 0.7076 -0.3294 -0.2568
9.6340 2.2753 0.3155 0.7070 -0.3189 -0.2543
9.6476 2.2797 0.3155 0.7072 -0.3181 -0.2583
9.6626 2.2814 0.3155 0.7090 -0.3200 -0.2801
9.6762 2.2804 0.3155 0.7105 -0.3357 -0.2907
9.6898 2.2636 0.3155 0.7103 -0.3631 -0.2714
9.7034 2.1994 0.3155 0.7125 -0.3784 -0.2608
9.7170 2.1661 0.3155 0.7115 -0.3773 -0.2685
9.7293 2.1495 0.3155 0.7088 -0.3732 -0.2491
9.7429 2.1485 0.3155 0.7051 -0.3608 -0.2399
9.7551 2.1526 0.3155 0.7030 -0.3362 -0.2756
9.7687 2.1546 0.3155 0.7016 -0.3182 -0.3087
9.7823 2.1536 0.3155 0.6985 -0.3100 -0.3284
9.7946 2.1370 0.3155 0.6942 -0.3038 -0.3406
9.8082 2.0889 0.3155 0.6911 -0.3011 -0.3379
9.8204 2.0501 0.3155 0.6914 -0.3131 -0.3177
9.8327 2.0339 0.3155 0.6971 -0.3319 -0.3047
9.8449 2.0377 0.3155 0.7067 -0.3444 -0.2796
9.8571 2.0396 0.3155 0.7129 -0.3475 -0.2659
9.8694 2.0334 0.3155 0.7152 -0.3504 -0.2595
9.8816 2.0274 0.3155 0.7146 -0.3466 -0.2539
9.8939 2.0269 0.3155 0.7123 -0.3415 -0.2501
9.9061 2.0303 0.3155 0.7090 -0.3339 -0.2431
9.9184 2.0373 0.3155 0.7066 -0.3315 -0.2407
9.9320 2.0453 0.3155 0.7069 -0.3393 -0.2508
9.9442 2.0523 0.3155 0.7092 -0.3452 -0.2605
9.9565 2.0572 0.3155 0.7116 -0.3469 -0.2653
9.9687 2.0595 0.3155 0.7129 -0.3474 -0.2631
9.9823 2.0595 0.3155 0.7134 -0.3495 -0.2610
9.9946 2.0606 0.3155 0.7119 -0.3491 -0.2567
10.0068 2.0641 0.3155 0.7085 -0.3483 -0.2470
10.0190 2.0696 0.3155 0.7044 -0.3491 -0.2374
10.0313 2.0773 0.3155 0.7005 -0.3557 -0.2375
10.0449 2.0871 0.3155 0.6980 -0.3601 -0.2379
10.0571 2.0990 0.3155 0.6984 -0.3631 -0.2357
10.0707 2.1108 0.3155 0.7010 -0.3719 -0.2415
10.0830 2.1208 0.3155 0.7037 -0.3785 -0.2498
10.0966 2.1292 0.3155 0.7056 -0.3805 -0.2534
10.1088 2.1359 0.3155 0.7066 -0.3794 -0.2524
10.1224 2.1415 0.3155 0.7073 -0.3783 -0.2527
10.1361 2.1461 0.3155 0.7084 -0.3733 -0.2530
10.1483 2.1502 0.3155 0.7101 -0.3611 -0.2573
10.1619 2.1549 0.3155 0.7109 -0.3519 -0.2625
10.1755 2.1606 0.3155 0.7094 -0.3119 -0.2624
10.1878 2.1675 0.3155 0.7094 -0.3275 -0.2525
10.2014 2.1773 0.3155 0.7075 -0.3225 -0.2508
10.2150 2.1874 0.3155 0.7056 -0.3263 -0.2495
10.2286 2.1959 0.3155 0.7032 -0.3100 -0.2473
10.2422 2.2022 0.3155 0.7045 -0.3460 -0.2591
10.2544 2.2062 0.3155 0.7063 -0.3506 -0.2765
10.2680 2.2072 0.3155 0.7089 -0.3514 -0.2837
10.2816 2.2034 0.3155 0.7115 -0.3512 -0.2789
10.2952 2.1918 0.3155 0.7136 -0.3505 -0.2753
10.3088 2.0454 0.3155 0.7143 -0.3503 -0.2753
10.3197 1.8819 0.3155 0.7127 -0.3687 -0.2686
10.3306 1.8813 0.3155 0.7092 -0.3740 -0.2723
10.3429 1.8831 0.3155 0.7048 -0.3837 -0.2531
10.3537 1.8867 0.3155 0.7007 -0.3860 -0.2367
10.3646 1.8933 0.3155 0.6997 -0.3646 -0.2476
10.3769 1.9015 0.3155 0.6970 -0.3564 -0.2775
10.3878 1.9089 0.3155 0.6945 -0.3520 -0.3056
10.4000 1.9141 0.3155 0.6923 -0.3511 -0.3083
10.4122 1.9171 0.3155 0.6908 -0.3480 -0.3119
10.4231 1.9176 0.3155 0.6894 -0.3449 -0.3161
10.4354 1.9153 0.3155 0.6889 -0.3391 -0.3203
10.4476 1.9099 0.3155 0.6915 -0.3186 -0.3300
10.4585 1.9031 0.3155 0.6936 -0.3053 -0.3365
10.4707 1.8989 0.3155 0.6990 -0.3112 -0.3262
10.4816 1.8868 0.3155 0.6926 -0.3212 -0.3333
10.4925 1.8892 0.3155 0.6962 -0.3262 -0.3021
10.5034 1.8927 0.3155 0.7023 -0.3189 -0.2795
10.5156 1.8994 0.3155 0.7058 -0.3274 -0.2638
10.5265 1.9075 0.3155 0.7094 -0.3382 -0.2655
10.5388 1.9142 0.3155 0.7115 -0.3463 -0.2641
10.5510 1.9189 0.3155 0.7124 -0.3519 -0.2594
10.5619 1.9220 0.3155 0.7126 -0.3570 -0.2555
10.5741 1.9242 0.3155 0.7126 -0.3594 -0.2528
10.5850 1.9268 0.3155 0.7141 -0.4199 -0.2441
10.5973 1.9304 0.3155 0.7103 -0.3619 -0.2479
10.6095 1.9354 0.3155 0.7098 -0.3406 -0.2462
10.6204 1.9748 0.3155 0.7069 -0.3331 -0.2467
10.6327 1.9832 0.3155 0.7056 -0.3370 -0.2397
10.6449 1.9903 0.3155 0.7053 -0.3392 -0.2425
10.6571 1.9951 0.3155 0.7071 -0.3356 -0.2639
10.6694 1.9972 0.3155 0.7097 -0.3328 -0.2705
10.6816 1.9961 0.3155 0.7125 -0.3357 -0.2716
10.6939 1.9844 0.3155 0.7156 -0.3464 -0.2613
10.7048 1.9453 0.3155 0.7180 -0.3527 -0.2517
10.7156 1.8947 0.3155 0.7167 -0.3520 -0.2569
10.7265 1.8871 0.3155 0.7142 -0.3496 -0.2400
10.7374 1.8849 0.3155 0.7119 -0.3455 -0.2338
10.7483 1.8901 0.3155 0.7085 -0.3371 -0.2367
10.7592 1.8955 0.3155 0.7043 -0.3423 -0.2577
10.7714 1.8989 0.3155 0.7028 -0.3365 -0.2798
10.7823 1.8993 0.3155 0.6998 -0.3346 -0.2938
10.7946 1.8961 0.3155 0.6970 -0.3351 -0.2908
10.8068 1.8660 0.3155 0.6891 -0.3394 -0.2885
10.8177 1.8322 0.3155 0.6900 -0.3420 -0.2796
10.8286 1.8197 0.3155 0.6965 -0.3411 -0.2756
10.8395 1.8236 0.3155 0.7045 -0.3698 -0.2510
10.8503 1.8286 0.3155 0.7108 -0.3918 -0.2130
10.8612 1.8282 0.3155 0.7164 -0.3810 -0.2036
10.8721 1.8260 0.3155 0.7216 -0.4437 -0.1977
10.8830 1.8215 0.3155 0.7216 -0.3871 -0.2117
10.8939 1.8243 0.3155 0.7149 -0.3393 -0.2670
10.9048 1.8288 0.3155 0.7120 -0.3279 -0.2591
10.9156 1.8357 0.3155 0.7102 -0.3292 -0.2541
10.9279 1.8448 0.3155 0.7094 -0.3417 -0.2618
10.9388 1.8537 0.3155 0.7090 -0.3590 -0.2617
10.9497 1.8610 0.3155 0.7103 -0.4498 -0.2558
10.9619 1.8661 0.3155 0.7112 -0.3782 -0.2641
10.9728 1.8692 0.3155 0.7125 -0.3744 -0.2641
10.9850 1.8709 0.3155 0.7144 -0.3646 -0.2666
10.9959 1.8742 0.3155 0.7135 -0.3506 -0.2656
11.0068 1.8792 0.3155 0.7115 -0.3432 -0.2603
11.0190 1.8856 0.3155 0.7093 -0.3373 -0.2538
11.0299 1.8938 0.3155 0.7075 -0.3342 -0.2581
11.0422 1.9034 0.3155 0.7062 -0.3342 -0.2606
11.0531 1.9156 0.3155 0.7058 -0.3365 -0.2598
11.0653 1.9288 0.3155 0.7073 -0.3404 -0.2610
11.0776 1.9409 0.3155 0.7101 -0.3418 -0.2702
11.0884 1.9511 0.3155 0.7123 -0.3465 -0.2791
11.1007 1.9599 0.3155 0.7134 -0.3490 -0.2767
11.1129 1.9676 0.3155 0.7140 -0.3508 -0.2756
11.1252 1.9743 0.3155 0.7143 -0.3510 -0.2753
11.1374 1.9800 0.3155 0.7145 -0.3522 -0.2732
11.1497 1.9853 0.3155 0.7144 -0.3525 -0.2725
11.1619 1.9913 0.3155 0.7140 -0.3505 -0.2742
11.1741 1.9980 0.3155 0.7116 -0.3432 -0.2657
11.1850 2.0054 0.3155 0.7114 -0.3428 -0.2636
11.1973 2.0155 0.3155 0.7099 -0.3324 -0.2583
11.2109 2.0268 0.3155 0.7083 -0.3324 -0.2595
11.2231 2.0372 0.3155 0.7073 -0.3367 -0.2567
11.2354 2.0456 0.3155 0.7072 -0.3433 -0.2733
11.2476 2.0519 0.3155 0.7075 -0.3550 -0.2778
11.2599 2.0558 0.3155 0.7086 -0.3649 -0.2932
11.2735 2.0568 0.3155 0.7087 -0.3472 -0.2900
11.2857 2.0533 0.3155 0.7112 -0.3797 -0.2796
11.2980 2.0435 0.3155 0.7126 -0.3816 -0.2757
11.3102 1.8984 0.3155 0.7130 -0.3797 -0.2770
11.3211 1.8869 0.3155 0.7135 -0.4500 -0.2685
11.3333 1.8845 0.3155 0.7101 -0.3875 -0.2704
11.3442 1.8859 0.3155 0.7078 -0.3832 -0.2663
11.3551 1.8899 0.3155 0.7052 -0.3773 -0.2534
11.3673 1.8970 0.3155 0.7059 -0.3455 -0.2790
11.3782 1.9052 0.3155 0.7048 -0.3299 -0.3024
11.3905 1.9122 0.3155 0.7043 -0.3183 -0.3322
11.4014 1.9170 0.3155 0.7035 -0.3115 -0.3381
11.4136 1.9195 0.3155 0.7021 -0.3084 -0.3421
11.4259 1.9195 0.3155 0.6999 -0.3100 -0.3439
11.4367 1.9166 0.3155 0.6970 -0.3169 -0.3433
11.4490 1.9108 0.3155 0.6940 -0.3261 -0.3414
11.4612 1.9040 0.3155 0.6926 -0.3321 -0.3390
11.4707 1.6334 0.3155 0.6919 -0.3516 -0.3280
11.4816 1.6355 0.3155 0.6940 -0.3505 -0.3259
11.4912 1.6372 0.3155 0.6976 -0.4109 -0.2957
11.5007 1.6414 0.3155 0.6972 -0.3567 -0.2883
11.5116 1.6479 0.3155 0.7003 -0.3728 -0.2668
11.5211 1.6572 0.3155 0.7033 -0.3891 -0.2597
11.5320 1.6665 0.3155 0.7046 -0.4112 -0.2569
11.5415 1.6744 0.3155 0.7052 -0.4190 -0.2522
11.5524 1.6806 0.3155 0.7062 -0.4206 -0.2495
11.5619 1.6857 0.3155 0.7093 -0.4782 -0.2402
11.5728 1.6901 0.3155 0.7072 -0.4208 -0.2470
11.5823 1.6946 0.3155 0.7068 -0.4225 -0.2460
11.5932 1.6996 0.3155 0.7063 -0.4200 -0.2485
11.6041 1.7056 0.3155 0.7054 -0.4139 -0.2472
11.6136 1.7127 0.3155 0.7042 -0.4025 -0.2425
11.6245 1.7219 0.3155 0.7038 -0.3777 -0.2455
11.6354 1.7321 0.3155 0.7051 -0.3593 -0.2511
11.6449 1.7410 0.3155 0.7055 -0.3558 -0.2585
11.6558 1.7479 0.3155 0.7088 -0.4128 -0.2618
11.6667 1.7524 0.3155 0.7097 -0.3511 -0.2939
11.6776 1.7545 0.3155 0.7125 -0.3510 -0.3004
11.6884 1.7524 0.3155 0.7151 -0.3528 -0.2944
11.6993 1.7393 0.3155 0.7176 -0.3556 -0.2887
11.7088 1.7190 0.3155 0.7184 -0.3568 -0.2888
11.7197 1.7074 0.3155 0.7171 -0.3583 -0.2793
11.7293 1.7056 0.3155 0.7162 -0.4186 -0.2598
11.7388 1.7082 0.3155 0.7100 -0.3602 -0.2522
11.7497 1.7147 0.3155 0.7058 -0.3553 -0.2680
11.7605 1.7212 0.3155 0.7022 -0.3541 -0.2881
11.7714 1.7259 0.3155 0.6985 -0.3539 -0.3110
11.7810 1.7281 0.3155 0.6976 -0.4151 -0.3161
11.7918 1.7268 0.3155 0.6908 -0.3595 -0.3285
11.8027 1.7150 0.3155 0.6871 -0.3583 -0.3319
11.8122 1.6910 0.3155 0.6864 -0.3566 -0.3251
11.8231 1.6760 0.3155 0.6896 -0.3533 -0.3199
11.8327 1.6728 0.3155 0.6971 -0.3556 -0.3131
11.8422 1.6790 0.3155 0.7043 -0.3687 -0.2963
11.8517 1.6845 0.3155 0.7110 -0.4493 -0.2595
11.8626 1.6855 0.3155 0.7105 -0.4013 -0.2576
11.8735 1.6838 0.3155 0.7111 -0.4063 -0.2521
11.8830 1.6837 0.3155 0.7129 -0.4581 -0.2396
11.8939 1.6865 0.3155 0.7097 -0.3878 -0.2468
11.9034 1.6915 0.3155 0.7077 -0.3732 -0.2432
11.9143 1.6982 0.3155 0.7059 -0.3671 -0.2415
11.9238 1.7075 0.3155 0.7041 -0.3772 -0.2458
11.9347 1.7177 0.3155 0.7025 -0.4011 -0.2481
11.9456 1.7267 0.3155 0.7033 -0.4102 -0.2490
11.9551 1.7338 0.3155 0.7061 -0.4124 -0.2545
11.9660 1.7390 0.3155 0.7105 -0.4644 -0.2477
11.9769 1.7425 0.3155 0.7089 -0.4059 -0.2552
11.9878 1.7455 0.3155 0.7093 -0.4045 -0.2554
11.9986 1.7504 0.3155 0.7092 -0.3854 -0.2525
12.0082 1.7563 0.3155 0.7095 -0.3632 -0.2573
12.0190 1.7635 0.3155 0.7105 -0.4033 -0.2473
12.0299 1.7721 0.3155 0.7068 -0.3413 -0.2604
12.0408 1.7819 0.3155 0.7054 -0.3422 -0.2625
12.0517 1.7943 0.3155 0.7036 -0.3545 -0.2578
12.0626 1.8083 0.3155 0.7039 -0.4422 -0.2407
12.0735 1.8216 0.3155 0.7017 -0.4039 -0.2503
12.0857 1.8331 0.3155 0.7032 -0.4110 -0.2527
12.0966 1.8432 0.3155 0.7046 -0.4147 -0.2556
12.1075 1.8521 0.3155 0.7061 -0.4093 -0.2566
12.1197 1.8601 0.3155 0.7084 -0.3960 -0.2612
12.1306 1.8672 0.3155 0.7104 -0.3840 -0.2654
12.1429 1.8735 0.3155 0.7110 -0.3808 -0.2650
12.1537 1.8797 0.3155 0.7111 -0.3796 -0.2659
12.1646 1.8867 0.3155 0.7107 -0.3774 -0.2690
12.1769 1.8942 0.3155 0.7109 -0.3574 -0.2629
12.1878 1.9025 0.3155 0.7092 -0.3520 -0.2547
12.2000 1.9135 0.3155 0.7086 -0.3404 -0.2547
12.2109 1.9255 0.3155 0.7104 -0.3892 -0.2518
12.2231 1.9364 0.3155 0.7080 -0.3316 -0.2585
12.2354 1.9455 0.3155 0.7089 -0.3316 -0.2779
12.2476 1.9526 0.3155 0.7103 -0.3340 -0.2863
12.2585 1.9575 0.3155 0.7124 -0.3352 -0.3062
12.2707 1.9597 0.3155 0.7139 -0.3413 -0.3004
12.2830 1.9582 0.3155 0.7155 -0.3449 -0.2951
12.2952 1.9516 0.3155 0.7173 -0.3445 -0.2918
12.3075 1.9411 0.3155 0.7185 -0.3414 -0.2920
12.3184 1.7940 0.3155 0.7155 -0.3536 -0.2959
12.3293 1.7896 0.3155 0.7153 -0.3537 -0.2947
12.3401 1.7901 0.3155 0.7128 -0.3577 -0.2737
12.3497 1.7938 0.3155 0.7089 -0.3628 -0.2662
12.3605 1.7997 0.3155 0.7045 -0.3703 -0.2589
12.3728 1.8082 0.3155 0.6998 -0.3737 -0.2752
12.3837 1.8167 0.3155 0.6966 -0.3727 -0.3017
12.3946 1.8237 0.3155 0.6945 -0.3702 -0.3168
12.4054 1.8285 0.3155 0.6929 -0.3673 -0.3206
12.4163 1.8313 0.3155 0.6946 -0.4223 -0.3160
12.4286 1.8317 0.3155 0.6908 -0.3594 -0.3279
12.4395 1.8295 0.3155 0.6899 -0.3558 -0.3316
12.4503 1.8249 0.3155 0.6893 -0.3537 -0.3343
12.4612 1.8198 0.3155 0.6928 -0.4082 -0.3278
12.4721 1.6886 0.3155 0.6936 -0.3414 -0.3351
12.4830 1.6888 0.3155 0.6960 -0.3349 -0.3352
12.4925 1.6913 0.3155 0.6982 -0.3360 -0.3111
12.5020 1.6957 0.3155 0.7015 -0.3385 -0.2943
12.5129 1.7025 0.3155 0.7046 -0.3521 -0.2739
12.5238 1.7116 0.3155 0.7075 -0.3646 -0.2677
12.5333 1.7203 0.3155 0.7110 -0.4423 -0.2594
12.5442 1.7273 0.3155 0.7089 -0.3955 -0.2611
12.5551 1.7328 0.3155 0.7091 -0.4021 -0.2565
12.5660 1.7372 0.3155 0.7097 -0.4021 -0.2549
12.5769 1.7411 0.3155 0.7103 -0.3984 -0.2555
12.5864 1.7453 0.3155 0.7105 -0.3937 -0.2577
12.5973 1.7504 0.3155 0.7098 -0.3866 -0.2576
12.6082 1.7564 0.3155 0.7082 -0.3840 -0.2546
12.6190 1.7554 0.3155 0.7053 -0.3843 -0.2442
12.6299 1.7657 0.3155 0.7018 -0.3906 -0.2364
12.6408 1.7753 0.3155 0.6989 -0.3954 -0.2329
12.6517 1.7829 0.3155 0.6997 -0.3933 -0.2534
12.6626 1.7882 0.3155 0.7027 -0.3927 -0.2660
12.6735 1.7911 0.3155 0.7052 -0.3957 -0.2842
12.6844 1.7909 0.3155 0.7072 -0.4019 -0.2764
12.6952 1.7822 0.3155 0.7099 -0.4053 -0.2695
12.7061 1.7611 0.3155 0.7117 -0.4057 -0.2682
12.7156 1.7442 0.3155 0.7120 -0.4006 -0.2722
12.7265 1.7389 0.3155 0.7123 -0.3814 -0.2593
12.7361 1.7403 0.3155 0.7133 -0.4197 -0.2517
12.7469 1.7457 0.3155 0.7073 -0.3545 -0.2536
12.7578 1.7522 0.3155 0.7045 -0.3446 -0.2906
12.7687 1.7572 0.3155 0.7030 -0.3351 -0.3182
12.7796 1.7598 0.3155 0.7009 -0.3278 -0.3343
12.7891 1.7592 0.3155 0.6986 -0.3223 -0.3421
12.8000 1.7494 0.3155 0.6953 -0.3181 -0.3481
12.8109 1.7250 0.3155 0.6931 -0.3195 -0.3426
12.8204 1.7065 0.3155 0.6933 -0.3311 -0.3282
12.8313 1.7014 0.3155 0.6973 -0.3510 -0.3147
12.8408 1.7065 0.3155 0.7038 -0.3660 -0.2993
12.8517 1.7122 0.3155 0.7092 -0.3844 -0.2708
12.8612 1.7134 0.3155 0.7114 -0.3939 -0.2604
12.8721 1.7114 0.3155 0.7141 -0.4592 -0.2464
12.8830 1.7107 0.3155 0.7103 -0.4028 -0.2468
12.8925 1.7133 0.3155 0.7099 -0.4614 -0.2325
12.9034 1.7180 0.3155 0.7050 -0.3940 -0.2347
12.9143 1.7247 0.3155 0.7035 -0.3849 -0.2343
12.9238 1.7339 0.3155 0.7066 -0.4340 -0.2377
12.9347 1.7439 0.3155 0.7069 -0.3708 -0.2607
12.9456 1.7526 0.3155 0.7085 -0.3782 -0.2634
12.9565 1.7594 0.3155 0.7091 -0.3916 -0.2631
12.9673 1.7643 0.3155 0.7092 -0.3999 -0.2581
12.9782 1.7675 0.3155 0.7094 -0.4036 -0.2555
12.9891 1.7704 0.3155 0.7099 -0.4002 -0.2570
13.0000 1.7753 0.3155 0.7090 -0.3856 -0.2525
13.0095 1.7812 0.3155 0.7073 -0.3717 -0.2487
13.0204 1.7885 0.3155 0.7054 -0.3650 -0.2477
13.0313 1.7973 0.3155 0.7022 -0.3722 -0.2477
13.0435 1.8074 0.3155 0.6974 -0.3856 -0.2440
13.0544 1.8202 0.3155 0.6993 -0.3737 -0.2439
13.0653 1.8341 0.3155 0.7005 -0.3901 -0.2454
13.0762 1.8468 0.3155 0.7039 -0.3917 -0.2556
13.0884 1.8579 0.3155 0.7055 -0.4017 -0.2616
13.0993 1.8675 0.3155 0.7066 -0.4015 -0.2603
13.1102 1.8760 0.3155 0.7110 -0.4497 -0.2551
13.1224 1.8836 0.3155 0.7114 -0.3755 -0.2693
13.1333 1.8903 0.3155 0.7126 -0.3682 -0.2717
13.1456 1.8963 0.3155 0.7147 -0.3515 -0.2730
13.1565 1.9025 0.3155 0.7142 -0.3522 -0.2745
13.1687 1.9095 0.3155 0.7116 -0.3621 -0.2657
13.1796 1.9171 0.3155 0.7093 -0.4348 -0.2418
13.1918 1.9260 0.3155 0.7048 -0.3812 -0.2426
13.2041 1.9376 0.3155 0.7028 -0.3776 -0.2401
13.2150 1.9494 0.3155 0.7016 -0.3749 -0.2422
13.2272 1.9596 0.3155 0.7030 -0.3692 -0.2423
13.2395 1.9678 0.3155 0.7064 -0.3538 -0.2683
13.2517 1.9740 0.3155 0.7100 -0.3427 -0.2928
13.2639 1.9778 0.3155 0.7125 -0.3414 -0.3022
13.2762 1.9786 0.3155 0.7144 -0.3439 -0.2980
13.2884 1.9749 0.3155 0.7161 -0.3464 -0.2929
13.3007 1.9658 0.3155 0.7168 -0.3518 -0.2881
13.3116 1.9480 0.3155 0.7172 -0.3545 -0.2852
13.3238 1.9413 0.3155 0.7174 -0.3441 -0.2915
13.3347 1.9396 0.3155 0.7163 -0.3349 -0.2898
13.3469 1.9411 0.3155 0.7135 -0.3341 -0.2729
13.3578 1.9454 0.3155 0.7104 -0.3315 -0.2696
13.3701 1.9529 0.3155 0.7074 -0.3272 -0.2884
13.3823 1.9606 0.3155 0.7052 -0.3223 -0.3172
13.3946 1.9665 0.3155 0.7034 -0.3198 -0.3330
13.4068 1.9701 0.3155 0.7017 -0.3176 -0.3368
13.4190 1.9712 0.3155 0.7005 -0.3127 -0.3413
13.4299 1.9694 0.3155 0.6996 -0.3069 -0.3471
13.4422 1.9642 0.3155 0.6985 -0.3048 -0.3496
13.4544 1.9566 0.3155 0.6975 -0.3061 -0.3501
13.4667 1.9495 0.3155 0.6967 -0.3120 -0.3470
13.4776 1.9381 0.3155 0.6967 -0.3228 -0.3392
13.4898 1.9373 0.3155 0.6959 -0.3407 -0.3065
13.5007 1.9396 0.3155 0.6970 -0.3564 -0.2842
13.5129 1.9455 0.3155 0.7003 -0.3766 -0.2597
13.5252 1.9533 0.3155 0.7047 -0.3904 -0.2584
13.5374 1.9601 0.3155 0.7072 -0.3962 -0.2582
13.5497 1.9647 0.3155 0.7089 -0.3962 -0.2560
13.5605 1.9674 0.3155 0.7102 -0.3940 -0.2554
13.5728 1.9692 0.3155 0.7109 -0.3922 -0.2544
13.5850 1.9713 0.3155 0.7108 -0.3899 -0.2554
13.5973 1.9746 0.3155 0.7106 -0.3793 -0.2561
13.6095 1.9792 0.3155 0.7109 -0.3625 -0.2590
13.6218 1.9922 0.3155 0.7093 -0.3446 -0.2599
13.6340 2.0006 0.3155 0.7083 -0.3352 -0.2577
13.6463 2.0075 0.3155 0.7085 -0.3316 -0.2648
13.6585 2.0120 0.3155 0.7100 -0.3306 -0.2870
13.6707 2.0139 0.3155 0.7120 -0.3367 -0.2956
13.6830 2.0127 0.3155 0.7137 -0.3496 -0.2941
13.6952 1.9992 0.3155 0.7156 -0.3645 -0.2807
13.7061 1.9687 0.3155 0.7185 -0.4279 -0.2723
13.7184 1.9453 0.3155 0.7157 -0.3685 -0.2725
13.7293 1.9376 0.3155 0.7135 -0.3619 -0.2645
13.7415 1.9389 0.3155 0.7098 -0.3546 -0.2525
13.7537 1.9446 0.3155 0.7057 -0.3456 -0.2711
13.7646 1.9488 0.3155 0.7027 -0.3412 -0.3007
13.7769 1.9504 0.3155 0.6981 -0.3441 -0.3231
13.7891 1.9487 0.3155 0.6928 -0.3506 -0.3279
13.8000 1.9340 0.3155 0.6879 -0.3501 -0.3337
13.8122 1.9004 0.3155 0.6868 -0.3498 -0.3253
13.8231 1.8768 0.3155 0.6862 -0.3770 -0.3050
13.8340 1.8707 0.3155 0.6922 -0.3922 -0.2986
13.8449 1.8766 0.3155 0.7008 -0.4152 -0.2658
13.8571 1.8792 0.3155 0.7062 -0.4222 -0.2520
13.8694 1.8758 0.3155 0.7085 -0.4238 -0.2464
13.8803 1.8719 0.3155 0.7093 -0.4178 -0.2466
13.8912 1.8721 0.3155 0.7101 -0.3883 -0.2472
13.9020 1.8757 0.3155 0.7114 -0.4229 -0.2383
13.9143 1.8819 0.3155 0.7072 -0.3575 -0.2457
13.9252 1.8906 0.3155 0.7067 -0.3587 -0.2535
13.9374 1.8994 0.3155 0.7102 -0.3485 -0.2658
13.9483 1.9066 0.3155 0.7126 -0.3544 -0.2751
13.9605 1.9116 0.3155 0.7144 -0.3546 -0.2737
13.9728 1.9145 0.3155 0.7153 -0.3552 -0.2716
13.9837 1.9158 0.3155 0.7157 -0.3562 -0.2707
13.9959 1.9186 0.3155 0.7142 -0.3546 -0.2663
14.0068 1.9233 0.3155 0.7115 -0.3492 -0.2590
14.0190 1.9295 0.3155 0.7087 -0.3421 -0.2524
14.0299 1.9375 0.3155 0.7085 -0.4010 -0.2468
14.0422 1.9472 0.3155 0.7044 -0.3475 -0.2556
14.0544 1.9594 0.3155 0.7037 -0.3548 -0.2523
14.0667 1.9723 0.3155 0.7040 -0.3685 -0.2502
14.0789 1.9839 0.3155 0.7051 -0.3828 -0.2545
14.0912 1.9937 0.3155 0.7068 -0.3917 -0.2615
14.1034 2.0021 0.3155 0.7084 -0.3878 -0.2613
14.1156 2.0092 0.3155 0.7107 -0.3752 -0.2660
14.1279 2.0154 0.3155 0.7125 -0.3643 -0.2696
14.1401 2.0207 0.3155 0.7125 -0.3672 -0.2672
14.1524 2.0258 0.3155 0.7114 -0.3747 -0.2641
14.1646 2.0318 0.3155 0.7101 -0.3798 -0.2637
14.1769 2.0384 0.3155 0.7084 -0.3748 -0.2560
14.1891 2.0462 0.3155 0.7075 -0.3639 -0.2497
14.2014 2.0568 0.3155 0.7064 -0.3533 -0.2504
14.2150 2.0678 0.3155 0.7058 -0.3486 -0.2528
14.2272 2.0772 0.3155 0.7056 -0.3495 -0.2508
14.2395 2.0846 0.3155 0.7056 -0.3597 -0.2663
14.2531 2.0898 0.3155 0.7055 -0.3726 -0.2795
14.2653 2.0924 0.3155 0.7074 -0.3763 -0.2861
14.2789 2.0914 0.3155 0.7098 -0.3461 -0.2884
14.2912 2.0845 0.3155 0.7134 -0.3701 -0.2817
14.3034 2.0715 0.3155 0.7142 -0.3728 -0.2788
14.3143 1.5421 0.3155 0.7136 -0.4430 -0.2704
14.3238 1.5407 0.3155 0.7143 -0.3712 -0.2820
14.3320 1.5438 0.3155 0.7145 -0.3547 -0.2823
14.3415 1.5480 0.3155 0.7153 -0.4047 -0.2720
14.3510 1.5530 0.3155 0.7130 -0.4019 -0.2671
14.3605 1.5593 0.3155 0.7080 -0.3445 -0.2697
14.3701 1.5684 0.3155 0.7037 -0.3555 -0.2815
14.3796 1.5786 0.3155 0.6978 -0.3706 -0.3015
14.3891 1.5881 0.3155 0.6977 -0.4331 -0.3054
14.3986 1.5958 0.3155 0.6930 -0.3733 -0.3162
14.4095 1.6019 0.3155 0.6920 -0.3695 -0.3197
14.4190 1.6063 0.3155 0.6922 -0.3596 -0.3255
14.4286 1.6088 0.3155 0.6967 -0.4018 -0.3255
