lap v kv ra qc qv
0.0000 1.3008 0.4623 0.7370 -0.0540 0.1419
0.0082 1.3097 0.4623 0.7370 0.0064 0.1201
0.0150 1.3191 0.4623 0.7370 0.0153 0.1216
0.0231 1.3295 0.4623 0.7370 0.0056 0.1257
0.0313 1.3410 0.4623 0.7370 0.0063 0.1229
0.0395 1.3533 0.4623 0.7370 0.0066 0.1204
0.0476 1.3668 0.4623 0.7370 0.0063 0.1193
0.0571 1.3841 0.4623 0.7370 0.0050 0.1204
0.0653 1.4032 0.4623 0.7370 -0.0011 0.1193
0.0735 1.4215 0.4623 0.7370 -0.0109 0.1143
0.0830 1.4383 0.4623 0.7370 0.0012 0.1083
0.0912 1.4534 0.4623 0.7370 -0.0700 0.1154
0.1007 1.4674 0.4623 0.7370 -0.0038 0.1086
0.1088 1.4800 0.4623 0.7370 -0.0063 0.1111
0.1184 1.4907 0.4623 0.7370 -0.0745 0.1208
0.1279 1.5006 0.4623 0.7370 -0.0099 0.1128
0.1374 1.5101 0.4623 0.7370 -0.0108 0.1171
0.1456 1.5192 0.4623 0.7370 -0.0119 0.1211
0.1551 1.5285 0.4623 0.7370 -0.0800 0.1348
0.1646 1.5386 0.4623 0.7370 -0.0133 0.1221
0.1741 1.5498 0.4623 0.7370 -0.0106 0.1305
0.1837 1.5609 0.4623 0.7370 -0.0124 0.1375
0.1932 1.5728 0.4623 0.7370 -0.0133 0.1465
0.2027 1.5881 0.4623 0.7370 -0.0120 0.1542
0.2122 1.6047 0.4623 0.7370 -0.0131 0.1579
0.2218 1.6203 0.4623 0.7370 -0.0812 0.1740
0.2327 1.6343 0.4623 0.7370 -0.0158 0.1601
0.2422 1.6465 0.4623 0.7370 -0.0156 0.1422
0.2517 1.6566 0.4623 0.7370 -0.0243 0.1315
0.2626 1.6644 0.4623 0.7370 0.0207 0.0374
0.2721 1.6700 0.4623 0.7370 0.0163 0.0452
0.2830 1.6728 0.4623 0.7370 0.0179 0.0470
0.2939 1.6723 0.4623 0.7370 0.0177 0.0512
0.3034 1.6688 0.4623 0.7370 0.0209 0.0515
0.3143 1.6575 0.4623 0.7370 0.0191 0.0569
0.3238 1.6574 0.4623 0.7370 0.0226 0.0532
0.3333 1.6599 0.4623 0.7370 0.0249 0.0586
0.3429 1.6641 0.4623 0.7370 -0.0392 0.0741
0.3537 1.6697 0.4623 0.7370 0.0259 0.0820
0.3633 1.6776 0.4623 0.7370 0.0285 0.0752
0.3741 1.6886 0.4623 0.7370 0.0319 0.0470
0.3837 1.6999 0.4623 0.7370 0.0349 0.0294
0.3946 1.7094 0.4623 0.7370 0.0377 0.0149
0.4054 1.7169 0.4623 0.7370 0.0404 0.0117
0.4150 1.7224 0.4623 0.7370 0.0435 0.0087
0.4259 1.7257 0.4623 0.7370 0.0472 0.0040
0.4367 1.7265 0.4623 0.7370 0.0481 0.0018
0.4476 1.7251 0.4623 0.7370 0.0494 0.0001
0.4585 1.7225 0.4623 0.7370 0.0502 0.0008
0.4680 1.6891 0.4623 0.7370 0.0253 0.0066
0.4789 1.6994 0.4623 0.7370 0.0110 0.0199
0.4884 1.7018 0.4623 0.7370 -0.0674 0.0468
0.4993 1.7063 0.4623 0.7370 -0.0119 0.0674
0.5088 1.7130 0.4623 0.7370 -0.0872 0.0900
0.5197 1.7233 0.4623 0.7370 -0.0319 0.0906
0.5306 1.7341 0.4623 0.7370 -0.0392 0.0928
0.5415 1.7434 0.4623 0.7370 -0.0473 0.0928
0.5524 1.7507 0.4623 0.7370 -0.0500 0.0956
0.5619 1.7566 0.4623 0.7370 -0.0501 0.0972
0.5728 1.7618 0.4623 0.7370 -0.1157 0.1071
0.5837 1.7669 0.4623 0.7370 -0.1139 0.1067
0.5946 1.7728 0.4623 0.7370 -0.0399 0.0925
0.6054 1.7796 0.4623 0.7370 -0.0155 0.0922
0.6163 1.7732 0.4623 0.7370 0.0071 0.0825
0.6272 1.7792 0.4623 0.7370 0.0138 0.0992
0.6381 1.7915 0.4623 0.7370 0.0157 0.0976
0.6490 1.8013 0.4623 0.7370 0.0179 0.0872
0.6599 1.8088 0.4623 0.7370 0.0217 0.0618
0.6707 1.8135 0.4623 0.7370 0.0240 0.0393
0.6816 1.8150 0.4623 0.7370 -0.0433 0.0534
0.6939 1.8090 0.4623 0.7370 0.0180 0.0530
0.7048 1.7888 0.4623 0.7370 0.0158 0.0567
0.7143 1.7697 0.4623 0.7370 0.0159 0.0553
0.7252 1.7633 0.4623 0.7370 0.0144 0.0764
0.7347 1.7646 0.4623 0.7370 0.0136 0.0857
0.7456 1.7706 0.4623 0.7370 0.0153 0.0953
0.7565 1.7787 0.4623 0.7370 0.0226 0.0585
0.7673 1.7854 0.4623 0.7370 0.0264 0.0320
0.7782 1.7893 0.4623 0.7370 0.0273 0.0184
0.7891 1.7897 0.4623 0.7370 0.0265 0.0129
0.8000 1.7809 0.4623 0.7370 0.0249 0.0084
0.8109 1.7558 0.4623 0.7370 0.0181 0.0163
0.8204 1.7362 0.4623 0.7370 0.0062 0.0298
0.8313 1.7312 0.4623 0.7370 -0.0099 0.0412
0.8408 1.7373 0.4623 0.7370 -0.0202 0.0543
0.8517 1.7440 0.4623 0.7370 -0.0288 0.0788
0.8626 1.7459 0.4623 0.7370 -0.0221 0.0831
0.8735 1.7443 0.4623 0.7370 -0.0147 0.0841
0.8844 1.7443 0.4623 0.7370 -0.0094 0.0898
0.8939 1.7477 0.4623 0.7370 -0.0084 0.0948
0.9048 1.7535 0.4623 0.7370 -0.0058 0.1044
0.9156 1.7617 0.4623 0.7370 -0.0058 0.1085
0.9265 1.7729 0.4623 0.7370 -0.0151 0.0990
0.9374 1.7845 0.4623 0.7370 -0.0180 0.0927
0.9483 1.7945 0.4623 0.7370 -0.0224 0.0828
0.9592 1.8022 0.4623 0.7370 -0.0200 0.0818
0.9701 1.8078 0.4623 0.7370 -0.0181 0.0823
0.9810 1.8113 0.4623 0.7370 -0.0181 0.0833
0.9918 1.8156 0.4623 0.7370 -0.0198 0.0890
1.0027 1.8218 0.4623 0.7370 -0.0916 0.1118
1.0136 1.8290 0.4623 0.7370 -0.0279 0.1081
1.0259 1.8379 0.4623 0.7370 -0.0206 0.1087
1.0367 1.8483 0.4623 0.7370 -0.0109 0.1020
1.0476 1.8612 0.4623 0.7370 -0.0051 0.0976
1.0599 1.8768 0.4623 0.7370 -0.0077 0.1004
1.0707 1.8924 0.4623 0.7370 -0.0171 0.0946
1.0830 1.9061 0.4623 0.7370 -0.0215 0.0858
1.0939 1.9180 0.4623 0.7370 -0.0146 0.0776
1.1061 1.9286 0.4623 0.7370 -0.0032 0.0749
1.1184 1.9380 0.4623 0.7370 0.0032 0.0723
1.1293 1.9462 0.4623 0.7370 0.0056 0.0712
1.1415 1.9535 0.4623 0.7370 0.0046 0.0739
1.1537 1.9606 0.4623 0.7370 0.0020 0.0749
1.1660 1.9685 0.4623 0.7370 -0.0084 0.0775
1.1782 1.9771 0.4623 0.7370 -0.0193 0.0918
1.1891 1.9868 0.4623 0.7370 -0.0225 0.1038
1.2014 2.0000 0.4623 0.7370 -0.0212 0.1076
1.2136 2.0138 0.4623 0.7370 -0.0210 0.1070
1.2259 2.0260 0.4623 0.7370 -0.0205 0.1085
1.2395 2.0360 0.4623 0.7370 -0.0151 0.0868
1.2517 2.0436 0.4623 0.7370 -0.0049 0.0627
1.2639 2.0485 0.4623 0.7370 0.0055 0.0495
1.2762 2.0499 0.4623 0.7370 0.0094 0.0509
1.2884 2.0461 0.4623 0.7370 0.0085 0.0555
1.3020 2.0358 0.4623 0.7370 0.0072 0.0589
1.3143 2.0200 0.4623 0.7370 0.0085 0.0572
1.3265 2.0124 0.4623 0.7370 0.0094 0.0556
1.3374 2.0108 0.4623 0.7370 0.0089 0.0627
1.3497 2.0135 0.4623 0.7370 0.0086 0.0795
1.3619 2.0201 0.4623 0.7370 0.0174 0.0800
1.3741 2.0294 0.4623 0.7370 0.0325 0.0453
1.3864 2.0379 0.4623 0.7370 0.0413 0.0156
1.4000 2.0440 0.4623 0.7370 0.0439 0.0107
1.4122 2.0473 0.4623 0.7370 0.0454 0.0073
1.4245 2.0475 0.4623 0.7370 0.0464 0.0041
1.4367 2.0440 0.4623 0.7370 0.0467 0.0012
1.4503 2.0366 0.4623 0.7370 0.0457 -0.0000
1.4626 2.0281 0.4623 0.7370 0.0437 0.0005
1.4748 2.0219 0.4623 0.7370 0.0408 0.0057
1.4871 2.0199 0.4623 0.7370 0.0381 0.0205
1.4980 2.0217 0.4623 0.7370 0.0337 0.0475
1.5102 2.0275 0.4623 0.7370 0.0206 0.0694
1.5238 2.0366 0.4623 0.7370 0.0118 0.0745
1.5361 2.0448 0.4623 0.7370 0.0000 0.0723
1.5483 2.0506 0.4623 0.7370 -0.0057 0.0770
1.5605 2.0541 0.4623 0.7370 -0.0127 0.0819
1.5728 2.0563 0.4623 0.7370 -0.0206 0.0867
1.5864 2.0588 0.4623 0.7370 -0.0281 0.0895
1.5986 2.0627 0.4623 0.7370 -0.0296 0.0936
1.6109 2.0686 0.4623 0.7370 -0.0257 0.1013
1.6231 2.0764 0.4623 0.7370 -0.0231 0.1065
1.6367 2.0865 0.4623 0.7370 -0.0182 0.1097
1.6490 2.0942 0.4623 0.7370 -0.0172 0.1013
1.6612 2.0990 0.4623 0.7370 -0.0151 0.0768
1.6748 2.1007 0.4623 0.7370 -0.0137 0.0571
1.6871 2.0967 0.4623 0.7370 -0.0171 0.0668
1.7007 2.0725 0.4623 0.7370 -0.0206 0.0735
1.7129 2.0376 0.4623 0.7370 -0.0188 0.0698
1.7238 2.0197 0.4623 0.7370 -0.0131 0.0869
1.7361 2.0168 0.4623 0.7370 0.0001 0.0904
1.7483 2.0226 0.4623 0.7370 0.0153 0.0812
1.7605 2.0287 0.4623 0.7370 0.0276 0.0543
1.7728 2.0321 0.4623 0.7370 0.0382 0.0264
1.7850 2.0322 0.4623 0.7370 0.0461 0.0061
1.7973 2.0221 0.4623 0.7370 0.0515 -0.0042
1.8095 1.9882 0.4623 0.7370 0.0501 0.0012
1.8218 1.9560 0.4623 0.7370 0.0369 0.0179
1.8327 1.9456 0.4623 0.7370 0.0127 0.0326
1.8435 1.9515 0.4623 0.7370 -0.0140 0.0625
1.8558 1.9554 0.4623 0.7370 -0.0284 0.0826
1.8680 1.9524 0.4623 0.7370 -0.0224 0.0987
1.8803 1.9480 0.4623 0.7370 -0.0202 0.1018
1.8912 1.9483 0.4623 0.7370 -0.0076 0.1086
1.9034 1.9525 0.4623 0.7370 0.0049 0.1138
1.9156 1.9602 0.4623 0.7370 0.0111 0.1152
1.9279 1.9706 0.4623 0.7370 0.0032 0.1049
1.9388 1.9806 0.4623 0.7370 -0.0062 0.1004
1.9510 1.9886 0.4623 0.7370 -0.0241 0.0968
1.9633 1.9940 0.4623 0.7370 -0.0345 0.1021
1.9755 1.9967 0.4623 0.7370 -0.0393 0.1060
1.9878 1.9988 0.4623 0.7370 -0.0384 0.1055
2.0000 2.0029 0.4623 0.7370 -0.0275 0.1120
2.0122 2.0088 0.4623 0.7370 -0.0174 0.1176
2.0245 2.0169 0.4623 0.7370 -0.0136 0.1195
2.0367 2.0268 0.4623 0.7370 -0.0137 0.1165
2.0490 2.0397 0.4623 0.7370 -0.0134 0.1151
2.0626 2.0545 0.4623 0.7370 -0.0012 0.1106
2.0748 2.0684 0.4623 0.7370 -0.0264 0.1065
2.0871 2.0803 0.4623 0.7370 -0.0277 0.1015
2.1007 2.0904 0.4623 0.7370 -0.0015 0.0912
2.1129 2.0990 0.4623 0.7370 -0.0032 0.0884
2.1265 2.1064 0.4623 0.7370 0.0016 0.0868
2.1388 2.1126 0.4623 0.7370 0.0019 0.0884
2.1510 2.1185 0.4623 0.7370 0.0039 0.0878
2.1646 2.1252 0.4623 0.7370 0.0079 0.0846
2.1769 2.1328 0.4623 0.7370 0.0181 0.0902
2.1905 2.1421 0.4623 0.7370 0.0280 0.0965
2.2041 2.1545 0.4623 0.7370 0.0346 0.0975
2.2163 2.1671 0.4623 0.7370 0.0355 0.0972
2.2299 2.1776 0.4623 0.7370 0.0346 0.0890
2.2435 2.1857 0.4623 0.7370 0.0325 0.0703
2.2571 2.1912 0.4623 0.7370 0.0284 0.0528
2.2707 2.1934 0.4623 0.7370 0.0387 0.0557
2.2844 2.1903 0.4623 0.7370 0.0172 0.0647
2.2966 2.1792 0.4623 0.7370 0.0125 0.0706
2.3102 2.1547 0.4623 0.7370 0.0057 0.0767
2.3238 2.1444 0.4623 0.7370 0.0058 0.0714
2.3361 2.1395 0.4623 0.7370 0.0031 0.0799
2.3483 2.1405 0.4623 0.7370 -0.0009 0.0975
2.3619 2.1463 0.4623 0.7370 -0.0017 0.1013
2.3755 2.1549 0.4623 0.7370 0.0213 0.0673
2.3878 2.1624 0.4623 0.7370 0.0129 0.0399
2.4014 2.1671 0.4623 0.7370 0.0216 0.0325
2.4150 2.1686 0.4623 0.7370 0.0347 0.0242
2.4286 2.1664 0.4623 0.7370 0.0625 0.0140
2.4408 2.1593 0.4623 0.7370 0.0495 0.0120
2.4544 2.1483 0.4623 0.7370 0.0454 0.0125
2.4680 2.0091 0.4623 0.7370 0.0380 0.0163
2.4789 1.9962 0.4623 0.7370 0.0295 0.0250
2.4912 1.9960 0.4623 0.7370 0.0193 0.0542
2.5034 1.9993 0.4623 0.7370 0.0121 0.0835
2.5156 2.0072 0.4623 0.7370 0.0020 0.0941
2.5279 2.0164 0.4623 0.7370 -0.0054 0.0919
2.5401 2.0240 0.4623 0.7370 -0.0084 0.0905
2.5524 2.0290 0.4623 0.7370 -0.0096 0.0931
2.5646 2.0322 0.4623 0.7370 -0.0153 0.0974
2.5782 2.0346 0.4623 0.7370 -0.0281 0.1037
2.5905 2.0377 0.4623 0.7370 -0.0370 0.1064
2.6027 2.0422 0.4623 0.7370 -0.0316 0.1077
2.6150 2.0445 0.4623 0.7370 -0.0157 0.1103
2.6272 2.0490 0.4623 0.7370 -0.0007 0.1161
2.6395 2.0588 0.4623 0.7370 0.0003 0.1169
2.6517 2.0660 0.4623 0.7370 0.0007 0.0968
2.6653 2.0703 0.4623 0.7370 0.0036 0.0723
2.6776 2.0715 0.4623 0.7370 0.0108 0.0627
2.6898 2.0650 0.4623 0.7370 0.0185 0.0678
2.7020 2.0374 0.4623 0.7370 0.0231 0.0694
2.7143 2.0060 0.4623 0.7370 0.0269 0.0647
2.7265 1.9927 0.4623 0.7370 0.0281 0.0845
2.7374 1.9919 0.4623 0.7370 -0.0359 0.1103
2.7497 1.9984 0.4623 0.7370 0.0283 0.0869
2.7619 2.0044 0.4623 0.7370 0.0181 0.0604
2.7741 2.0076 0.4623 0.7370 0.0117 0.0396
2.7864 2.0074 0.4623 0.7370 0.0110 0.0330
2.7986 1.9959 0.4623 0.7370 0.0150 0.0241
2.8109 1.9615 0.4623 0.7370 0.0160 0.0301
2.8218 1.9325 0.4623 0.7370 0.0122 0.0404
2.8327 1.9242 0.4623 0.7370 0.0043 0.0503
2.8449 1.9306 0.4623 0.7370 -0.0037 0.0744
2.8571 1.9344 0.4623 0.7370 -0.0044 0.0872
2.8680 1.9314 0.4623 0.7370 -0.0040 0.0919
2.8803 1.9274 0.4623 0.7370 -0.0031 0.0952
2.8925 1.9281 0.4623 0.7370 0.0070 0.1030
2.9034 1.9325 0.4623 0.7370 0.0163 0.1093
2.9156 1.9401 0.4623 0.7370 0.0181 0.1125
2.9265 1.9506 0.4623 0.7370 0.0093 0.1020
2.9388 1.9608 0.4623 0.7370 0.0074 0.0961
2.9510 1.9690 0.4623 0.7370 0.0068 0.0849
2.9633 1.9747 0.4623 0.7370 0.0078 0.0855
2.9755 1.9777 0.4623 0.7370 0.0067 0.0881
2.9878 1.9798 0.4623 0.7370 0.0066 0.0882
3.0000 1.9840 0.4623 0.7370 0.0146 0.0958
3.0109 1.9898 0.4623 0.7370 0.0229 0.1023
3.0231 1.9978 0.4623 0.7370 0.0267 0.1047
3.0354 2.0075 0.4623 0.7370 0.0261 0.1025
3.0476 2.0201 0.4623 0.7370 0.0253 0.1018
3.0599 2.0349 0.4623 0.7370 0.0245 0.1044
3.0735 2.0492 0.4623 0.7370 0.0176 0.0986
3.0857 2.0615 0.4623 0.7370 0.0111 0.0915
3.0980 2.0720 0.4623 0.7370 0.0062 0.0906
3.1116 2.0809 0.4623 0.7370 0.0030 0.0950
3.1238 2.0880 0.4623 0.7370 0.0010 0.0998
3.1361 2.0938 0.4623 0.7370 -0.0014 0.1062
3.1497 2.0999 0.4623 0.7370 -0.0027 0.1130
3.1619 2.1053 0.4623 0.7370 -0.0052 0.1198
3.1741 2.1131 0.4623 0.7370 -0.0063 0.1316
3.1878 2.1221 0.4623 0.7370 -0.0075 0.1476
3.2000 2.1342 0.4623 0.7370 -0.0135 0.1571
3.2136 2.1471 0.4623 0.7370 -0.0309 0.1496
3.2272 2.1583 0.4623 0.7370 0.0138 0.0883
3.2395 2.1672 0.4623 0.7370 0.0147 0.0697
3.2531 2.1735 0.4623 0.7370 0.0163 0.0499
3.2667 2.1768 0.4623 0.7370 0.0164 0.0418
3.2803 2.1756 0.4623 0.7370 0.0142 0.0470
3.2939 2.1672 0.4623 0.7370 0.0288 0.0500
3.3061 2.1520 0.4623 0.7370 0.0128 0.0540
3.3184 2.1072 0.4623 0.7370 0.0155 0.0631
3.3306 2.1072 0.4623 0.7370 0.0251 0.0479
3.3429 2.1082 0.4623 0.7370 0.0285 0.0612
3.3565 2.1118 0.4623 0.7370 0.0219 0.0775
3.3687 2.1199 0.4623 0.7370 0.0324 0.0556
3.3823 2.1284 0.4623 0.7370 0.0420 0.0245
3.3946 2.1348 0.4623 0.7370 0.0472 0.0071
3.4082 2.1382 0.4623 0.7370 0.0471 0.0039
3.4218 2.1383 0.4623 0.7370 0.0598 0.0001
3.4340 2.1344 0.4623 0.7370 0.0368 0.0020
3.4476 2.1258 0.4623 0.7370 0.0311 0.0023
3.4599 2.1151 0.4623 0.7370 0.0275 0.0033
3.4735 2.1024 0.4623 0.7370 0.0253 0.0076
3.4857 2.0990 0.4623 0.7370 0.0227 0.0226
3.4980 2.0999 0.4623 0.7370 0.0176 0.0511
3.5102 2.1054 0.4623 0.7370 0.0047 0.0730
3.5238 2.1141 0.4623 0.7370 -0.0037 0.0778
3.5361 2.1216 0.4623 0.7370 -0.0156 0.0755
3.5497 2.1265 0.4623 0.7370 -0.0234 0.0811
3.5633 2.1290 0.4623 0.7370 -0.0334 0.0873
3.5755 2.1303 0.4623 0.7370 -0.0411 0.0917
3.5891 2.1323 0.4623 0.7370 -0.0431 0.0919
3.6014 2.1359 0.4623 0.7370 -0.0372 0.0930
3.6150 2.2561 0.4623 0.7370 -0.0266 0.0974
3.6286 2.2719 0.4623 0.7370 -0.0166 0.0987
3.6422 2.2793 0.4623 0.7370 -0.0202 0.1065
3.6571 2.2839 0.4623 0.7370 -0.0205 0.0870
3.6707 2.2852 0.4623 0.7370 -0.0205 0.0656
3.6844 2.2819 0.4623 0.7370 -0.0239 0.0655
3.6980 2.2557 0.4623 0.7370 -0.0286 0.0740
3.7116 2.2089 0.4623 0.7370 -0.0239 0.0684
3.7252 2.1816 0.4623 0.7370 -0.0070 0.0807
3.7374 2.1759 0.4623 0.7370 0.0124 0.0802
3.7510 2.1811 0.4623 0.7370 0.0406 0.0682
3.7633 2.1855 0.4623 0.7370 0.0329 0.0370
3.7769 2.1867 0.4623 0.7370 0.0416 0.0092
3.7905 2.1828 0.4623 0.7370 0.0494 -0.0041
3.8041 2.1564 0.4623 0.7370 0.0725 -0.0127
3.8163 2.1077 0.4623 0.7370 0.0557 0.0010
3.8286 2.0801 0.4623 0.7370 0.0423 0.0146
3.8408 2.0811 0.4623 0.7370 0.0229 0.0359
3.8531 2.0857 0.4623 0.7370 0.0054 0.0642
3.8667 2.0820 0.4623 0.7370 -0.0018 0.0741
3.8789 2.0750 0.4623 0.7370 -0.0047 0.0784
3.8912 2.0734 0.4623 0.7370 0.0023 0.0873
3.9048 2.0768 0.4623 0.7370 0.0107 0.0941
3.9170 2.0845 0.4623 0.7370 0.0133 0.0965
3.9293 2.0942 0.4623 0.7370 0.0022 0.0875
3.9429 2.1031 0.4623 0.7370 0.0057 0.0781
3.9551 2.1095 0.4623 0.7370 -0.0222 0.0792
3.9687 2.1131 0.4623 0.7370 -0.0132 0.0815
3.9810 2.1139 0.4623 0.7370 -0.0346 0.0874
3.9946 2.1155 0.4623 0.7370 -0.0137 0.0880
4.0068 2.1197 0.4623 0.7370 -0.0193 0.0961
4.0190 2.1261 0.4623 0.7370 -0.0028 0.0988
4.0327 2.1350 0.4623 0.7370 0.0107 0.0903
4.0463 2.1467 0.4623 0.7370 0.0196 0.0843
4.0585 2.1606 0.4623 0.7370 0.0184 0.0857
4.0721 2.1741 0.4623 0.7370 0.0033 0.0825
4.0857 2.1856 0.4623 0.7370 -0.0117 0.0778
4.0993 2.1952 0.4623 0.7370 -0.0043 0.0749
4.1129 2.2031 0.4623 0.7370 -0.0244 0.0798
4.1265 2.2097 0.4623 0.7370 -0.0229 0.0796
4.1388 2.2150 0.4623 0.7370 -0.0190 0.0799
4.1524 2.2201 0.4623 0.7370 -0.0144 0.0779
4.1660 2.2262 0.4623 0.7370 -0.0067 0.0785
4.1796 2.2332 0.4623 0.7370 0.0012 0.0852
4.1932 2.2429 0.4623 0.7370 0.0031 0.0943
4.2068 2.2550 0.4623 0.7370 -0.0091 0.0978
4.2218 2.2663 0.4623 0.7370 -0.0179 0.1025
4.2354 2.2753 0.4623 0.7370 -0.0170 0.0938
4.2490 2.2818 0.4623 0.7370 -0.0076 0.0597
4.2626 2.2852 0.4623 0.7370 -0.0040 0.0497
4.2776 2.2842 0.4623 0.7370 -0.0079 0.0554
4.2912 2.2754 0.4623 0.7370 -0.0118 0.0621
4.3048 2.2576 0.4623 0.7370 -0.0092 0.0630
4.3184 2.2307 0.4623 0.7370 0.0034 0.0544
4.3320 2.2204 0.4623 0.7370 0.0178 0.0573
4.3456 2.2186 0.4623 0.7370 0.0448 0.0568
4.3578 2.2226 0.4623 0.7370 0.0329 0.0719
4.3714 2.2305 0.4623 0.7370 0.0397 0.0504
4.3850 2.2379 0.4623 0.7370 0.0440 0.0216
4.4000 2.2425 0.4623 0.7370 0.0378 0.0092
4.4136 2.2437 0.4623 0.7370 0.0385 0.0100
4.4272 2.2408 0.4623 0.7370 0.0125 0.0129
4.4408 2.2326 0.4623 0.7370 0.0106 0.0108
4.4544 2.2198 0.4623 0.7370 0.0197 0.0191
4.4680 2.2104 0.4623 0.7370 0.0195 0.0207
4.4816 2.2077 0.4623 0.7370 0.0204 0.0259
4.4939 2.2055 0.4623 0.7370 0.0225 0.0505
4.5075 2.2086 0.4623 0.7370 0.0220 0.0723
4.5211 2.2164 0.4623 0.7370 0.0144 0.0826
4.5347 2.2237 0.4623 0.7370 0.0055 0.0800
4.5483 2.2281 0.4623 0.7370 0.0034 0.0837
4.5619 2.2297 0.4623 0.7370 0.0027 0.0863
4.5755 2.2298 0.4623 0.7370 0.0019 0.0881
4.5891 2.2307 0.4623 0.7370 -0.0001 0.0881
4.6027 2.2335 0.4623 0.7370 0.0036 0.0900
4.6163 2.3701 0.4623 0.7370 0.0219 0.0858
4.6313 2.3740 0.4623 0.7370 0.0343 0.0979
4.6449 2.3803 0.4623 0.7370 0.0377 0.0883
4.6599 2.3833 0.4623 0.7370 0.0377 0.0652
4.6748 2.3832 0.4623 0.7370 0.0355 0.0475
4.6884 2.3737 0.4623 0.7370 0.0275 0.0620
4.7034 2.3315 0.4623 0.7370 0.0385 0.0637
4.7170 2.2809 0.4623 0.7370 0.0216 0.0612
4.7306 2.2606 0.4623 0.7370 0.0224 0.0814
4.7442 2.2607 0.4623 0.7370 0.0281 0.0908
4.7578 2.2655 0.4623 0.7370 0.0395 0.0608
4.7714 2.2675 0.4623 0.7370 0.0501 0.0314
4.7850 2.2658 0.4623 0.7370 0.0585 0.0090
4.7986 2.2483 0.4623 0.7370 0.0647 -0.0020
4.8122 2.1970 0.4623 0.7370 0.0630 0.0084
4.8259 2.1540 0.4623 0.7370 0.0460 0.0287
4.8381 2.1476 0.4623 0.7370 0.0211 0.0478
4.8503 2.1526 0.4623 0.7370 -0.0040 0.0795
4.8639 2.1500 0.4623 0.7370 -0.0185 0.0937
4.8776 2.1413 0.4623 0.7370 -0.0256 0.1002
4.8898 2.1379 0.4623 0.7370 -0.0203 0.1100
4.9034 2.1403 0.4623 0.7370 -0.0124 0.1171
4.9156 2.1476 0.4623 0.7370 -0.0074 0.1189
4.9293 2.1569 0.4623 0.7370 -0.0136 0.1077
4.9429 2.1653 0.4623 0.7370 -0.0209 0.0982
4.9551 2.1713 0.4623 0.7370 -0.0241 0.0935
4.9687 2.1741 0.4623 0.7370 -0.0238 0.0956
4.9823 2.1742 0.4623 0.7370 -0.0226 0.0961
4.9959 2.1755 0.4623 0.7370 -0.0157 0.0981
5.0082 2.1794 0.4623 0.7370 -0.0018 0.1024
5.0218 2.1860 0.4623 0.7370 0.0171 0.1037
5.0354 2.1952 0.4623 0.7370 0.0274 0.0963
5.0490 2.2074 0.4623 0.7370 0.0323 0.0928
5.0626 2.2211 0.4623 0.7370 0.0307 0.0895
5.0762 2.2338 0.4623 0.7370 0.0240 0.0823
5.0898 2.2443 0.4623 0.7370 0.0159 0.0750
5.1034 2.2529 0.4623 0.7370 0.0123 0.0781
5.1170 2.2598 0.4623 0.7370 0.0065 0.0810
5.1306 2.2654 0.4623 0.7370 -0.0021 0.0856
5.1456 2.2700 0.4623 0.7370 -0.0095 0.0900
5.1592 2.2751 0.4623 0.7370 -0.0128 0.0902
5.1728 2.2812 0.4623 0.7370 -0.0084 0.0924
5.1864 2.2888 0.4623 0.7370 0.0050 0.1027
5.2000 2.2998 0.4623 0.7370 0.0135 0.1029
5.2150 2.3115 0.4623 0.7370 0.0170 0.1011
5.2286 2.3213 0.4623 0.7370 0.0186 0.0920
5.2435 2.3285 0.4623 0.7370 0.0343 0.0705
5.2571 2.3329 0.4623 0.7370 0.0122 0.0560
5.2721 2.3335 0.4623 0.7370 0.0166 0.0621
5.2857 2.3273 0.4623 0.7370 -0.0122 0.0751
5.3007 2.3108 0.4623 0.7370 -0.0189 0.0811
5.3129 1.7833 0.4623 0.7370 -0.0058 0.0594
5.3224 1.7582 0.4623 0.7370 -0.0831 0.0985
5.3333 1.7634 0.4623 0.7370 -0.0128 0.0882
5.3429 1.7678 0.4623 0.7370 -0.0787 0.0993
5.3537 1.7729 0.4623 0.7370 -0.0128 0.1056
5.3646 1.7810 0.4623 0.7370 -0.0088 0.0994
5.3755 1.7918 0.4623 0.7370 -0.0007 0.0688
5.3864 1.8020 0.4623 0.7370 0.0065 0.0402
5.3973 1.8102 0.4623 0.7370 0.0131 0.0339
5.4095 1.8161 0.4623 0.7370 0.0281 0.0267
5.4204 1.8198 0.4623 0.7370 0.0458 0.0172
5.4313 1.8209 0.4623 0.7370 0.0526 0.0119
5.4422 1.8191 0.4623 0.7370 0.0547 0.0084
5.4531 1.8153 0.4623 0.7370 -0.0086 0.0154
5.4639 1.8115 0.4623 0.7370 0.0580 0.0065
5.4748 1.8045 0.4623 0.7370 0.0575 0.0111
5.4857 1.8053 0.4623 0.7370 0.0550 0.0252
5.4966 1.8087 0.4623 0.7370 0.0492 0.0529
5.5075 1.8146 0.4623 0.7370 0.0398 0.0670
5.5197 1.8244 0.4623 0.7370 0.0254 0.0791
5.5306 1.8346 0.4623 0.7370 0.0159 0.0823
5.5415 1.8430 0.4623 0.7370 0.0069 0.0827
5.5524 1.8495 0.4623 0.7370 0.0018 0.0875
5.5646 1.8543 0.4623 0.7370 -0.0007 0.0905
5.5755 1.8585 0.4623 0.7370 -0.0027 0.0924
5.5864 1.8630 0.4623 0.7370 -0.0062 0.0947
5.5986 1.8685 0.4623 0.7370 -0.0056 0.0988
5.6095 1.8753 0.4623 0.7370 0.0012 0.1058
5.6204 1.8783 0.4623 0.7370 0.0214 0.1042
5.6327 1.8896 0.4623 0.7370 0.0204 0.1093
5.6435 1.8996 0.4623 0.7370 0.0166 0.1077
5.6558 1.9073 0.4623 0.7370 0.0153 0.1003
5.6680 1.9121 0.4623 0.7370 0.0171 0.0797
5.6789 1.9140 0.4623 0.7370 0.0158 0.0797
5.6912 1.9107 0.4623 0.7370 0.0091 0.0966
5.7020 1.8908 0.4623 0.7370 0.0055 0.1086
5.7116 1.8719 0.4623 0.7370 0.0051 0.1111
5.7211 1.8615 0.4623 0.7370 -0.0000 0.1263
5.7306 1.8593 0.4623 0.7370 -0.0044 0.1431
5.7401 1.8572 0.4623 0.7370 -0.0048 0.1669
5.7510 1.8654 0.4623 0.7370 -0.0011 0.1456
5.7619 1.8712 0.4623 0.7370 -0.0072 0.0951
5.7728 1.8758 0.4623 0.7370 0.0404 0.0234
5.7850 1.8767 0.4623 0.7370 0.0449 0.0035
5.7959 1.8706 0.4623 0.7370 -0.0153 0.0024
5.8082 1.8467 0.4623 0.7370 0.0513 -0.0041
5.8177 1.8194 0.4623 0.7370 0.0451 0.0111
5.8286 1.8089 0.4623 0.7370 0.0107 0.0267
5.8395 1.8124 0.4623 0.7370 -0.0272 0.0527
5.8503 1.8193 0.4623 0.7370 -0.0439 0.0804
5.8612 1.8211 0.4623 0.7370 -0.0442 0.0880
5.8735 1.8184 0.4623 0.7370 -0.0426 0.0933
5.8844 1.8174 0.4623 0.7370 -0.0400 0.0991
5.8952 1.8202 0.4623 0.7370 -0.0127 0.0960
5.9061 1.8258 0.4623 0.7370 -0.0006 0.1010
5.9170 1.8343 0.4623 0.7370 -0.0021 0.1032
5.9279 1.8454 0.4623 0.7370 0.0026 0.0873
5.9388 1.8563 0.4623 0.7370 -0.0554 0.0857
5.9510 1.8653 0.4623 0.7370 0.0078 0.0665
5.9619 1.8719 0.4623 0.7370 0.0081 0.0667
5.9741 1.8761 0.4623 0.7370 0.0066 0.0695
5.9850 1.8790 0.4623 0.7370 0.0039 0.0709
5.9959 1.8836 0.4623 0.7370 0.0001 0.0834
6.0082 1.8897 0.4623 0.7370 -0.0127 0.0931
6.0190 1.8974 0.4623 0.7370 -0.0137 0.1028
6.0313 1.9069 0.4623 0.7370 -0.0154 0.1014
6.0422 1.9182 0.4623 0.7370 -0.0145 0.0980
6.0544 1.9327 0.4623 0.7370 -0.0146 0.0987
6.0667 1.9482 0.4623 0.7370 -0.0154 0.0954
6.0789 1.9623 0.4623 0.7370 -0.0136 0.0842
6.0898 1.9743 0.4623 0.7370 -0.0098 0.0715
6.1020 1.9849 0.4623 0.7370 -0.0046 0.0712
6.1143 1.9941 0.4623 0.7370 -0.0034 0.0713
6.1265 2.0022 0.4623 0.7370 -0.0032 0.0716
6.1388 2.0092 0.4623 0.7370 -0.0029 0.0731
6.1510 2.0159 0.4623 0.7370 -0.0037 0.0736
6.1633 2.0233 0.4623 0.7370 -0.0059 0.0730
6.1755 2.0314 0.4623 0.7370 0.0005 0.0802
6.1891 2.0407 0.4623 0.7370 0.0141 0.0853
6.2014 2.0533 0.4623 0.7370 0.0267 0.0840
6.2136 2.0668 0.4623 0.7370 0.0294 0.0822
6.2259 2.0786 0.4623 0.7370 0.0280 0.0844
6.2395 2.0883 0.4623 0.7370 0.0277 0.0652
6.2517 2.0954 0.4623 0.7370 0.0268 0.0456
6.2639 2.0998 0.4623 0.7370 0.0237 0.0381
6.2776 2.1004 0.4623 0.7370 0.0186 0.0437
6.2898 2.0950 0.4623 0.7370 0.0141 0.0500
6.3034 2.0829 0.4623 0.7370 0.0124 0.0532
6.3156 2.0624 0.4623 0.7370 0.0159 0.0491
6.3279 2.0544 0.4623 0.7370 0.0211 0.0461
6.3401 2.0530 0.4623 0.7370 0.0244 0.0629
6.3524 2.0560 0.4623 0.7370 0.0267 0.0776
6.3646 2.0635 0.4623 0.7370 0.0302 0.0689
6.3782 2.0726 0.4623 0.7370 0.0340 0.0393
6.3905 2.0803 0.4623 0.7370 0.0348 0.0131
6.4027 2.0852 0.4623 0.7370 0.0299 0.0116
6.4163 2.0872 0.4623 0.7370 0.0237 0.0114
6.4286 2.0857 0.4623 0.7370 0.0188 0.0104
6.4422 2.0800 0.4623 0.7370 0.0160 0.0092
6.4544 2.0708 0.4623 0.7370 0.0146 0.0084
6.4667 2.0527 0.4623 0.7370 0.0134 0.0094
6.4789 2.0503 0.4623 0.7370 0.0109 0.0158
6.4912 2.0494 0.4623 0.7370 0.0055 0.0425
6.5034 2.0523 0.4623 0.7370 -0.0039 0.0671
6.5170 2.0603 0.4623 0.7370 -0.0129 0.0830
6.5293 2.0691 0.4623 0.7370 -0.0233 0.0818
6.5415 2.0760 0.4623 0.7370 -0.0279 0.0810
6.5551 2.0803 0.4623 0.7370 -0.0250 0.0821
6.5673 2.0827 0.4623 0.7370 -0.0162 0.0805
6.5796 2.0846 0.4623 0.7370 -0.0076 0.0779
6.5932 2.0875 0.4623 0.7370 -0.0012 0.0740
6.6054 2.0919 0.4623 0.7370 0.0114 0.0778
6.6177 2.0958 0.4623 0.7370 0.0236 0.0786
6.6313 2.1057 0.4623 0.7370 0.0287 0.0806
6.6435 2.1141 0.4623 0.7370 0.0264 0.0774
6.6571 2.1199 0.4623 0.7370 0.0203 0.0701
6.6694 2.1226 0.4623 0.7370 0.0117 0.0517
6.6830 2.1216 0.4623 0.7370 0.0010 0.0525
6.6952 2.1056 0.4623 0.7370 -0.0085 0.0641
6.7075 2.0694 0.4623 0.7370 -0.0102 0.0640
6.7197 2.0434 0.4623 0.7370 -0.0068 0.0706
6.7320 2.0363 0.4623 0.7370 -0.0012 0.0887
6.7442 2.0396 0.4623 0.7370 0.0076 0.0858
6.7565 2.0460 0.4623 0.7370 0.0176 0.0569
6.7687 2.0502 0.4623 0.7370 0.0235 0.0293
6.7823 2.0512 0.4623 0.7370 0.0237 0.0140
6.7946 2.0455 0.4623 0.7370 0.0201 0.0066
6.8068 2.0169 0.4623 0.7370 0.0147 0.0088
6.8177 1.9793 0.4623 0.7370 -0.0626 0.0361
6.8299 1.9622 0.4623 0.7370 -0.0071 0.0332
6.8408 1.9659 0.4623 0.7370 -0.0238 0.0536
6.8531 1.9711 0.4623 0.7370 -0.0396 0.0812
6.8653 1.9694 0.4623 0.7370 -0.0465 0.0909
6.8776 1.9642 0.4623 0.7370 -0.0479 0.0952
6.8898 1.9632 0.4623 0.7370 -0.0378 0.1033
6.9007 1.9666 0.4623 0.7370 -0.0302 0.1052
6.9129 1.9735 0.4623 0.7370 -0.0208 0.1113
6.9252 1.9835 0.4623 0.7370 -0.0198 0.1028
6.9374 1.9937 0.4623 0.7370 -0.0134 0.0870
6.9497 2.0020 0.4623 0.7370 -0.0067 0.0724
6.9619 2.0078 0.4623 0.7370 -0.0041 0.0720
6.9741 2.0107 0.4623 0.7370 -0.0045 0.0742
6.9864 2.0125 0.4623 0.7370 -0.0022 0.0735
6.9986 2.0162 0.4623 0.7370 0.0096 0.0793
7.0109 2.0217 0.4623 0.7370 0.0212 0.0843
7.0231 2.0294 0.4623 0.7370 0.0293 0.0844
7.0354 2.0390 0.4623 0.7370 0.0324 0.0802
7.0476 2.0515 0.4623 0.7370 0.0327 0.0783
7.0612 2.0662 0.4623 0.7370 0.0264 0.0770
7.0735 2.0802 0.4623 0.7370 0.0181 0.0762
7.0857 2.0922 0.4623 0.7370 0.0060 0.0704
7.0993 2.1024 0.4623 0.7370 -0.0017 0.0694
7.1116 2.1110 0.4623 0.7370 -0.0040 0.0713
7.1252 2.1184 0.4623 0.7370 -0.0066 0.0726
7.1374 2.1246 0.4623 0.7370 -0.0107 0.0759
7.1510 2.1303 0.4623 0.7370 -0.0049 0.0865
7.1633 2.1369 0.4623 0.7370 -0.0100 0.0880
7.1769 2.1443 0.4623 0.7370 -0.0085 0.0973
7.1905 2.1534 0.4623 0.7370 -0.0052 0.1065
7.2027 2.1657 0.4623 0.7370 -0.0018 0.1089
7.2163 2.1782 0.4623 0.7370 0.0003 0.1081
7.2299 2.1887 0.4623 0.7370 0.0063 0.0970
7.2435 2.1969 0.4623 0.7370 0.0342 0.0704
7.2571 2.2023 0.4623 0.7370 0.0262 0.0498
7.2694 2.2045 0.4623 0.7370 0.0242 0.0533
7.2830 2.2014 0.4623 0.7370 0.0158 0.0614
7.2966 2.1901 0.4623 0.7370 0.0070 0.0691
7.3102 2.1517 0.4623 0.7370 -0.0010 0.0758
7.3238 2.1521 0.4623 0.7370 0.0008 0.0687
7.3361 2.1465 0.4623 0.7370 0.0045 0.0756
7.3497 2.1474 0.4623 0.7370 0.0108 0.0891
7.3619 2.1533 0.4623 0.7370 0.0189 0.0891
7.3755 2.1618 0.4623 0.7370 0.0299 0.0557
7.3891 2.1692 0.4623 0.7370 0.0375 0.0261
7.4014 2.1738 0.4623 0.7370 0.0353 0.0230
7.4150 2.1752 0.4623 0.7370 0.0245 0.0242
7.4286 2.1727 0.4623 0.7370 0.0168 0.0242
7.4422 2.1654 0.4623 0.7370 0.0187 0.0210
7.4544 2.1542 0.4623 0.7370 0.0269 0.0164
7.4680 1.8590 0.4623 0.7370 0.0345 0.0120
7.4789 1.8680 0.4623 0.7370 0.0270 0.0280
7.4912 1.8678 0.4623 0.7370 0.0205 0.0517
7.5020 1.8711 0.4623 0.7370 0.0177 0.0660
7.5129 1.8787 0.4623 0.7370 0.0131 0.0834
7.5252 1.8887 0.4623 0.7370 0.0140 0.0793
7.5361 1.8978 0.4623 0.7370 0.0155 0.0762
7.5483 1.9047 0.4623 0.7370 0.0157 0.0786
7.5592 1.9096 0.4623 0.7370 0.0152 0.0799
7.5714 1.9134 0.4623 0.7370 0.0121 0.0834
7.5837 1.9172 0.4623 0.7370 0.0029 0.0874
7.5946 1.9219 0.4623 0.7370 -0.0138 0.0926
7.6068 1.9278 0.4623 0.7370 -0.0181 0.1037
7.6177 1.9265 0.4623 0.7370 -0.0132 0.1086
7.6299 1.9375 0.4623 0.7370 -0.0092 0.1107
7.6422 1.9476 0.4623 0.7370 -0.0091 0.1163
7.6531 1.9553 0.4623 0.7370 -0.0033 0.0940
7.6653 1.9602 0.4623 0.7370 0.0057 0.0680
7.6776 1.9621 0.4623 0.7370 0.0155 0.0570
7.6898 1.9579 0.4623 0.7370 0.0184 0.0627
7.7020 1.9362 0.4623 0.7370 0.0172 0.0675
7.7129 1.9088 0.4623 0.7370 0.0186 0.0648
7.7238 1.8963 0.4623 0.7370 0.0201 0.0838
7.7347 1.8953 0.4623 0.7370 0.0236 0.0907
7.7469 1.9009 0.4623 0.7370 0.0240 0.1011
7.7578 1.9082 0.4623 0.7370 0.0311 0.0641
7.7701 1.9133 0.4623 0.7370 0.0419 0.0356
7.7810 1.9155 0.4623 0.7370 0.0551 0.0152
7.7932 1.9127 0.4623 0.7370 0.0616 0.0057
7.8041 1.8929 0.4623 0.7370 0.0654 0.0003
7.8163 1.8610 0.4623 0.7370 0.0616 0.0118
7.8259 1.8453 0.4623 0.7370 -0.0175 0.0341
7.8367 1.8450 0.4623 0.7370 0.0300 0.0399
7.8476 1.8521 0.4623 0.7370 0.0122 0.0678
7.8599 1.8548 0.4623 0.7370 0.0030 0.0821
7.8707 1.8520 0.4623 0.7370 0.0012 0.0870
7.8816 1.8499 0.4623 0.7370 0.0074 0.0928
7.8939 1.8520 0.4623 0.7370 0.0166 0.0953
7.9048 1.8572 0.4623 0.7370 0.0286 0.1004
7.9156 1.8653 0.4623 0.7370 0.0343 0.1016
7.9265 1.8761 0.4623 0.7370 0.0260 0.0919
7.9388 1.8869 0.4623 0.7370 0.0179 0.0878
7.9497 1.8957 0.4623 0.7370 -0.0619 0.0905
7.9619 1.9022 0.4623 0.7370 -0.0057 0.0865
7.9741 1.9061 0.4623 0.7370 -0.0151 0.0922
7.9850 1.9088 0.4623 0.7370 -0.0217 0.0951
7.9973 1.9132 0.4623 0.7370 -0.0179 0.1045
8.0082 1.9191 0.4623 0.7370 -0.0142 0.1073
8.0204 1.9268 0.4623 0.7370 -0.0056 0.1136
8.0313 1.9363 0.4623 0.7370 -0.0025 0.1091
8.0435 1.9478 0.4623 0.7370 -0.0007 0.1064
8.0558 1.9624 0.4623 0.7370 0.0003 0.1066
8.0680 1.9777 0.4623 0.7370 -0.0067 0.1003
8.0803 1.9913 0.4623 0.7370 -0.0108 0.0967
8.0925 2.0029 0.4623 0.7370 -0.0177 0.0887
8.1048 2.0131 0.4623 0.7370 -0.0151 0.0894
8.1170 2.0219 0.4623 0.7370 -0.0069 0.0864
8.1293 2.0296 0.4623 0.7370 0.0016 0.0837
8.1415 2.0362 0.4623 0.7370 0.0066 0.0832
8.1537 2.0428 0.4623 0.7370 0.0112 0.0811
8.1660 2.0502 0.4623 0.7370 0.0188 0.0818
8.1796 2.0583 0.4623 0.7370 0.0240 0.0842
8.1918 2.0683 0.4623 0.7370 0.0300 0.0923
8.2041 2.0813 0.4623 0.7370 0.0303 0.0960
8.2163 2.0943 0.4623 0.7370 0.0227 0.0993
8.2299 2.1054 0.4623 0.7370 0.0150 0.0939
8.2422 2.1142 0.4623 0.7370 0.0106 0.0762
8.2558 2.1204 0.4623 0.7370 0.0092 0.0573
8.2694 2.1235 0.4623 0.7370 0.0077 0.0603
8.2816 2.1222 0.4623 0.7370 0.0075 0.0647
8.2952 2.1139 0.4623 0.7370 0.0076 0.0690
8.3075 2.0999 0.4623 0.7370 0.0082 0.0704
8.3197 1.9518 0.4623 0.7370 0.0089 0.0689
8.3306 1.9484 0.4623 0.7370 0.0084 0.0657
8.3429 1.9496 0.4623 0.7370 0.0007 0.0869
8.3537 1.9539 0.4623 0.7370 -0.0065 0.1059
8.3660 1.9622 0.4623 0.7370 -0.0052 0.0879
8.3782 1.9719 0.4623 0.7370 -0.0002 0.0693
8.3905 1.9803 0.4623 0.7370 0.0076 0.0411
8.4027 1.9862 0.4623 0.7370 0.0109 0.0373
8.4150 1.9894 0.4623 0.7370 0.0105 0.0358
8.4272 1.9896 0.4623 0.7370 0.0097 0.0345
8.4395 1.9863 0.4623 0.7370 0.0297 0.0310
8.4517 1.9797 0.4623 0.7370 0.0319 0.0248
8.4639 1.9731 0.4623 0.7370 0.0316 0.0268
8.4748 1.9470 0.4623 0.7370 0.0305 0.0341
8.4871 1.9459 0.4623 0.7370 0.0350 0.0485
8.4980 1.9445 0.4623 0.7370 0.0335 0.0825
8.5102 1.9537 0.4623 0.7370 0.0213 0.1163
8.5224 1.9628 0.4623 0.7370 0.0081 0.1193
8.5347 1.9717 0.4623 0.7370 -0.0062 0.1228
8.5469 1.9780 0.4623 0.7370 -0.0176 0.1286
8.5592 1.9831 0.4623 0.7370 0.0145 0.0635
8.5714 1.9855 0.4623 0.7370 0.0075 0.0726
8.5823 1.9888 0.4623 0.7370 0.0076 0.0724
8.5946 1.9930 0.4623 0.7370 0.0089 0.0711
8.6068 1.9984 0.4623 0.7370 0.0177 0.0771
8.6190 2.0012 0.4623 0.7370 0.0252 0.0840
8.6313 2.0119 0.4623 0.7370 0.0303 0.0873
8.6435 2.0212 0.4623 0.7370 0.0283 0.0905
8.6558 2.0278 0.4623 0.7370 0.0289 0.0688
8.6680 2.0315 0.4623 0.7370 0.0265 0.0473
8.6803 2.0319 0.4623 0.7370 0.0194 0.0450
8.6939 2.0219 0.4623 0.7370 0.0037 0.0589
8.7048 1.9923 0.4623 0.7370 -0.0679 0.0705
8.7170 1.9661 0.4623 0.7370 -0.0075 0.0725
8.7279 1.9573 0.4623 0.7370 -0.0111 0.0842
8.7401 1.9585 0.4623 0.7370 -0.0124 0.1005
8.7524 1.9656 0.4623 0.7370 -0.0065 0.0830
8.7633 1.9715 0.4623 0.7370 0.0026 0.0498
8.7755 1.9746 0.4623 0.7370 0.0139 0.0222
8.7878 1.9741 0.4623 0.7370 0.0281 0.0096
8.8000 1.9615 0.4623 0.7370 0.0427 -0.0030
8.8122 1.9277 0.4623 0.7370 0.0452 0.0029
8.8231 1.9019 0.4623 0.7370 0.0331 0.0161
8.8340 1.8954 0.4623 0.7370 0.0103 0.0309
8.8449 1.9021 0.4623 0.7370 -0.0152 0.0630
8.8571 1.9060 0.4623 0.7370 -0.0275 0.0807
8.8680 1.9034 0.4623 0.7370 -0.0293 0.0862
8.8803 1.8999 0.4623 0.7370 -0.0250 0.0880
8.8912 1.9007 0.4623 0.7370 -0.0107 0.0936
8.9034 1.9052 0.4623 0.7370 0.0018 0.0991
8.9143 1.9127 0.4623 0.7370 0.0083 0.1000
8.9265 1.9232 0.4623 0.7370 -0.0026 0.0911
8.9374 1.9337 0.4623 0.7370 -0.0194 0.0900
8.9497 1.9423 0.4623 0.7370 -0.0404 0.0876
8.9619 1.9485 0.4623 0.7370 -0.0437 0.0897
8.9741 1.9521 0.4623 0.7370 -0.0377 0.0891
8.9850 1.9543 0.4623 0.7370 -0.0297 0.0863
8.9973 1.9584 0.4623 0.7370 -0.0197 0.0927
9.0095 1.9641 0.4623 0.7370 -0.0149 0.0952
9.0218 1.9718 0.4623 0.7370 -0.0030 0.0995
9.0340 1.9813 0.4623 0.7370 0.0078 0.0922
9.0449 1.9933 0.4623 0.7370 0.0217 0.0840
9.0571 2.0079 0.4623 0.7370 0.0290 0.0820
9.0694 2.0227 0.4623 0.7370 0.0228 0.0755
9.0830 2.0356 0.4623 0.7370 0.0144 0.0686
9.0952 2.0466 0.4623 0.7370 0.0079 0.0667
9.1075 2.0561 0.4623 0.7370 -0.0012 0.0720
9.1197 2.0643 0.4623 0.7370 -0.0195 0.0792
9.1333 2.0713 0.4623 0.7370 -0.0344 0.0865
9.1456 2.0775 0.4623 0.7370 -0.0397 0.0898
9.1578 2.0840 0.4623 0.7370 -0.0399 0.0889
9.1714 2.0915 0.4623 0.7370 -0.0345 0.0906
9.1837 2.0996 0.4623 0.7370 -0.0233 0.0964
9.1959 2.1109 0.4623 0.7370 -0.0066 0.0993
9.2095 2.1240 0.4623 0.7370 0.0070 0.0924
9.2231 2.1360 0.4623 0.7370 0.0156 0.0899
9.2354 2.1459 0.4623 0.7370 0.0198 0.0689
9.2490 2.1532 0.4623 0.7370 0.0202 0.0492
9.2612 2.1578 0.4623 0.7370 0.0191 0.0407
9.2748 2.1587 0.4623 0.7370 0.0155 0.0457
9.2884 2.1536 0.4623 0.7370 0.0095 0.0529
9.3020 2.1408 0.4623 0.7370 0.0214 0.0553
9.3143 2.1160 0.4623 0.7370 0.0088 0.0533
9.3265 2.1062 0.4623 0.7370 0.0189 0.0484
9.3401 2.1036 0.4623 0.7370 0.0239 0.0643
9.3524 2.1060 0.4623 0.7370 0.0260 0.0791
9.3646 2.1133 0.4623 0.7370 0.0305 0.0697
9.3782 2.1221 0.4623 0.7370 0.0372 0.0388
9.3905 2.1293 0.4623 0.7370 0.0429 0.0104
9.4041 2.1336 0.4623 0.7370 0.0442 0.0064
9.4177 2.1349 0.4623 0.7370 0.0445 0.0034
9.4299 2.1323 0.4623 0.7370 0.0457 -0.0003
9.4435 2.1251 0.4623 0.7370 0.0484 -0.0038
9.4558 2.1147 0.4623 0.7370 0.0517 -0.0063
9.4694 2.1102 0.4623 0.7370 0.0496 -0.0003
9.4816 2.0942 0.4623 0.7370 0.0513 -0.0037
9.4939 2.0951 0.4623 0.7370 0.0419 0.0289
9.5061 2.0990 0.4623 0.7370 0.0273 0.0572
9.5197 2.1072 0.4623 0.7370 0.0078 0.0722
9.5320 2.1155 0.4623 0.7370 -0.0106 0.0737
9.5456 2.1213 0.4623 0.7370 -0.0217 0.0809
9.5578 2.1246 0.4623 0.7370 -0.0308 0.0867
9.5714 2.1261 0.4623 0.7370 -0.0364 0.0907
9.5850 2.1278 0.4623 0.7370 -0.0382 0.0915
9.5973 2.1309 0.4623 0.7370 -0.0335 0.0931
9.6095 2.1360 0.4623 0.7370 -0.0278 0.0944
9.6231 2.1123 0.4623 0.7370 -0.0183 0.1021
9.6354 2.1221 0.4623 0.7370 -0.0107 0.1038
9.6490 2.1296 0.4623 0.7370 -0.0082 0.0947
9.6626 2.1340 0.4623 0.7370 -0.0064 0.0704
9.6748 2.1354 0.4623 0.7370 -0.0065 0.0517
9.6884 2.1305 0.4623 0.7370 -0.0093 0.0618
9.7007 2.1036 0.4623 0.7370 -0.0057 0.0650
9.7129 2.0673 0.4623 0.7370 0.0044 0.0575
9.7252 2.0497 0.4623 0.7370 0.0110 0.0748
9.7374 2.0472 0.4623 0.7370 0.0198 0.0786
9.7497 2.0533 0.4623 0.7370 0.0303 0.0702
9.7619 2.0589 0.4623 0.7370 0.0400 0.0354
9.7755 2.0616 0.4623 0.7370 0.0455 0.0096
9.7878 2.0607 0.4623 0.7370 0.0455 0.0018
9.8000 2.0461 0.4623 0.7370 0.0430 -0.0044
9.8122 2.0077 0.4623 0.7370 0.0344 0.0071
9.8231 1.9784 0.4623 0.7370 -0.0497 0.0365
9.8354 1.9717 0.4623 0.7370 0.0017 0.0352
9.8463 1.9780 0.4623 0.7370 -0.0840 0.0760
9.8585 1.9802 0.4623 0.7370 -0.0228 0.0801
9.8721 1.9754 0.4623 0.7370 -0.0219 0.0849
9.8830 1.9717 0.4623 0.7370 -0.0147 0.0895
9.8952 1.9730 0.4623 0.7370 -0.0051 0.0970
9.9075 1.9780 0.4623 0.7370 -0.0025 0.1003
9.9197 1.9868 0.4623 0.7370 -0.0775 0.1145
9.9306 1.9972 0.4623 0.7370 -0.0129 0.1078
9.9429 2.0065 0.4623 0.7370 -0.0279 0.1021
9.9565 2.0135 0.4623 0.7370 -0.0177 0.0966
9.9687 2.0178 0.4623 0.7370 -0.0346 0.1005
9.9810 2.0195 0.4623 0.7370 -0.0335 0.1018
9.9932 2.0220 0.4623 0.7370 -0.0299 0.1051
10.0054 2.0267 0.4623 0.7370 -0.0228 0.1124
10.0177 2.0333 0.4623 0.7370 -0.0131 0.1179
10.0299 2.0421 0.4623 0.7370 -0.0099 0.1139
10.0422 2.0531 0.4623 0.7370 -0.0081 0.1104
10.0544 2.0670 0.4623 0.7370 -0.0072 0.1103
10.0680 2.0816 0.4623 0.7370 -0.0066 0.1011
10.0803 2.0945 0.4623 0.7370 0.0056 0.0911
10.0925 2.1054 0.4623 0.7370 0.0056 0.0809
10.1061 2.1146 0.4623 0.7370 0.0056 0.0826
10.1197 2.1224 0.4623 0.7370 0.0229 0.0800
10.1320 2.1291 0.4623 0.7370 0.0085 0.0829
10.1456 2.1348 0.4623 0.7370 0.0108 0.0832
10.1578 2.1409 0.4623 0.7370 0.0139 0.0809
10.1714 2.1479 0.4623 0.7370 0.0203 0.0821
10.1850 2.1559 0.4623 0.7370 0.0288 0.0889
10.1973 2.1671 0.4623 0.7370 0.0368 0.0948
10.2109 2.1798 0.4623 0.7370 0.0363 0.0939
10.2245 2.1912 0.4623 0.7370 0.0327 0.0969
10.2381 2.2003 0.4623 0.7370 0.0466 0.0762
10.2517 2.2069 0.4623 0.7370 0.0278 0.0600
10.2639 2.2104 0.4623 0.7370 0.0239 0.0534
10.2776 2.2097 0.4623 0.7370 0.0171 0.0604
10.2912 2.2018 0.4623 0.7370 0.0099 0.0681
10.3048 2.1860 0.4623 0.7370 0.0036 0.0726
10.3184 2.1623 0.4623 0.7370 -0.0011 0.0713
10.3306 2.1536 0.4623 0.7370 -0.0036 0.0707
10.3442 2.1524 0.4623 0.7370 -0.0045 0.0880
10.3565 2.1562 0.4623 0.7370 -0.0018 0.1018
10.3701 2.1643 0.4623 0.7370 0.0091 0.0784
10.3837 2.1724 0.4623 0.7370 0.0259 0.0442
10.3973 2.1781 0.4623 0.7370 0.0583 0.0204
10.4095 2.1806 0.4623 0.7370 0.0490 0.0165
10.4231 2.1796 0.4623 0.7370 0.0482 0.0135
10.4367 2.1741 0.4623 0.7370 0.0436 0.0123
10.4503 2.1638 0.4623 0.7370 0.0393 0.0124
10.4626 2.1522 0.4623 0.7370 0.0350 0.0142
10.4762 2.1385 0.4623 0.7370 0.0314 0.0207
10.4884 2.1355 0.4623 0.7370 0.0293 0.0357
10.5020 2.1368 0.4623 0.7370 0.0251 0.0638
10.5143 2.1438 0.4623 0.7370 0.0125 0.0866
10.5279 2.1521 0.4623 0.7370 0.0021 0.0862
10.5415 2.1586 0.4623 0.7370 -0.0070 0.0878
10.5551 2.1622 0.4623 0.7370 -0.0194 0.0952
10.5673 2.1637 0.4623 0.7370 -0.0331 0.1026
10.5810 2.1648 0.4623 0.7370 -0.0358 0.1044
10.5946 2.1670 0.4623 0.7370 -0.0284 0.0999
10.6068 2.1712 0.4623 0.7370 -0.0115 0.1020
10.6204 2.1699 0.4623 0.7370 -0.0013 0.1089
10.6340 2.1794 0.4623 0.7370 0.0033 0.1114
10.6463 2.1868 0.4623 0.7370 0.0053 0.1028
10.6599 2.1912 0.4623 0.7370 0.0131 0.0765
10.6735 2.1925 0.4623 0.7370 0.0250 0.0523
10.6871 2.1878 0.4623 0.7370 0.0293 0.0599
10.7007 2.1601 0.4623 0.7370 0.0286 0.0651
10.7129 2.1200 0.4623 0.7370 0.0301 0.0607
10.7252 2.0998 0.4623 0.7370 0.0300 0.0806
10.7374 2.0966 0.4623 0.7370 0.0275 0.0993
10.7510 2.1025 0.4623 0.7370 0.0367 0.0844
10.7633 2.1076 0.4623 0.7370 0.0122 0.0598
10.7755 2.1096 0.4623 0.7370 0.0124 0.0357
10.7891 2.1075 0.4623 0.7370 0.0152 0.0258
10.8014 2.0878 0.4623 0.7370 0.0204 0.0178
10.8136 2.0449 0.4623 0.7370 0.0214 0.0276
10.8259 2.0165 0.4623 0.7370 0.0146 0.0417
10.8381 2.0139 0.4623 0.7370 0.0078 0.0538
10.8503 2.0199 0.4623 0.7370 0.0010 0.0777
10.8626 2.0197 0.4623 0.7370 -0.0009 0.0871
10.8748 2.0135 0.4623 0.7370 -0.0009 0.0913
10.8871 2.0107 0.4623 0.7370 0.0055 0.0956
10.8993 2.0130 0.4623 0.7370 0.0157 0.1021
10.9116 2.0190 0.4623 0.7370 0.0224 0.1088
10.9238 2.0286 0.4623 0.7370 0.0164 0.1033
10.9361 2.0386 0.4623 0.7370 0.0093 0.0933
10.9483 2.0468 0.4623 0.7370 0.0081 0.0824
10.9605 2.0524 0.4623 0.7370 0.0110 0.0821
10.9741 2.0551 0.4623 0.7370 0.0101 0.0848
10.9864 2.0564 0.4623 0.7370 0.0099 0.0851
10.9986 2.0597 0.4623 0.7370 0.0180 0.0925
11.0109 2.0649 0.4623 0.7370 0.0262 0.0990
11.0231 2.0725 0.4623 0.7370 0.0305 0.1011
11.0367 2.0822 0.4623 0.7370 0.0298 0.0989
11.0490 2.0948 0.4623 0.7370 0.0281 0.0992
11.0626 2.1092 0.4623 0.7370 0.0227 0.0987
11.0748 2.1227 0.4623 0.7370 0.0152 0.0935
11.0884 2.1342 0.4623 0.7370 0.0251 0.0876
11.1007 2.1439 0.4623 0.7370 0.0070 0.0921
11.1143 2.1505 0.4623 0.7370 0.0042 0.0970
11.1279 2.1566 0.4623 0.7370 0.0171 0.1002
11.1401 2.1624 0.4623 0.7370 -0.0011 0.1130
11.1537 2.1673 0.4623 0.7370 -0.0041 0.1267
11.1660 2.1695 0.4623 0.7370 -0.0039 0.1404
11.1796 2.1785 0.4623 0.7370 -0.0082 0.1407
11.1918 2.1890 0.4623 0.7370 -0.0239 0.1355
11.2054 2.2014 0.4623 0.7370 0.0173 0.0836
11.2190 2.2133 0.4623 0.7370 0.0134 0.0885
11.2327 2.2230 0.4623 0.7370 0.0123 0.0815
11.2463 2.2303 0.4623 0.7370 0.0130 0.0621
11.2599 2.2347 0.4623 0.7370 0.0144 0.0424
11.2735 2.2354 0.4623 0.7370 0.0131 0.0465
11.2871 2.2297 0.4623 0.7370 0.0116 0.0523
11.3007 2.2151 0.4623 0.7370 0.0104 0.0558
11.3143 2.0590 0.4623 0.7370 0.0079 0.0600
11.3265 2.0514 0.4623 0.7370 -0.0086 0.0624
11.3388 2.0501 0.4623 0.7370 0.0010 0.0747
11.3510 2.0526 0.4623 0.7370 0.0135 0.0746
11.3633 2.0594 0.4623 0.7370 0.0226 0.0747
11.3755 2.0685 0.4623 0.7370 0.0344 0.0415
11.3891 2.0765 0.4623 0.7370 0.0445 0.0112
11.4014 2.0819 0.4623 0.7370 0.0486 0.0058
11.4136 2.0844 0.4623 0.7370 0.0494 0.0025
11.4272 2.0836 0.4623 0.7370 0.0469 0.0006
11.4395 2.0787 0.4623 0.7370 0.0408 0.0003
11.4517 2.0700 0.4623 0.7370 0.0336 0.0016
11.4653 2.0610 0.4623 0.7370 0.0278 0.0045
11.4776 2.0476 0.4623 0.7370 0.0217 0.0169
11.4898 2.0451 0.4623 0.7370 0.0182 0.0394
11.5020 2.0467 0.4623 0.7370 0.0145 0.0544
11.5143 2.0540 0.4623 0.7370 0.0015 0.0769
11.5265 2.0630 0.4623 0.7370 -0.0091 0.0772
11.5401 2.0704 0.4623 0.7370 -0.0160 0.0781
11.5524 2.0751 0.4623 0.7370 -0.0215 0.0825
11.5646 2.0778 0.4623 0.7370 -0.0301 0.0879
11.5782 2.0797 0.4623 0.7370 -0.0387 0.0924
11.5905 2.0824 0.4623 0.7370 -0.0425 0.0930
11.6027 2.0866 0.4623 0.7370 -0.0380 0.0945
11.6163 2.0948 0.4623 0.7370 -0.0253 0.0949
11.6286 2.1042 0.4623 0.7370 -0.0176 0.1044
11.6408 2.1131 0.4623 0.7370 -0.0195 0.1083
11.6544 2.1195 0.4623 0.7370 -0.0205 0.0886
11.6680 2.1227 0.4623 0.7370 -0.0208 0.0659
11.6803 2.1227 0.4623 0.7370 -0.0230 0.0621
11.6939 2.1109 0.4623 0.7370 -0.0281 0.0727
11.7061 2.0767 0.4623 0.7370 -0.0281 0.0736
11.7184 2.0469 0.4623 0.7370 -0.0166 0.0761
11.7306 2.0370 0.4623 0.7370 0.0045 0.0775
11.7415 2.0386 0.4623 0.7370 0.0167 0.0861
11.7537 2.0452 0.4623 0.7370 0.0271 0.0560
11.7673 2.0500 0.4623 0.7370 0.0341 0.0370
11.7796 2.0516 0.4623 0.7370 0.0435 0.0085
11.7918 2.0480 0.4623 0.7370 0.0505 -0.0032
11.8041 2.0245 0.4623 0.7370 0.0564 -0.0088
11.8163 1.9851 0.4623 0.7370 0.0556 0.0017
11.8272 1.9638 0.4623 0.7370 0.0427 0.0144
11.8395 1.9648 0.4623 0.7370 0.0229 0.0349
11.8503 1.9707 0.4623 0.7370 0.0054 0.0624
11.8626 1.9704 0.4623 0.7370 -0.0042 0.0753
11.8748 1.9651 0.4623 0.7370 -0.0081 0.0810
11.8871 1.9632 0.4623 0.7370 -0.0040 0.0862
11.8993 1.9659 0.4623 0.7370 0.0039 0.0935
11.9102 1.9721 0.4623 0.7370 0.0104 0.0995
11.9224 1.9818 0.4623 0.7370 0.0029 0.0952
11.9347 1.9921 0.4623 0.7370 -0.0102 0.0876
11.9469 2.0008 0.4623 0.7370 -0.0256 0.0824
11.9592 2.0071 0.4623 0.7370 -0.0329 0.0856
11.9714 2.0106 0.4623 0.7370 -0.0367 0.0890
11.9837 2.0123 0.4623 0.7370 -0.0359 0.0894
11.9959 2.0155 0.4623 0.7370 -0.0227 0.0944
12.0082 2.0207 0.4623 0.7370 -0.0069 0.0924
12.0204 2.0280 0.4623 0.7370 0.0135 0.0931
12.0327 2.0373 0.4623 0.7370 0.0195 0.0874
12.0463 2.0492 0.4623 0.7370 0.0166 0.0864
12.0585 2.0636 0.4623 0.7370 0.0084 0.0908
12.0707 2.0779 0.4623 0.7370 -0.0063 0.0876
12.0830 2.0903 0.4623 0.7370 -0.0189 0.0824
12.0966 2.1008 0.4623 0.7370 -0.0239 0.0800
12.1088 2.1097 0.4623 0.7370 -0.0214 0.0804
12.1224 2.1173 0.4623 0.7370 -0.0173 0.0788
12.1361 2.1237 0.4623 0.7370 -0.0141 0.0791
12.1483 2.1294 0.4623 0.7370 -0.0123 0.0791
12.1619 2.1358 0.4623 0.7370 -0.0143 0.0786
12.1741 2.1431 0.4623 0.7370 -0.0174 0.0891
12.1878 2.1516 0.4623 0.7370 -0.0222 0.1014
12.2000 2.1635 0.4623 0.7370 -0.0195 0.1040
12.2136 2.1762 0.4623 0.7370 -0.0126 0.1005
12.2272 2.1871 0.4623 0.7370 -0.0056 0.0995
12.2408 2.1957 0.4623 0.7370 -0.0034 0.0792
12.2544 2.2017 0.4623 0.7370 -0.0051 0.0604
12.2680 2.2046 0.4623 0.7370 0.0114 0.0499
12.2816 2.2027 0.4623 0.7370 0.0159 0.0525
12.2952 2.1929 0.4623 0.7370 0.0098 0.0550
12.3075 2.0456 0.4623 0.7370 0.0187 0.0525
12.3197 1.8955 0.4623 0.7370 0.0246 0.0441
12.3306 1.8909 0.4623 0.7370 0.0278 0.0431
12.3429 1.8920 0.4623 0.7370 0.0265 0.0637
12.3537 1.8966 0.4623 0.7370 0.0217 0.0812
12.3646 1.9047 0.4623 0.7370 0.0100 0.0783
12.3769 1.9148 0.4623 0.7370 0.0009 0.0546
12.3891 1.9239 0.4623 0.7370 0.0011 0.0290
12.4000 1.9306 0.4623 0.7370 0.0027 0.0249
12.4122 1.9349 0.4623 0.7370 0.0052 0.0216
12.4245 1.9365 0.4623 0.7370 0.0098 0.0174
12.4367 1.9349 0.4623 0.7370 0.0189 0.0113
12.4476 1.9300 0.4623 0.7370 0.0319 0.0037
12.4599 1.9237 0.4623 0.7370 0.0413 -0.0007
12.4721 2.1352 0.4623 0.7370 0.0427 0.0021
12.4844 2.1313 0.4623 0.7370 0.0397 0.0163
12.4980 2.1314 0.4623 0.7370 0.0486 0.0429
12.5102 2.1363 0.4623 0.7370 0.0198 0.0724
12.5238 2.1447 0.4623 0.7370 0.0209 0.0731
12.5361 2.1522 0.4623 0.7370 -0.0006 0.0842
12.5497 2.1568 0.4623 0.7370 -0.0015 0.0876
12.5633 2.1590 0.4623 0.7370 0.0055 0.0871
12.5755 2.1600 0.4623 0.7370 0.0102 0.0864
12.5891 2.1617 0.4623 0.7370 0.0119 0.0850
12.6027 2.1651 0.4623 0.7370 0.0166 0.0863
12.6150 2.2876 0.4623 0.7370 0.0214 0.0961
12.6299 2.3019 0.4623 0.7370 0.0335 0.0920
12.6435 2.3088 0.4623 0.7370 0.0305 0.1006
12.6585 2.3128 0.4623 0.7370 0.0307 0.0698
12.6721 2.3137 0.4623 0.7370 0.0287 0.0506
12.6857 2.3085 0.4623 0.7370 0.0234 0.0628
12.6993 2.2768 0.4623 0.7370 0.0212 0.0687
12.7129 2.2284 0.4623 0.7370 0.0247 0.0625
12.7265 2.2041 0.4623 0.7370 0.0275 0.0811
12.7401 2.2007 0.4623 0.7370 0.0314 0.0955
12.7524 2.2060 0.4623 0.7370 0.0381 0.0766
12.7660 2.2096 0.4623 0.7370 0.0413 0.0473
12.7796 2.2100 0.4623 0.7370 0.0416 0.0214
12.7932 2.2029 0.4623 0.7370 0.0389 0.0119
12.8068 2.1678 0.4623 0.7370 0.0342 0.0145
12.8190 2.1193 0.4623 0.7370 0.0207 0.0356
12.8313 2.0987 0.4623 0.7370 0.0008 0.0503
12.8435 2.1026 0.4623 0.7370 -0.0217 0.0794
12.8571 2.1054 0.4623 0.7370 -0.0310 0.0966
12.8707 2.0993 0.4623 0.7370 -0.0157 0.1004
12.8830 2.0930 0.4623 0.7370 -0.0253 0.1076
12.8952 2.0929 0.4623 0.7370 -0.0128 0.1138
12.9075 2.0974 0.4623 0.7370 -0.0050 0.1150
12.9211 2.1061 0.4623 0.7370 -0.0027 0.1116
12.9333 2.1157 0.4623 0.7370 -0.0081 0.1004
12.9469 2.1237 0.4623 0.7370 -0.0101 0.0897
12.9592 2.1291 0.4623 0.7370 -0.0028 0.0871
12.9728 2.1313 0.4623 0.7370 0.0021 0.0875
12.9864 2.1318 0.4623 0.7370 0.0236 0.0829
12.9986 2.1343 0.4623 0.7370 0.0196 0.0907
13.0122 2.1390 0.4623 0.7370 0.0308 0.0955
13.0245 2.1465 0.4623 0.7370 0.0361 0.0962
13.0381 2.1563 0.4623 0.7370 0.0340 0.0938
13.0503 2.1690 0.4623 0.7370 0.0265 0.0961
13.0639 2.1830 0.4623 0.7370 0.0123 0.0983
13.0776 2.1956 0.4623 0.7370 -0.0028 0.0945
13.0912 2.2062 0.4623 0.7370 -0.0134 0.0885
13.1048 2.2149 0.4623 0.7370 -0.0136 0.0904
13.1184 2.2220 0.4623 0.7370 -0.0113 0.0897
13.1320 2.2279 0.4623 0.7370 -0.0084 0.0899
13.1456 2.2328 0.4623 0.7370 -0.0064 0.0904
13.1592 2.2382 0.4623 0.7370 -0.0052 0.0886
13.1728 2.2446 0.4623 0.7370 -0.0033 0.0916
13.1864 2.2524 0.4623 0.7370 -0.0024 0.1015
13.2000 2.2636 0.4623 0.7370 -0.0027 0.1105
13.2136 2.2756 0.4623 0.7370 -0.0080 0.1121
13.2286 2.2857 0.4623 0.7370 0.0060 0.1127
13.2422 2.2933 0.4623 0.7370 -0.0081 0.0842
13.2558 2.2982 0.4623 0.7370 -0.0072 0.0646
13.2707 2.2996 0.4623 0.7370 -0.0121 0.0699
13.2844 2.2948 0.4623 0.7370 -0.0181 0.0777
13.2980 2.2804 0.4623 0.7370 -0.0210 0.0826
13.3116 2.1234 0.4623 0.7370 -0.0201 0.0814
13.3252 2.1128 0.4623 0.7370 -0.0172 0.0779
13.3374 2.1089 0.4623 0.7370 -0.0129 0.0839
13.3497 2.1105 0.4623 0.7370 -0.0023 0.0956
13.3633 2.1168 0.4623 0.7370 0.0361 0.0875
13.3755 2.1256 0.4623 0.7370 0.0371 0.0540
13.3891 2.1332 0.4623 0.7370 0.0457 0.0242
13.4014 2.1381 0.4623 0.7370 0.0497 0.0186
13.4150 2.1398 0.4623 0.7370 0.0544 0.0138
13.4286 2.1380 0.4623 0.7370 0.0587 0.0090
13.4408 2.1315 0.4623 0.7370 0.0623 0.0047
13.4544 2.1213 0.4623 0.7370 0.0647 0.0027
13.4667 1.9855 0.4623 0.7370 0.0644 0.0034
13.4789 1.9730 0.4623 0.7370 0.0602 0.0114
13.4912 1.9726 0.4623 0.7370 0.0520 0.0386
13.5020 1.9757 0.4623 0.7370 0.0429 0.0570
13.5143 1.9834 0.4623 0.7370 0.0234 0.0829
13.5265 1.9928 0.4623 0.7370 0.0093 0.0845
13.5388 2.0007 0.4623 0.7370 0.0011 0.0857
13.5510 2.0062 0.4623 0.7370 -0.0040 0.0901
13.5633 2.0098 0.4623 0.7370 -0.0092 0.0943
13.5755 2.0124 0.4623 0.7370 -0.0138 0.0977
13.5878 2.0156 0.4623 0.7370 -0.0188 0.0995
13.6000 2.0201 0.4623 0.7370 -0.0193 0.1036
13.6122 2.0267 0.4623 0.7370 -0.0145 0.1113
13.6245 2.0811 0.4623 0.7370 -0.0060 0.1255
13.6381 2.0913 0.4623 0.7370 -0.0034 0.1271
13.6503 2.0987 0.4623 0.7370 0.0053 0.1115
13.6639 2.1030 0.4623 0.7370 0.0268 0.0839
13.6762 2.1044 0.4623 0.7370 0.0201 0.0682
13.6884 2.0991 0.4623 0.7370 0.0102 0.0825
13.7007 2.0630 0.4623 0.7370 0.0026 0.0947
13.7129 2.0106 0.4623 0.7370 -0.0008 0.0972
13.7238 1.9983 0.4623 0.7370 0.0002 0.1178
13.7361 1.9943 0.4623 0.7370 0.0026 0.1329
13.7469 1.9998 0.4623 0.7370 0.0072 0.1351
13.7592 2.0062 0.4623 0.7370 0.0141 0.1159
13.7714 2.0100 0.4623 0.7370 0.0176 0.0934
13.7837 2.0100 0.4623 0.7370 0.0057 0.0682
13.7973 2.0006 0.4623 0.7370 0.0587 -0.0200
13.8082 1.9644 0.4623 0.7370 0.0598 -0.0196
13.8204 1.9330 0.4623 0.7370 0.0485 -0.0018
13.8313 1.9214 0.4623 0.7370 0.0112 0.0214
13.8422 1.9265 0.4623 0.7370 -0.0223 0.0455
13.8544 1.9314 0.4623 0.7370 -0.0306 0.0697
13.8667 1.9298 0.4623 0.7370 -0.0353 0.0789
13.8776 1.9254 0.4623 0.7370 -0.0390 0.0827
13.8898 1.9250 0.4623 0.7370 -0.0184 0.0883
13.9007 1.9287 0.4623 0.7370 0.0080 0.0822
13.9129 1.9356 0.4623 0.7370 0.0003 0.0927
13.9252 1.9458 0.4623 0.7370 0.0063 0.0820
13.9361 1.9563 0.4623 0.7370 0.0115 0.0669
13.9483 1.9650 0.4623 0.7370 0.0115 0.0558
13.9605 1.9712 0.4623 0.7370 0.0127 0.0559
13.9728 1.9748 0.4623 0.7370 0.0121 0.0581
13.9850 1.9769 0.4623 0.7370 0.0108 0.0591
13.9973 1.9805 0.4623 0.7370 0.0118 0.0690
14.0082 1.9860 0.4623 0.7370 0.0003 0.0776
14.0204 1.9935 0.4623 0.7370 -0.0051 0.0890
14.0327 2.0029 0.4623 0.7370 -0.0086 0.0875
14.0449 2.0147 0.4623 0.7370 -0.0092 0.0855
14.0571 2.0292 0.4623 0.7370 -0.0102 0.0868
14.0694 2.0439 0.4623 0.7370 -0.0163 0.0801
14.0830 2.0566 0.4623 0.7370 -0.0167 0.0699
14.0952 2.0675 0.4623 0.7370 -0.0094 0.0626
14.1075 2.0768 0.4623 0.7370 -0.0015 0.0609
14.1211 2.0848 0.4623 0.7370 0.0015 0.0598
14.1333 2.0916 0.4623 0.7370 0.0017 0.0610
14.1469 2.0976 0.4623 0.7370 0.0024 0.0618
14.1592 2.1040 0.4623 0.7370 0.0032 0.0604
14.1714 2.1114 0.4623 0.7370 0.0051 0.0635
14.1850 2.1196 0.4623 0.7370 0.0099 0.0717
14.1973 2.1310 0.4623 0.7370 0.0210 0.0764
14.2109 2.1440 0.4623 0.7370 0.0305 0.0712
14.2245 2.1557 0.4623 0.7370 0.0506 0.0685
14.2367 2.1651 0.4623 0.7370 0.0350 0.0513
14.2503 2.1721 0.4623 0.7370 0.0340 0.0321
14.2639 2.1761 0.4623 0.7370 0.0312 0.0248
14.2776 2.1761 0.4623 0.7370 0.0433 0.0280
14.2898 2.1695 0.4623 0.7370 0.0220 0.0370
14.3034 2.1553 0.4623 0.7370 0.0184 0.0408
14.3170 2.1292 0.4623 0.7370 0.0188 0.0380
14.3293 2.1203 0.4623 0.7370 0.0226 0.0352
14.3415 2.1186 0.4623 0.7370 0.0270 0.0510
14.3551 2.1218 0.4623 0.7370 0.0318 0.0642
14.3673 2.1297 0.4623 0.7370 0.0398 0.0425
14.3810 2.1382 0.4623 0.7370 0.0466 0.0123
14.3932 2.1448 0.4623 0.7370 0.0493 -0.0041
14.4068 2.1484 0.4623 0.7370 0.0472 -0.0065
14.4204 2.1486 0.4623 0.7370 0.0422 -0.0075
14.4340 2.1449 0.4623 0.7370 0.0523 -0.0102
14.4463 2.1364 0.4623 0.7370 0.0294 -0.0076
14.4599 2.1254 0.4623 0.7370 0.0240 -0.0057
14.4721 1.9802 0.4623 0.7370 0.0176 0.0022
14.4844 1.9781 0.4623 0.7370 0.0129 0.0169
14.4952 1.9792 0.4623 0.7370 0.0075 0.0327
14.5075 1.9840 0.4623 0.7370 -0.0033 0.0585
14.5197 1.9931 0.4623 0.7370 -0.0155 0.0705
14.5320 2.0021 0.4623 0.7370 -0.0242 0.0683
14.5442 2.0089 0.4623 0.7370 -0.0251 0.0712
14.5565 2.0134 0.4623 0.7370 -0.0255 0.0734
14.5687 2.0163 0.4623 0.7370 -0.0230 0.0741
14.5810 2.0190 0.4623 0.7370 -0.0145 0.0714
14.5932 2.0226 0.4623 0.7370 -0.0034 0.0656
14.6054 2.0277 0.4623 0.7370 0.0110 0.0686
14.6177 2.0443 0.4623 0.7370 0.0235 0.0726
14.6313 2.0546 0.4623 0.7370 0.0488 0.0705
14.6435 2.0636 0.4623 0.7370 0.0330 0.0760
14.6558 2.0700 0.4623 0.7370 0.0330 0.0548
14.6680 2.0734 0.4623 0.7370 0.0285 0.0342
14.6816 2.0734 0.4623 0.7370 0.0177 0.0343
14.6939 2.0616 0.4623 0.7370 0.0040 0.0478
14.7061 2.0293 0.4623 0.7370 -0.0035 0.0517
14.7184 2.0024 0.4623 0.7370 -0.0046 0.0597
14.7293 1.9938 0.4623 0.7370 0.0008 0.0670
14.7415 1.9956 0.4623 0.7370 0.0070 0.0795
14.7537 2.0025 0.4623 0.7370 0.0181 0.0598
14.7660 2.0078 0.4623 0.7370 0.0275 0.0286
14.7782 2.0100 0.4623 0.7370 0.0344 0.0019
14.7905 2.0080 0.4623 0.7370 0.0354 -0.0066
14.8027 1.9895 0.4623 0.7370 0.0322 -0.0102
14.8136 1.9525 0.4623 0.7370 0.0216 0.0036
14.8259 1.9299 0.4623 0.7370 0.0021 0.0219
14.8367 1.9276 0.4623 0.7370 -0.0122 0.0301
14.8476 1.9342 0.4623 0.7370 -0.0986 0.0726
14.8599 1.9360 0.4623 0.7370 -0.0375 0.0754
14.8721 1.9317 0.4623 0.7370 -0.0406 0.0816
14.8844 1.9289 0.4623 0.7370 -0.0376 0.0879
14.8952 1.9309 0.4623 0.7370 -0.0276 0.0948
14.9075 1.9361 0.4623 0.7370 -0.0208 0.0966
14.9184 1.9450 0.4623 0.7370 -0.0151 0.0971
14.9306 1.9556 0.4623 0.7370 -0.0207 0.0862
14.9429 1.9653 0.4623 0.7370 -0.0198 0.0740
14.9551 1.9727 0.4623 0.7370 -0.0073 0.0634
14.9673 1.9777 0.4623 0.7370 -0.0006 0.0622
14.9796 1.9799 0.4623 0.7370 0.0003 0.0636
14.9905 1.9825 0.4623 0.7370 0.0060 0.0660
15.0027 1.9873 0.4623 0.7370 0.0179 0.0713
15.0150 1.9937 0.4623 0.7370 0.0264 0.0719
15.0272 2.0023 0.4623 0.7370 0.0343 0.0713
15.0395 2.0127 0.4623 0.7370 0.0374 0.0670
15.0517 2.0263 0.4623 0.7370 0.0375 0.0663
15.0639 2.0412 0.4623 0.7370 0.0312 0.0653
