lap v kv ra qc qv
0.0000 1.3005 -0.4153 -0.8595 0.8663 -0.8686
0.0082 1.3097 -0.3851 -0.8589 0.9256 -0.8819
0.0150 1.3160 -0.3898 -0.8593 0.9278 -0.8736
0.0231 1.3210 -0.4011 -0.8643 0.9341 -0.8739
0.0313 1.3317 -0.4227 -0.8632 0.8894 -0.8580
0.0381 1.3259 -0.4215 -0.8496 0.8975 -0.8178
0.0463 1.3545 -0.3405 -0.8579 0.9530 -0.9025
0.0544 1.3731 -0.3702 -0.8651 0.9166 -0.9256
0.0626 1.3936 -0.3661 -0.8671 0.9534 -0.9404
0.0721 1.4142 -0.3641 -0.8636 0.9462 -0.9394
0.0803 1.4317 -0.3713 -0.8588 0.8975 -0.9331
0.0884 1.4471 -0.3586 -0.8590 0.9306 -0.9455
0.0980 1.4610 -0.3703 -0.8575 0.8813 -0.9349
0.1075 1.4734 -0.3572 -0.8587 0.9241 -0.9399
0.1156 1.4848 -0.3675 -0.8568 0.8805 -0.9337
0.1252 1.4951 -0.3544 -0.8582 0.9239 -0.9403
0.1347 1.5044 -0.3541 -0.8581 0.9235 -0.9395
0.1429 1.5131 -0.3545 -0.8581 0.9235 -0.9391
0.1524 1.5220 -0.3661 -0.8566 0.8807 -0.9341
0.1619 1.5317 -0.3662 -0.8569 0.8817 -0.9361
0.1714 1.5422 -0.3533 -0.8593 0.9293 -0.9400
0.1810 1.5534 -0.3519 -0.8606 0.9366 -0.9324
0.1905 1.5656 -0.3541 -0.8621 0.9408 -0.9287
0.2000 1.5801 -0.3568 -0.8638 0.9451 -0.9251
0.2095 1.5954 -0.3735 -0.8628 0.9026 -0.9189
0.2190 1.6091 -0.3651 -0.8657 0.9455 -0.9243
0.2299 1.6200 -0.3645 -0.8652 0.9462 -0.9339
0.2395 1.6283 -0.3604 -0.8638 0.9463 -0.9436
0.2490 1.6337 -0.3639 -0.8593 0.9042 -0.9575
0.2599 1.6362 -0.3445 -0.8590 0.9462 -0.9716
0.2694 1.6356 -0.3385 -0.8573 0.9440 -0.9682
0.2789 1.6320 -0.3460 -0.8543 0.8987 -0.9583
0.2898 1.6253 -0.3326 -0.8547 0.9396 -0.9608
0.2993 1.6162 -0.3308 -0.8539 0.9386 -0.9592
0.3088 1.4888 -0.3294 -0.8524 0.9356 -0.9553
0.3184 1.4919 -0.3315 -0.8543 0.9396 -0.9631
0.3265 1.4888 -0.3319 -0.8548 0.9410 -0.9646
0.3361 1.4895 -0.3352 -0.8564 0.9427 -0.9580
0.3456 1.4925 -0.3430 -0.8588 0.9428 -0.9407
0.3537 1.4974 -0.3506 -0.8616 0.9448 -0.9349
0.3633 1.5044 -0.3686 -0.8623 0.9053 -0.9342
0.3728 1.5137 -0.3612 -0.8669 0.9532 -0.9578
0.3823 1.5230 -0.3630 -0.8686 0.9593 -0.9856
0.3905 1.5302 -0.3647 -0.8702 0.9637 -1.0000
0.4000 1.5349 -0.3672 -0.8718 0.9661 -1.0000
0.4095 1.5371 -0.3698 -0.8731 0.9678 -1.0000
0.4190 1.5369 -0.3836 -0.8722 0.9268 -1.0000
0.4286 1.5346 -0.3856 -0.8733 0.9281 -1.0000
0.4381 1.5304 -0.3751 -0.8764 0.9720 -1.0000
0.4476 1.5247 -0.3762 -0.8771 0.9727 -1.0000
0.4571 1.5187 -0.3770 -0.8774 0.9727 -1.0000
0.4653 1.5139 -0.3771 -0.8771 0.9719 -1.0000
0.4748 1.5171 -0.3884 -0.8742 0.9278 -1.0000
0.4844 1.5169 -0.3764 -0.8749 0.9663 -0.9953
0.4939 1.5188 -0.3758 -0.8730 0.9609 -0.9773
0.5020 1.5227 -0.3730 -0.8706 0.9553 -0.9595
0.5116 1.5289 -0.3734 -0.8674 0.9417 -0.9397
0.5211 1.5374 -0.3781 -0.8615 0.8917 -0.9328
0.5306 1.5461 -0.3744 -0.8585 0.8821 -0.9367
0.5401 1.5529 -0.3679 -0.8569 0.8802 -0.9336
0.5497 1.5579 -0.3577 -0.8576 0.8874 -0.9209
0.5592 1.5618 -0.3562 -0.8570 0.8864 -0.9192
0.5687 1.5650 -0.3555 -0.8568 0.8861 -0.9187
0.5782 1.5684 -0.3556 -0.8569 0.8866 -0.9194
0.5878 1.5725 -0.3563 -0.8573 0.8877 -0.9214
0.5973 1.5778 -0.3551 -0.8583 0.8927 -0.9203
0.6068 1.5845 -0.3450 -0.8615 0.9404 -0.9244
0.6163 1.5818 -0.3468 -0.8607 0.9420 -0.9169
0.6272 1.5920 -0.3500 -0.8663 0.9533 -0.9156
0.6367 1.6012 -0.3563 -0.8671 0.9529 -0.9114
0.6463 1.6078 -0.3596 -0.8674 0.9536 -0.9190
0.6558 1.6110 -0.3677 -0.8640 0.9110 -0.9245
0.6653 1.6109 -0.3444 -0.8630 0.9546 -0.9537
0.6762 1.6072 -0.3333 -0.8598 0.9530 -0.9599
0.6857 1.5993 -0.3273 -0.8575 0.9493 -0.9526
0.6952 1.5846 -0.3240 -0.8552 0.9459 -0.9468
0.7048 1.5627 -0.3324 -0.8519 0.9002 -0.9384
0.7143 1.5334 -0.3191 -0.8536 0.9446 -0.9482
0.7238 1.5163 -0.3241 -0.8556 0.9465 -0.9413
0.7320 1.5160 -0.3343 -0.8589 0.9478 -0.9231
0.7415 1.5183 -0.3553 -0.8609 0.9090 -0.9144
0.7510 1.5226 -0.3495 -0.8672 0.9580 -0.9341
0.7605 1.5267 -0.3533 -0.8700 0.9635 -0.9532
0.7701 1.5282 -0.3576 -0.8722 0.9695 -0.9782
0.7782 1.5260 -0.3631 -0.8744 0.9740 -0.9932
0.7878 1.5197 -0.3801 -0.8746 0.9347 -0.9939
0.7973 1.5076 -0.3835 -0.8774 0.9380 -0.9993
0.8068 1.4785 -0.3755 -0.8808 0.9811 -1.0000
0.8150 1.4591 -0.3926 -0.8793 0.9359 -0.9879
0.8231 1.4303 -0.3851 -0.8797 0.9677 -0.9789
0.8327 1.4332 -0.3738 -0.8747 0.9580 -0.9730
0.8408 1.4362 -0.3724 -0.8663 0.9035 -0.9519
0.8503 1.4394 -0.3502 -0.8621 0.9334 -0.9352
0.8585 1.4398 -0.3556 -0.8569 0.8851 -0.9199
0.8680 1.4378 -0.3413 -0.8570 0.9266 -0.9227
0.8762 1.4365 -0.3522 -0.8553 0.8838 -0.9165
0.8844 1.4379 -0.3409 -0.8581 0.9321 -0.9204
0.8939 1.4416 -0.3444 -0.8599 0.9375 -0.9178
0.9020 1.4472 -0.3480 -0.8630 0.9457 -0.9103
0.9116 1.4546 -0.3533 -0.8654 0.9502 -0.9066
0.9197 1.4643 -0.3614 -0.8662 0.9468 -0.9103
0.9293 1.4757 -0.3632 -0.8658 0.9432 -0.9154
0.9388 1.4867 -0.3615 -0.8642 0.9385 -0.9192
0.9469 1.4955 -0.3601 -0.8618 0.9302 -0.9260
0.9565 1.5019 -0.3665 -0.8584 0.8850 -0.9172
0.9660 1.5063 -0.3530 -0.8588 0.9261 -0.9197
0.9755 1.5096 -0.3537 -0.8583 0.9247 -0.9170
0.9837 1.5130 -0.3558 -0.8582 0.9239 -0.9162
0.9932 1.5179 -0.3693 -0.8573 0.8838 -0.9046
1.0027 1.5246 -0.3572 -0.8591 0.9410 -0.9033
1.0122 1.5289 -0.3672 -0.8602 0.9425 -0.8941
1.0218 1.5330 -0.3823 -0.8653 0.9472 -0.8922
1.0299 1.5422 -0.3967 -0.8668 0.9444 -0.8814
1.0395 1.5279 -0.4068 -0.8509 0.9103 -0.8345
1.0476 1.5568 -0.3398 -0.8607 0.9596 -0.9167
1.0571 1.5710 -0.3675 -0.8661 0.9204 -0.9342
1.0667 1.5892 -0.3732 -0.8635 0.9093 -0.9411
1.0762 1.6050 -0.3576 -0.8620 0.9453 -0.9457
1.0871 1.6181 -0.3528 -0.8596 0.9406 -0.9472
1.0966 1.6296 -0.3541 -0.8594 0.9287 -0.9466
1.1061 1.6394 -0.3528 -0.8590 0.9279 -0.9446
1.1170 1.6481 -0.3511 -0.8587 0.9277 -0.9449
1.1265 1.6557 -0.3613 -0.8569 0.8843 -0.9388
1.1374 1.6624 -0.3495 -0.8584 0.9273 -0.9441
1.1469 1.6689 -0.3493 -0.8584 0.9277 -0.9447
1.1578 1.6761 -0.3499 -0.8587 0.9283 -0.9463
1.1673 1.6843 -0.3475 -0.8594 0.9330 -0.9447
1.1782 1.6933 -0.3487 -0.8604 0.9367 -0.9411
1.1878 1.7035 -0.3599 -0.8600 0.9013 -0.9273
1.1986 1.7160 -0.3513 -0.8640 0.9488 -0.9302
1.2095 1.7292 -0.3567 -0.8654 0.9495 -0.9304
1.2204 1.7405 -0.3603 -0.8661 0.9494 -0.9294
1.2299 1.7490 -0.3598 -0.8656 0.9498 -0.9387
1.2408 1.7545 -0.3665 -0.8618 0.9068 -0.9420
1.2517 1.7571 -0.3455 -0.8611 0.9507 -0.9683
1.2626 1.7565 -0.3371 -0.8588 0.9496 -0.9758
1.2735 1.7526 -0.3322 -0.8570 0.9468 -0.9712
1.2844 1.7452 -0.3289 -0.8556 0.9443 -0.9670
1.2952 1.7346 -0.3271 -0.8545 0.9425 -0.9641
1.3048 1.7219 -0.3366 -0.8523 0.8991 -0.9580
1.3156 1.7012 -0.3254 -0.8541 0.9427 -0.9661
1.3265 1.6943 -0.3268 -0.8549 0.9445 -0.9693
1.3361 1.6917 -0.3306 -0.8568 0.9466 -0.9637
1.3469 1.6923 -0.3393 -0.8595 0.9471 -0.9468
1.3565 1.6955 -0.3589 -0.8606 0.9068 -0.9356
1.3673 1.7013 -0.3530 -0.8657 0.9552 -0.9595
1.3782 1.7078 -0.3578 -0.8683 0.9603 -0.9769
1.3878 1.7127 -0.3703 -0.8679 0.9241 -0.9994
1.3986 1.7147 -0.3614 -0.8719 0.9698 -1.0000
1.4095 1.7140 -0.3645 -0.8735 0.9718 -1.0000
1.4190 1.7106 -0.3786 -0.8727 0.9310 -1.0000
1.4299 1.7047 -0.3691 -0.8761 0.9751 -1.0000
1.4408 1.6966 -0.3708 -0.8771 0.9762 -1.0000
1.4503 1.6869 -0.3834 -0.8756 0.9343 -1.0000
1.4612 1.6778 -0.3720 -0.8779 0.9768 -1.0000
1.4707 1.6907 -0.3818 -0.8736 0.9318 -1.0000
1.4816 1.6858 -0.3701 -0.8756 0.9730 -1.0000
1.4912 1.6846 -0.3715 -0.8741 0.9659 -0.9837
1.5020 1.6862 -0.3682 -0.8714 0.9599 -0.9657
1.5129 1.6906 -0.3684 -0.8678 0.9456 -0.9446
1.5224 1.6970 -0.3604 -0.8638 0.9385 -0.9436
1.5333 1.7028 -0.3566 -0.8601 0.9288 -0.9469
1.5429 1.7065 -0.3423 -0.8603 0.9362 -0.9348
1.5537 1.7085 -0.3402 -0.8592 0.9342 -0.9316
1.5646 1.7095 -0.3393 -0.8587 0.9333 -0.9302
1.5741 1.7104 -0.3395 -0.8587 0.9334 -0.9302
1.5850 1.7121 -0.3395 -0.8591 0.9346 -0.9323
1.5959 1.7151 -0.3409 -0.8598 0.9361 -0.9351
1.6054 1.7198 -0.3397 -0.8618 0.9441 -0.9293
1.6163 1.7180 -0.3527 -0.8593 0.9022 -0.9145
1.6272 1.7293 -0.3454 -0.8669 0.9574 -0.9212
1.6381 1.7359 -0.3525 -0.8677 0.9566 -0.9159
1.6490 1.7394 -0.3553 -0.8678 0.9571 -0.9236
1.6585 1.7392 -0.3481 -0.8658 0.9586 -0.9474
1.6694 1.7354 -0.3352 -0.8624 0.9579 -0.9581
1.6803 1.7279 -0.3250 -0.8590 0.9552 -0.9612
1.6912 1.7123 -0.3203 -0.8553 0.9484 -0.9492
1.7007 1.6872 -0.3287 -0.8525 0.9050 -0.9432
1.7116 1.6501 -0.3165 -0.8545 0.9494 -0.9548
1.7211 1.6263 -0.3188 -0.8555 0.9491 -0.9461
1.7306 1.6201 -0.3280 -0.8587 0.9508 -0.9277
1.7401 1.6210 -0.3500 -0.8608 0.9120 -0.9181
1.7510 1.6240 -0.3451 -0.8675 0.9613 -0.9382
1.7605 1.6263 -0.3488 -0.8705 0.9673 -0.9583
1.7701 1.6257 -0.3653 -0.8707 0.9309 -0.9772
1.7796 1.6211 -0.3596 -0.8752 0.9783 -0.9990
1.7905 1.6116 -0.3648 -0.8778 0.9818 -1.0000
1.8000 1.5914 -0.3689 -0.8823 0.9876 -1.0000
1.8095 1.5593 -0.3732 -0.8825 0.9848 -1.0000
1.8190 1.5233 -0.3794 -0.8814 0.9778 -0.9905
1.8272 1.5099 -0.3757 -0.8796 0.9712 -0.9867
1.8367 1.5109 -0.3762 -0.8699 0.9110 -0.9621
1.8463 1.5135 -0.3505 -0.8650 0.9406 -0.9463
1.8558 1.5141 -0.3413 -0.8598 0.9337 -0.9335
1.8639 1.5113 -0.3378 -0.8576 0.9305 -0.9279
1.8735 1.5082 -0.3478 -0.8555 0.8872 -0.9210
1.8830 1.5078 -0.3354 -0.8582 0.9355 -0.9250
1.8925 1.5102 -0.3392 -0.8600 0.9407 -0.9222
1.9007 1.5148 -0.3453 -0.8628 0.9458 -0.9189
1.9102 1.5213 -0.3605 -0.8635 0.9107 -0.9046
1.9197 1.5302 -0.3689 -0.8645 0.9074 -0.9085
1.9293 1.5408 -0.3591 -0.8663 0.9467 -0.9200
1.9388 1.5506 -0.3570 -0.8646 0.9421 -0.9239
1.9483 1.5582 -0.3551 -0.8621 0.9338 -0.9306
1.9578 1.5633 -0.3504 -0.8602 0.9316 -0.9276
1.9673 1.5666 -0.3490 -0.8591 0.9293 -0.9235
1.9769 1.5688 -0.3495 -0.8586 0.9281 -0.9213
1.9864 1.5718 -0.3637 -0.8570 0.8841 -0.9145
1.9959 1.5765 -0.3403 -0.8520 0.9029 -0.9090
2.0054 1.5828 -0.3690 -0.8583 0.9011 -0.9003
2.0150 1.5846 -0.3695 -0.8617 0.9454 -0.8978
2.0245 1.5903 -0.3858 -0.8677 0.9509 -0.8955
2.0340 1.6029 -0.4108 -0.8603 0.8944 -0.8686
2.0435 1.5867 -0.3252 -0.8553 0.9556 -0.8993
2.0531 1.6125 -0.3492 -0.8667 0.9642 -0.9350
2.0626 1.6282 -0.3589 -0.8675 0.9586 -0.9465
2.0721 1.6448 -0.3576 -0.8637 0.9504 -0.9444
2.0830 1.6581 -0.3548 -0.8603 0.9417 -0.9488
2.0925 1.6694 -0.3450 -0.8529 0.8928 -0.9437
2.1034 1.6791 -0.3522 -0.8592 0.9288 -0.9460
2.1129 1.6874 -0.3623 -0.8572 0.8851 -0.9393
2.1238 1.6947 -0.3491 -0.8586 0.9283 -0.9460
2.1347 1.7010 -0.3488 -0.8584 0.9279 -0.9450
2.1442 1.7069 -0.3603 -0.8568 0.8848 -0.9387
2.1551 1.7133 -0.3489 -0.8586 0.9288 -0.9467
2.1660 1.7207 -0.3493 -0.8591 0.9299 -0.9489
2.1755 1.7290 -0.3586 -0.8586 0.8941 -0.9356
2.1864 1.7385 -0.3463 -0.8621 0.9450 -0.9346
2.1973 1.7502 -0.3498 -0.8639 0.9492 -0.9309
2.2082 1.7629 -0.3554 -0.8653 0.9500 -0.9313
2.2190 1.7739 -0.3592 -0.8662 0.9501 -0.9305
2.2299 1.7821 -0.3590 -0.8657 0.9506 -0.9398
2.2408 1.7872 -0.3547 -0.8641 0.9504 -0.9489
2.2517 1.7893 -0.3456 -0.8613 0.9510 -0.9686
2.2626 1.7882 -0.3369 -0.8588 0.9500 -0.9763
2.2735 1.7837 -0.3315 -0.8571 0.9473 -0.9719
2.2844 1.7758 -0.3281 -0.8556 0.9449 -0.9677
2.2952 1.7644 -0.3261 -0.8545 0.9431 -0.9649
2.3061 1.7510 -0.3253 -0.8539 0.9423 -0.9644
2.3170 1.7303 -0.3265 -0.8546 0.9436 -0.9686
2.3265 1.7217 -0.3372 -0.8535 0.9025 -0.9649
2.3374 1.7191 -0.3306 -0.8570 0.9473 -0.9648
2.3483 1.7197 -0.3394 -0.8598 0.9482 -0.9483
2.3578 1.7229 -0.3592 -0.8612 0.9080 -0.9373
2.3687 1.7287 -0.3531 -0.8663 0.9565 -0.9616
2.3796 1.7347 -0.3577 -0.8688 0.9616 -0.9790
2.3905 1.7386 -0.3587 -0.8705 0.9680 -1.0000
2.4014 1.7396 -0.3616 -0.8724 0.9707 -1.0000
2.4109 1.7378 -0.3758 -0.8718 0.9303 -1.0000
2.4218 1.7334 -0.3665 -0.8753 0.9748 -1.0000
2.4327 1.7265 -0.3689 -0.8765 0.9760 -1.0000
2.4435 1.7173 -0.3704 -0.8774 0.9771 -1.0000
2.4531 1.7070 -0.3827 -0.8758 0.9351 -1.0000
2.4639 1.6978 -0.3711 -0.8778 0.9772 -1.0000
2.4735 1.6697 -0.3702 -0.8764 0.9749 -1.0000
2.4844 1.6661 -0.3706 -0.8756 0.9712 -1.0000
2.4939 1.6659 -0.3815 -0.8713 0.9227 -0.9768
2.5048 1.6685 -0.3701 -0.8706 0.9544 -0.9573
2.5143 1.6738 -0.3771 -0.8648 0.9022 -0.9379
2.5252 1.6806 -0.3606 -0.8628 0.9347 -0.9468
2.5347 1.6863 -0.3546 -0.8597 0.9288 -0.9467
2.5456 1.6899 -0.3412 -0.8601 0.9362 -0.9347
2.5565 1.6920 -0.3399 -0.8592 0.9343 -0.9316
2.5660 1.6932 -0.3383 -0.8588 0.9340 -0.9311
2.5769 1.6944 -0.3387 -0.8588 0.9341 -0.9312
2.5864 1.6965 -0.3397 -0.8593 0.9351 -0.9329
2.5973 1.7000 -0.3381 -0.8603 0.9403 -0.9324
2.6082 1.7052 -0.3398 -0.8621 0.9449 -0.9303
2.6177 1.9306 -0.3511 -0.8612 0.9090 -0.9140
2.6327 2.3522 -0.3507 -0.8691 0.9600 -0.9252
2.6463 2.3375 -0.3496 -0.8645 0.9546 -0.9203
2.6612 2.3011 -0.3401 -0.8605 0.9537 -0.9389
2.6748 2.2592 -0.3268 -0.8591 0.9570 -0.9657
2.6884 2.2187 -0.3191 -0.8579 0.9557 -0.9593
2.7007 2.1549 -0.3151 -0.8536 0.9478 -0.9487
2.7143 2.0723 -0.3130 -0.8534 0.9477 -0.9522
2.7265 2.0178 -0.3226 -0.8582 0.9523 -0.9417
2.7388 2.0121 -0.3353 -0.8622 0.9546 -0.9250
2.7510 2.0088 -0.3434 -0.8676 0.9627 -0.9410
2.7633 2.0034 -0.3473 -0.8708 0.9707 -0.9720
2.7755 1.9856 -0.3537 -0.8729 0.9760 -0.9953
2.7878 1.9609 -0.3632 -0.8782 0.9827 -1.0000
2.7986 1.9211 -0.3675 -0.8826 0.9892 -1.0000
2.8109 1.8666 -0.3737 -0.8839 0.9883 -1.0000
2.8218 1.8203 -0.3774 -0.8823 0.9803 -0.9942
2.8327 1.7894 -0.3677 -0.8744 0.9620 -0.9758
2.8435 1.7875 -0.3504 -0.8671 0.9492 -0.9584
2.8544 1.7848 -0.3403 -0.8600 0.9351 -0.9345
2.8653 1.7769 -0.3361 -0.8574 0.9310 -0.9280
2.8762 1.7688 -0.3356 -0.8572 0.9311 -0.9281
2.8871 1.7650 -0.3370 -0.8587 0.9365 -0.9263
2.8980 1.7650 -0.3408 -0.8617 0.9455 -0.9194
2.9075 1.7680 -0.3485 -0.8648 0.9505 -0.9158
2.9184 1.7737 -0.3537 -0.8669 0.9542 -0.9113
2.9293 1.7804 -0.3591 -0.8662 0.9468 -0.9197
2.9401 1.7857 -0.3587 -0.8639 0.9383 -0.9269
2.9510 1.7885 -0.3535 -0.8613 0.9330 -0.9290
2.9633 1.7889 -0.3498 -0.8595 0.9302 -0.9246
2.9741 1.7877 -0.3499 -0.8587 0.9282 -0.9210
2.9850 1.7869 -0.3519 -0.8585 0.9275 -0.9204
2.9959 1.7880 -0.3523 -0.8588 0.9347 -0.9173
3.0068 1.7899 -0.3583 -0.8599 0.9441 -0.9064
3.0177 1.7906 -0.3714 -0.8636 0.9498 -0.8958
3.0286 1.7964 -0.3907 -0.8671 0.9486 -0.8891
3.0381 1.7854 -0.4011 -0.8528 0.9176 -0.8473
3.0490 1.7972 -0.3393 -0.8618 0.9617 -0.9208
3.0599 1.8074 -0.3545 -0.8681 0.9636 -0.9422
3.0707 1.8213 -0.3577 -0.8644 0.9519 -0.9466
3.0816 1.8320 -0.3547 -0.8605 0.9423 -0.9497
3.0925 1.8405 -0.3442 -0.8528 0.8931 -0.9441
3.1048 1.8473 -0.3515 -0.8591 0.9289 -0.9460
3.1156 1.8526 -0.3498 -0.8587 0.9286 -0.9458
3.1265 1.8569 -0.3477 -0.8584 0.9287 -0.9465
3.1388 1.8605 -0.3480 -0.8583 0.9282 -0.9451
3.1497 1.8641 -0.3482 -0.8584 0.9286 -0.9459
3.1605 1.8688 -0.3598 -0.8572 0.8865 -0.9423
3.1728 1.8747 -0.3476 -0.8597 0.9340 -0.9461
3.1837 1.8818 -0.3468 -0.8613 0.9417 -0.9389
3.1959 1.8912 -0.3481 -0.8636 0.9493 -0.9313
3.2068 1.9015 -0.3538 -0.8652 0.9505 -0.9321
3.2190 1.9102 -0.3583 -0.8661 0.9505 -0.9311
3.2299 1.9157 -0.3578 -0.8656 0.9512 -0.9406
3.2422 1.9181 -0.3521 -0.8635 0.9518 -0.9601
3.2544 1.9172 -0.3436 -0.8607 0.9507 -0.9681
3.2653 1.9129 -0.3344 -0.8583 0.9495 -0.9753
3.2776 1.9048 -0.3297 -0.8564 0.9464 -0.9701
3.2884 1.8911 -0.3263 -0.8555 0.9455 -0.9684
3.3007 1.8660 -0.3253 -0.8543 0.9427 -0.9646
3.3116 1.8441 -0.3258 -0.8551 0.9451 -0.9703
3.3224 1.8305 -0.3246 -0.8546 0.9448 -0.9701
3.3347 1.8242 -0.3296 -0.8564 0.9460 -0.9631
3.3456 1.8224 -0.3373 -0.8592 0.9473 -0.9471
3.3565 1.8238 -0.3457 -0.8626 0.9502 -0.9427
3.3673 1.8278 -0.3519 -0.8658 0.9560 -0.9608
3.3782 1.8323 -0.3564 -0.8686 0.9618 -0.9792
3.3891 1.8346 -0.3583 -0.8704 0.9681 -1.0000
3.4014 1.8338 -0.3612 -0.8724 0.9711 -1.0000
3.4122 1.8300 -0.3641 -0.8740 0.9733 -1.0000
3.4231 1.8235 -0.3665 -0.8754 0.9752 -1.0000
3.4340 1.8142 -0.3803 -0.8745 0.9341 -1.0000
3.4449 1.8026 -0.3701 -0.8776 0.9776 -1.0000
3.4558 1.7903 -0.3706 -0.8780 0.9779 -1.0000
3.4667 1.7766 -0.3715 -0.8793 0.9797 -1.0000
3.4776 1.7760 -0.3694 -0.8762 0.9747 -1.0000
3.4884 1.7723 -0.3695 -0.8745 0.9695 -0.9977
3.4993 1.7721 -0.3799 -0.8700 0.9190 -0.9620
3.5102 1.7750 -0.3800 -0.8663 0.9043 -0.9407
3.5211 1.7800 -0.3723 -0.8620 0.8965 -0.9387
3.5320 1.7846 -0.3674 -0.8586 0.8866 -0.9421
3.5429 1.7870 -0.3524 -0.8587 0.8939 -0.9298
3.5537 1.7876 -0.3398 -0.8592 0.9346 -0.9320
3.5646 1.7872 -0.3385 -0.8588 0.9339 -0.9309
3.5755 1.7868 -0.3385 -0.8588 0.9342 -0.9313
3.5864 1.7874 -0.3392 -0.8592 0.9353 -0.9333
3.5973 1.7897 -0.3382 -0.8604 0.9404 -0.9326
3.6095 1.7938 -0.3399 -0.8622 0.9452 -0.9308
3.6204 1.7769 -0.3428 -0.8664 0.9550 -0.9283
3.6313 1.7836 -0.3470 -0.8672 0.9577 -0.9203
3.6422 1.7883 -0.3537 -0.8680 0.9570 -0.9149
3.6531 1.7895 -0.3525 -0.8673 0.9589 -0.9360
3.6639 1.7869 -0.3429 -0.8647 0.9584 -0.9487
3.6748 1.7807 -0.3291 -0.8607 0.9581 -0.9665
3.6857 1.7641 -0.3222 -0.8579 0.9534 -0.9573
3.6952 1.7290 -0.3193 -0.8559 0.9500 -0.9518
3.7061 1.6875 -0.3151 -0.8539 0.9479 -0.9510
3.7170 1.6691 -0.3149 -0.8541 0.9488 -0.9545
3.7265 1.6559 -0.3228 -0.8573 0.9510 -0.9383
3.7361 1.6546 -0.3332 -0.8609 0.9544 -0.9325
3.7469 1.6566 -0.3433 -0.8663 0.9582 -0.9226
3.7565 1.6589 -0.3577 -0.8673 0.9237 -0.9505
3.7673 1.6589 -0.3513 -0.8722 0.9715 -0.9722
3.7769 1.6550 -0.3560 -0.8745 0.9781 -0.9983
3.7864 1.6464 -0.3629 -0.8771 0.9814 -1.0000
3.7973 1.6293 -0.3660 -0.8799 0.9844 -1.0000
3.8068 1.5982 -0.3709 -0.8826 0.9863 -1.0000
3.8163 1.5539 -0.3749 -0.8819 0.9840 -0.9999
3.8259 1.5355 -0.3774 -0.8795 0.9715 -0.9846
3.8354 1.5359 -0.3640 -0.8735 0.9608 -0.9768
3.8435 1.5380 -0.3534 -0.8666 0.9431 -0.9502
3.8531 1.5390 -0.3531 -0.8588 0.8922 -0.9299
3.8626 1.5362 -0.3487 -0.8563 0.8883 -0.9231
3.8721 1.5324 -0.3470 -0.8556 0.8877 -0.9217
3.8816 1.5312 -0.3339 -0.8580 0.9360 -0.9258
3.8912 1.5329 -0.3373 -0.8598 0.9412 -0.9230
3.9007 1.5369 -0.3434 -0.8626 0.9463 -0.9198
3.9102 1.5431 -0.3473 -0.8656 0.9542 -0.9119
3.9197 1.5515 -0.3562 -0.8667 0.9510 -0.9157
3.9293 1.5617 -0.3590 -0.8664 0.9472 -0.9204
3.9388 1.5713 -0.3569 -0.8648 0.9426 -0.9244
3.9483 1.5786 -0.3551 -0.8622 0.9343 -0.9311
3.9578 1.5835 -0.3500 -0.8603 0.9322 -0.9282
3.9673 1.5865 -0.3484 -0.8591 0.9299 -0.9242
3.9769 1.5884 -0.3489 -0.8586 0.9286 -0.9220
3.9864 1.5910 -0.3630 -0.8570 0.8848 -0.9153
3.9959 1.5955 -0.3396 -0.8521 0.9036 -0.9099
4.0054 1.6016 -0.3575 -0.8600 0.9445 -0.9070
4.0163 1.6029 -0.3695 -0.8620 0.9461 -0.8989
4.0259 1.6090 -0.3856 -0.8678 0.9515 -0.8958
4.0354 1.6222 -0.4002 -0.8607 0.9339 -0.8742
4.0449 1.6095 -0.3276 -0.8559 0.9561 -0.9011
4.0531 1.6309 -0.3503 -0.8671 0.9642 -0.9360
4.0639 1.6467 -0.3589 -0.8672 0.9581 -0.9460
4.0735 1.6626 -0.3560 -0.8634 0.9506 -0.9446
4.0844 1.6754 -0.3539 -0.8601 0.9416 -0.9486
4.0939 1.6863 -0.3450 -0.8528 0.8925 -0.9430
4.1048 1.6955 -0.3518 -0.8591 0.9288 -0.9459
4.1143 1.7034 -0.3507 -0.8588 0.9283 -0.9455
4.1252 1.7102 -0.3485 -0.8585 0.9285 -0.9463
4.1361 1.7162 -0.3483 -0.8584 0.9281 -0.9452
4.1469 1.7219 -0.3489 -0.8584 0.9282 -0.9452
4.1565 1.7283 -0.3603 -0.8571 0.8858 -0.9410
4.1673 1.7357 -0.3467 -0.8594 0.9336 -0.9455
4.1782 1.7440 -0.3476 -0.8604 0.9375 -0.9422
4.1891 1.7537 -0.3477 -0.8623 0.9450 -0.9344
4.2000 1.7656 -0.3511 -0.8642 0.9494 -0.9310
4.2109 1.7780 -0.3563 -0.8656 0.9502 -0.9313
4.2218 1.7882 -0.3596 -0.8662 0.9501 -0.9302
4.2327 1.7954 -0.3586 -0.8655 0.9504 -0.9394
4.2435 1.7996 -0.3520 -0.8633 0.9514 -0.9597
4.2544 1.8007 -0.3437 -0.8607 0.9505 -0.9679
4.2653 1.7986 -0.3351 -0.8584 0.9495 -0.9754
4.2762 1.7930 -0.3303 -0.8567 0.9468 -0.9708
4.2871 1.7839 -0.3271 -0.8553 0.9446 -0.9670
4.2980 1.7714 -0.3254 -0.8543 0.9430 -0.9648
4.3088 1.6389 -0.3246 -0.8528 0.9396 -0.9608
4.3184 1.6411 -0.3373 -0.8531 0.9011 -0.9633
4.3293 1.6355 -0.3267 -0.8553 0.9458 -0.9712
4.3388 1.6349 -0.3326 -0.8575 0.9463 -0.9541
4.3483 1.6368 -0.3515 -0.8584 0.9056 -0.9424
4.3592 1.6411 -0.3482 -0.8635 0.9509 -0.9435
4.3687 1.6479 -0.3534 -0.8663 0.9562 -0.9611
4.3782 1.6553 -0.3692 -0.8665 0.9184 -0.9723
4.3891 1.6610 -0.3584 -0.8703 0.9676 -1.0000
4.3986 1.6638 -0.3727 -0.8700 0.9277 -1.0000
4.4095 1.6640 -0.3639 -0.8736 0.9724 -1.0000
4.4190 1.6616 -0.3780 -0.8728 0.9315 -1.0000
4.4299 1.6568 -0.3686 -0.8761 0.9755 -1.0000
4.4395 1.6498 -0.3698 -0.8772 0.9769 -1.0000
4.4490 1.6414 -0.3712 -0.8778 0.9773 -1.0000
4.4599 1.6331 -0.3715 -0.8780 0.9773 -1.0000
4.4694 1.6365 -0.3692 -0.8758 0.9741 -1.0000
4.4789 1.6309 -0.3701 -0.8760 0.9738 -1.0000
4.4898 1.6297 -0.3714 -0.8748 0.9675 -0.9864
4.4993 1.6315 -0.3690 -0.8723 0.9618 -0.9684
4.5088 1.6357 -0.3780 -0.8668 0.9094 -0.9484
4.5197 1.6425 -0.3636 -0.8650 0.9400 -0.9456
4.5293 1.6497 -0.3562 -0.8615 0.9337 -0.9453
4.5388 1.6551 -0.3519 -0.8591 0.9280 -0.9456
4.5497 1.6585 -0.3406 -0.8597 0.9353 -0.9333
4.5592 1.6607 -0.3396 -0.8590 0.9340 -0.9311
4.5701 1.6624 -0.3385 -0.8588 0.9340 -0.9309
4.5796 1.6644 -0.3504 -0.8574 0.8912 -0.9254
4.5905 1.6674 -0.3398 -0.8595 0.9357 -0.9341
4.6000 1.6718 -0.3510 -0.8590 0.8975 -0.9265
4.6109 1.6779 -0.3386 -0.8629 0.9487 -0.9268
4.6204 1.6215 -0.3609 -0.8682 0.9157 -0.9303
4.6313 1.6319 -0.3499 -0.8681 0.9578 -0.9228
4.6408 1.6393 -0.3541 -0.8678 0.9564 -0.9145
4.6503 1.6439 -0.3649 -0.8651 0.9158 -0.9286
4.6612 1.6450 -0.3457 -0.8654 0.9589 -0.9484
4.6707 1.6426 -0.3324 -0.8619 0.9594 -0.9693
4.6803 1.6365 -0.3250 -0.8590 0.9553 -0.9614
4.6912 1.6246 -0.3208 -0.8566 0.9514 -0.9542
4.7007 1.5948 -0.3179 -0.8556 0.9502 -0.9534
4.7102 1.5605 -0.3151 -0.8547 0.9498 -0.9551
4.7197 1.5404 -0.3173 -0.8557 0.9501 -0.9471
4.7293 1.5402 -0.3247 -0.8579 0.9518 -0.9380
4.7374 1.5414 -0.3358 -0.8620 0.9540 -0.9223
4.7469 1.5451 -0.3432 -0.8664 0.9601 -0.9347
4.7565 1.5492 -0.3468 -0.8696 0.9664 -0.9566
4.7660 1.5514 -0.3516 -0.8722 0.9712 -0.9718
4.7755 1.5500 -0.3676 -0.8721 0.9348 -0.9911
4.7850 1.5446 -0.3736 -0.8745 0.9382 -0.9975
4.7946 1.5342 -0.3774 -0.8772 0.9415 -1.0000
4.8041 1.5165 -0.3688 -0.8811 0.9849 -1.0000
4.8136 1.4849 -0.3757 -0.8832 0.9857 -1.0000
4.8218 1.4603 -0.3898 -0.8789 0.9340 -0.9844
4.8299 1.4531 -0.3729 -0.8765 0.9634 -0.9775
4.8395 1.4550 -0.3591 -0.8704 0.9526 -0.9664
4.8476 1.4583 -0.3476 -0.8638 0.9391 -0.9433
4.8571 1.4592 -0.3396 -0.8593 0.9335 -0.9331
4.8653 1.4570 -0.3368 -0.8576 0.9310 -0.9286
4.8748 1.4552 -0.3472 -0.8557 0.8880 -0.9219
4.8830 1.4560 -0.3355 -0.8584 0.9362 -0.9257
4.8925 1.4592 -0.3507 -0.8585 0.8982 -0.9165
4.9020 1.4645 -0.3447 -0.8630 0.9465 -0.9198
4.9102 1.4716 -0.3596 -0.8636 0.9113 -0.9055
4.9197 1.4808 -0.3562 -0.8667 0.9511 -0.9159
4.9279 1.4921 -0.3591 -0.8664 0.9472 -0.9205
4.9374 1.5030 -0.3687 -0.8628 0.8997 -0.9184
4.9469 1.5117 -0.3554 -0.8625 0.9347 -0.9318
4.9565 1.5181 -0.3503 -0.8606 0.9327 -0.9292
4.9660 1.5224 -0.3486 -0.8593 0.9303 -0.9251
4.9741 1.5255 -0.3491 -0.8588 0.9289 -0.9224
4.9837 1.5287 -0.3511 -0.8587 0.9281 -0.9216
4.9932 1.5335 -0.3644 -0.8578 0.8881 -0.9102
5.0027 1.5401 -0.3524 -0.8596 0.9453 -0.9089
5.0122 1.5442 -0.3626 -0.8609 0.9467 -0.8996
5.0218 1.5483 -0.3780 -0.8662 0.9517 -0.8982
5.0313 1.5578 -0.3922 -0.8671 0.9480 -0.8859
5.0395 1.5400 -0.4144 -0.8493 0.8700 -0.8310
5.0490 1.5693 -0.3410 -0.8620 0.9611 -0.9206
5.0585 1.5833 -0.3557 -0.8685 0.9636 -0.9418
5.0680 1.6014 -0.3605 -0.8655 0.9525 -0.9476
5.0776 1.6168 -0.3557 -0.8618 0.9460 -0.9467
5.0871 1.6296 -0.3652 -0.8578 0.8949 -0.9460
5.0980 1.6408 -0.3535 -0.8594 0.9291 -0.9469
5.1075 1.6504 -0.3512 -0.8590 0.9288 -0.9459
5.1170 1.6588 -0.3504 -0.8587 0.9283 -0.9457
5.1279 1.6661 -0.3487 -0.8585 0.9283 -0.9459
5.1374 1.6726 -0.3489 -0.8584 0.9279 -0.9448
5.1483 1.6791 -0.3487 -0.8585 0.9284 -0.9456
5.1592 1.6863 -0.3492 -0.8588 0.9291 -0.9473
5.1687 1.6944 -0.3471 -0.8595 0.9337 -0.9457
5.1796 1.7035 -0.3484 -0.8606 0.9375 -0.9421
5.1891 1.7138 -0.3485 -0.8625 0.9450 -0.9343
5.2000 1.7265 -0.3512 -0.8643 0.9497 -0.9313
5.2109 1.7394 -0.3565 -0.8657 0.9502 -0.9313
5.2218 1.7502 -0.3598 -0.8663 0.9500 -0.9302
5.2327 1.7581 -0.3587 -0.8655 0.9503 -0.9393
5.2435 1.7631 -0.3523 -0.8634 0.9514 -0.9596
5.2531 1.7650 -0.3443 -0.8608 0.9505 -0.9678
5.2639 1.7637 -0.3361 -0.8585 0.9494 -0.9753
5.2748 1.7590 -0.3417 -0.8552 0.9042 -0.9655
5.2857 1.7509 -0.3269 -0.8554 0.9450 -0.9678
5.2966 1.7396 -0.3255 -0.8544 0.9432 -0.9652
5.3075 1.7268 -0.3250 -0.8539 0.9425 -0.9647
5.3170 1.6914 -0.3337 -0.8518 0.8999 -0.9569
5.3279 1.6898 -0.3260 -0.8554 0.9461 -0.9710
5.3374 1.6878 -0.3426 -0.8558 0.9049 -0.9597
5.3483 1.6887 -0.3395 -0.8599 0.9484 -0.9488
5.3578 1.6922 -0.3479 -0.8634 0.9508 -0.9434
5.3687 1.6984 -0.3532 -0.8663 0.9564 -0.9613
5.3796 1.7049 -0.3577 -0.8688 0.9614 -0.9787
5.3891 1.7095 -0.3699 -0.8682 0.9252 -1.0000
5.4000 1.7112 -0.3610 -0.8723 0.9708 -1.0000
5.4109 1.7102 -0.3641 -0.8738 0.9727 -1.0000
5.4204 1.7066 -0.3668 -0.8751 0.9743 -1.0000
5.4313 1.7004 -0.3685 -0.8763 0.9760 -1.0000
5.4422 1.6921 -0.3703 -0.8773 0.9770 -1.0000
5.4517 1.6826 -0.3707 -0.8780 0.9778 -1.0000
5.4626 1.6736 -0.3713 -0.8779 0.9772 -1.0000
5.4721 1.6670 -0.3718 -0.8782 0.9770 -1.0000
5.4830 1.6652 -0.3700 -0.8756 0.9731 -1.0000
5.4925 1.6648 -0.3701 -0.8738 0.9662 -0.9840
5.5020 1.6668 -0.3674 -0.8712 0.9600 -0.9654
5.5129 1.6715 -0.3667 -0.8677 0.9462 -0.9456
5.5224 1.6783 -0.3599 -0.8637 0.9387 -0.9437
5.5333 1.6844 -0.3551 -0.8601 0.9296 -0.9481
5.5442 1.6884 -0.3414 -0.8604 0.9369 -0.9357
5.5537 1.6907 -0.3395 -0.8593 0.9348 -0.9324
5.5646 1.6920 -0.3387 -0.8588 0.9340 -0.9310
5.5741 1.6932 -0.3389 -0.8588 0.9340 -0.9309
5.5850 1.6951 -0.3390 -0.8592 0.9351 -0.9329
5.5959 1.6983 -0.3405 -0.8599 0.9366 -0.9357
5.6054 1.7032 -0.3383 -0.8618 0.9450 -0.9304
5.6163 1.6994 -0.3429 -0.8666 0.9535 -0.9341
5.6272 1.9667 -0.3546 -0.8643 0.9153 -0.9138
5.6395 1.9687 -0.3517 -0.8681 0.9580 -0.9171
5.6517 1.9668 -0.3520 -0.8674 0.9596 -0.9369
5.6639 1.9605 -0.3419 -0.8647 0.9589 -0.9495
5.6762 1.9434 -0.3264 -0.8593 0.9561 -0.9626
5.6871 1.9174 -0.3180 -0.8555 0.9501 -0.9507
5.6993 1.8637 -0.3171 -0.8550 0.9491 -0.9501
5.7102 1.8247 -0.3145 -0.8546 0.9498 -0.9542
5.7211 1.7917 -0.3173 -0.8549 0.9481 -0.9448
5.7320 1.7839 -0.3283 -0.8590 0.9518 -0.9294
5.7429 1.7833 -0.3390 -0.8641 0.9573 -0.9291
5.7537 1.7839 -0.3452 -0.8687 0.9640 -0.9434
5.7646 1.7822 -0.3489 -0.8714 0.9711 -0.9722
5.7755 1.7766 -0.3548 -0.8740 0.9776 -0.9976
5.7864 1.7615 -0.3615 -0.8759 0.9798 -1.0000
5.7973 1.7300 -0.3662 -0.8795 0.9849 -1.0000
5.8068 1.7041 -0.3829 -0.8807 0.9443 -1.0000
5.8177 1.6515 -0.3789 -0.8823 0.9800 -0.9936
5.8272 1.6329 -0.3752 -0.8801 0.9728 -0.9884
5.8367 1.6281 -0.3741 -0.8696 0.9117 -0.9618
5.8463 1.6289 -0.3481 -0.8644 0.9405 -0.9448
5.8571 1.6273 -0.3391 -0.8593 0.9337 -0.9329
5.8667 1.6218 -0.3475 -0.8558 0.8877 -0.9218
5.8762 1.6172 -0.3358 -0.8573 0.9314 -0.9284
5.8871 1.6162 -0.3369 -0.8588 0.9368 -0.9264
5.8966 1.6182 -0.3396 -0.8615 0.9456 -0.9196
5.9061 1.6226 -0.3584 -0.8623 0.9075 -0.9095
5.9156 1.6294 -0.3523 -0.8667 0.9544 -0.9116
5.9265 1.6381 -0.3594 -0.8665 0.9474 -0.9202
5.9361 1.6467 -0.3697 -0.8629 0.8998 -0.9181
5.9469 1.6530 -0.3565 -0.8625 0.9344 -0.9309
5.9565 1.6569 -0.3502 -0.8604 0.9324 -0.9285
5.9660 1.6588 -0.3491 -0.8591 0.9296 -0.9236
5.9769 1.6596 -0.3492 -0.8586 0.9284 -0.9215
5.9864 1.6612 -0.3522 -0.8586 0.9277 -0.9211
5.9973 1.6648 -0.3284 -0.8535 0.9478 -0.9163
6.0068 1.6690 -0.3704 -0.8586 0.9015 -0.9006
6.0177 1.6703 -0.3705 -0.8634 0.9500 -0.8960
6.0272 1.6764 -0.4007 -0.8655 0.9073 -0.8856
6.0367 1.6798 -0.4133 -0.8534 0.8784 -0.8512
6.0463 1.6807 -0.3350 -0.8592 0.9595 -0.9130
6.0571 1.6934 -0.3536 -0.8682 0.9643 -0.9411
6.0667 1.7093 -0.3603 -0.8656 0.9529 -0.9480
6.0776 1.7230 -0.3552 -0.8618 0.9463 -0.9470
6.0884 1.7339 -0.3532 -0.8594 0.9368 -0.9520
6.0993 1.7432 -0.3529 -0.8593 0.9291 -0.9467
6.1102 1.7509 -0.3512 -0.8589 0.9285 -0.9455
6.1197 1.7574 -0.3497 -0.8586 0.9283 -0.9458
6.1306 1.7629 -0.3597 -0.8568 0.8851 -0.9395
6.1415 1.7678 -0.3479 -0.8584 0.9284 -0.9454
6.1524 1.7731 -0.3482 -0.8585 0.9289 -0.9467
6.1633 1.7795 -0.3484 -0.8590 0.9300 -0.9490
6.1741 1.7869 -0.3459 -0.8601 0.9375 -0.9422
6.1850 1.7953 -0.3478 -0.8616 0.9417 -0.9389
6.1959 1.8061 -0.3485 -0.8637 0.9496 -0.9315
6.2068 1.8179 -0.3549 -0.8653 0.9501 -0.9314
6.2190 1.8280 -0.3588 -0.8662 0.9503 -0.9308
6.2299 1.8352 -0.3586 -0.8657 0.9508 -0.9401
6.2408 1.8392 -0.3539 -0.8640 0.9506 -0.9493
6.2517 1.8402 -0.3559 -0.8592 0.9084 -0.9629
6.2639 1.8379 -0.3363 -0.8586 0.9498 -0.9758
6.2748 1.8321 -0.3308 -0.8568 0.9470 -0.9713
6.2857 1.8226 -0.3271 -0.8554 0.9448 -0.9674
6.2966 1.8097 -0.3248 -0.8543 0.9433 -0.9653
6.3075 1.7864 -0.3356 -0.8523 0.8998 -0.9594
6.3184 1.7740 -0.3361 -0.8527 0.9009 -0.9623
6.3293 1.7669 -0.3258 -0.8554 0.9466 -0.9726
6.3401 1.7645 -0.3329 -0.8579 0.9472 -0.9558
6.3510 1.7653 -0.3409 -0.8607 0.9498 -0.9508
6.3619 1.7689 -0.3497 -0.8645 0.9524 -0.9461
6.3728 1.7744 -0.3554 -0.8674 0.9579 -0.9639
6.3837 1.7791 -0.3577 -0.8694 0.9646 -0.9927
6.3946 1.7811 -0.3595 -0.8713 0.9695 -1.0000
6.4054 1.7801 -0.3624 -0.8731 0.9720 -1.0000
6.4163 1.7763 -0.3653 -0.8746 0.9739 -1.0000
6.4272 1.7699 -0.3677 -0.8759 0.9755 -1.0000
6.4381 1.7609 -0.3695 -0.8770 0.9768 -1.0000
6.4490 1.7501 -0.3706 -0.8778 0.9777 -1.0000
6.4585 1.7392 -0.3710 -0.8780 0.9776 -1.0000
6.4694 1.7804 -0.3799 -0.8732 0.9314 -1.0000
6.4803 1.7713 -0.3805 -0.8737 0.9316 -1.0000
6.4912 1.7685 -0.3697 -0.8743 0.9674 -0.9858
6.5020 1.7691 -0.3667 -0.8713 0.9608 -0.9667
6.5129 1.7726 -0.3660 -0.8676 0.9464 -0.9457
6.5238 1.7778 -0.3585 -0.8634 0.9388 -0.9437
6.5347 1.7821 -0.3539 -0.8598 0.9293 -0.9476
6.5456 1.7841 -0.3407 -0.8600 0.9364 -0.9348
6.5565 1.7844 -0.3389 -0.8591 0.9346 -0.9320
6.5673 1.7840 -0.3379 -0.8587 0.9341 -0.9312
6.5782 1.7838 -0.3381 -0.8588 0.9346 -0.9319
6.5891 1.7848 -0.3389 -0.8594 0.9358 -0.9342
6.6000 1.7874 -0.3385 -0.8607 0.9409 -0.9334
6.6109 1.7921 -0.3379 -0.8629 0.9491 -0.9275
6.6218 1.7774 -0.3437 -0.8665 0.9552 -0.9283
6.6327 1.7839 -0.3480 -0.8674 0.9578 -0.9196
6.6435 1.7880 -0.3532 -0.8678 0.9584 -0.9256
6.6544 1.7885 -0.3509 -0.8670 0.9590 -0.9370
6.6653 1.7851 -0.3385 -0.8637 0.9598 -0.9605
6.6762 1.7781 -0.3264 -0.8600 0.9577 -0.9656
6.6871 1.7577 -0.3204 -0.8572 0.9527 -0.9556
6.6980 1.7237 -0.3180 -0.8557 0.9503 -0.9525
6.7088 1.6823 -0.3151 -0.8538 0.9476 -0.9508
6.7184 1.6675 -0.3171 -0.8554 0.9501 -0.9481
6.7279 1.6543 -0.3251 -0.8579 0.9515 -0.9388
6.7388 1.6538 -0.3357 -0.8621 0.9543 -0.9232
6.7483 1.6562 -0.3549 -0.8646 0.9180 -0.9302
6.7592 1.6583 -0.3471 -0.8701 0.9673 -0.9582
6.7687 1.6576 -0.3512 -0.8725 0.9739 -0.9842
6.7796 1.6529 -0.3578 -0.8750 0.9786 -0.9991
6.7891 1.6424 -0.3630 -0.8768 0.9812 -1.0000
6.7986 1.6170 -0.3783 -0.8776 0.9423 -1.0000
6.8082 1.5853 -0.3733 -0.8837 0.9877 -1.0000
6.8177 1.5485 -0.3795 -0.8826 0.9799 -0.9933
6.8272 1.5350 -0.3872 -0.8778 0.9295 -0.9817
6.8367 1.5354 -0.3601 -0.8723 0.9598 -0.9764
6.8463 1.5376 -0.3500 -0.8652 0.9414 -0.9472
6.8558 1.5379 -0.3405 -0.8598 0.9343 -0.9343
6.8653 1.5347 -0.3369 -0.8577 0.9312 -0.9287
6.8735 1.5312 -0.3357 -0.8572 0.9311 -0.9281
6.8830 1.5305 -0.3356 -0.8583 0.9360 -0.9256
6.8925 1.5327 -0.3506 -0.8586 0.8983 -0.9166
6.9020 1.5372 -0.3423 -0.8634 0.9501 -0.9161
6.9116 1.5437 -0.3485 -0.8659 0.9545 -0.9121
6.9211 1.5526 -0.3564 -0.8668 0.9512 -0.9161
6.9306 1.5629 -0.3582 -0.8663 0.9471 -0.9207
6.9401 1.5722 -0.3580 -0.8642 0.9391 -0.9285
6.9497 1.5790 -0.3533 -0.8619 0.9342 -0.9313
6.9592 1.5835 -0.3492 -0.8600 0.9319 -0.9278
6.9687 1.5862 -0.3603 -0.8574 0.8863 -0.9171
6.9782 1.5882 -0.3498 -0.8586 0.9282 -0.9214
6.9878 1.5911 -0.3523 -0.8587 0.9280 -0.9215
6.9986 1.5961 -0.3292 -0.8535 0.9485 -0.9161
7.0082 1.6016 -0.3596 -0.8604 0.9445 -0.9067
7.0177 1.6033 -0.3702 -0.8634 0.9502 -0.8961
7.0272 1.6099 -0.4001 -0.8658 0.9079 -0.8869
7.0367 1.6218 -0.4025 -0.8575 0.9264 -0.8674
7.0463 1.6156 -0.3332 -0.8582 0.9581 -0.9088
7.0558 1.6303 -0.3531 -0.8681 0.9644 -0.9398
7.0653 1.6471 -0.3583 -0.8666 0.9573 -0.9454
7.0748 1.6625 -0.3577 -0.8624 0.9463 -0.9471
7.0857 1.6749 -0.3522 -0.8598 0.9416 -0.9485
7.0966 1.6856 -0.3542 -0.8595 0.9291 -0.9470
7.1061 1.6945 -0.3512 -0.8591 0.9289 -0.9461
7.1170 1.7023 -0.3502 -0.8587 0.9284 -0.9458
7.1265 1.7090 -0.3491 -0.8585 0.9282 -0.9457
7.1374 1.7149 -0.3480 -0.8584 0.9283 -0.9454
7.1483 1.7206 -0.3487 -0.8585 0.9283 -0.9455
7.1592 1.7272 -0.3490 -0.8588 0.9292 -0.9475
7.1687 1.7348 -0.3588 -0.8579 0.8904 -0.9393
7.1796 1.7434 -0.3455 -0.8609 0.9412 -0.9385
7.1905 1.7534 -0.3485 -0.8626 0.9453 -0.9346
7.2014 1.7656 -0.3519 -0.8645 0.9497 -0.9312
7.2122 1.7778 -0.3568 -0.8658 0.9503 -0.9314
7.2231 1.7876 -0.3598 -0.8663 0.9500 -0.9300
7.2340 1.7944 -0.3581 -0.8653 0.9502 -0.9392
7.2449 1.7981 -0.3509 -0.8630 0.9512 -0.9594
7.2558 1.7988 -0.3410 -0.8600 0.9517 -0.9787
7.2667 1.7962 -0.3339 -0.8581 0.9492 -0.9750
7.2776 1.7901 -0.3290 -0.8564 0.9467 -0.9708
7.2884 1.7805 -0.3262 -0.8551 0.9446 -0.9670
7.2993 1.7678 -0.3247 -0.8541 0.9431 -0.9651
7.3102 1.7497 -0.3251 -0.8546 0.9444 -0.9682
7.3211 1.7353 -0.3251 -0.8544 0.9440 -0.9680
7.3320 1.7302 -0.3273 -0.8558 0.9468 -0.9730
7.3415 1.7288 -0.3458 -0.8567 0.9046 -0.9501
7.3524 1.7304 -0.3431 -0.8615 0.9488 -0.9404
7.3633 1.7347 -0.3507 -0.8648 0.9527 -0.9465
7.3741 1.7408 -0.3549 -0.8673 0.9595 -0.9753
7.3837 1.7459 -0.3583 -0.8696 0.9647 -0.9927
7.3946 1.7483 -0.3712 -0.8692 0.9269 -1.0000
7.4054 1.7479 -0.3622 -0.8731 0.9722 -1.0000
7.4163 1.7447 -0.3652 -0.8746 0.9739 -1.0000
7.4272 1.7389 -0.3678 -0.8759 0.9754 -1.0000
7.4381 1.7306 -0.3696 -0.8770 0.9767 -1.0000
7.4476 1.7205 -0.3822 -0.8756 0.9350 -1.0000
7.4585 1.7104 -0.3709 -0.8780 0.9777 -1.0000
7.4694 1.7068 -0.3721 -0.8805 0.9811 -1.0000
7.4789 1.7110 -0.3683 -0.8753 0.9736 -1.0000
7.4898 1.7076 -0.3703 -0.8749 0.9681 -0.9870
7.5007 1.7086 -0.3685 -0.8721 0.9614 -0.9679
7.5102 1.7124 -0.3688 -0.8684 0.9470 -0.9465
7.5211 1.7183 -0.3607 -0.8643 0.9397 -0.9452
7.5320 1.7240 -0.3567 -0.8605 0.9298 -0.9482
7.5429 1.7276 -0.3412 -0.8606 0.9374 -0.9366
7.5524 1.7294 -0.3402 -0.8594 0.9347 -0.9322
7.5633 1.7301 -0.3382 -0.8588 0.9342 -0.9314
7.5741 1.7307 -0.3383 -0.8588 0.9341 -0.9312
7.5850 1.7319 -0.3391 -0.8591 0.9349 -0.9326
7.5946 1.7346 -0.3404 -0.8599 0.9366 -0.9357
7.6054 1.7389 -0.3382 -0.8618 0.9450 -0.9305
7.6163 1.7440 -0.3412 -0.8637 0.9496 -0.9278
7.6272 1.7516 -0.3435 -0.8664 0.9576 -0.9200
7.6381 1.7580 -0.3515 -0.8679 0.9575 -0.9169
7.6490 1.7611 -0.3546 -0.8680 0.9580 -0.9248
7.6599 1.7604 -0.3470 -0.8658 0.9593 -0.9485
7.6694 1.7561 -0.3348 -0.8624 0.9580 -0.9580
7.6803 1.7475 -0.3352 -0.8573 0.9128 -0.9554
7.6912 1.7303 -0.3197 -0.8568 0.9528 -0.9559
7.7020 1.6890 -0.3161 -0.8535 0.9463 -0.9468
7.7116 1.6547 -0.3266 -0.8533 0.9074 -0.9503
7.7224 1.6385 -0.3196 -0.8563 0.9514 -0.9497
7.7320 1.6308 -0.3283 -0.8590 0.9518 -0.9287
7.7415 1.6320 -0.3382 -0.8636 0.9565 -0.9270
7.7510 1.6349 -0.3450 -0.8680 0.9626 -0.9404
7.7619 1.6368 -0.3477 -0.8706 0.9698 -0.9706
7.7714 1.6355 -0.3534 -0.8734 0.9748 -0.9849
7.7810 1.6302 -0.3597 -0.8756 0.9794 -1.0000
7.7918 1.6205 -0.3652 -0.8793 0.9842 -1.0000
7.8014 1.5938 -0.3686 -0.8826 0.9883 -1.0000
7.8109 1.5526 -0.3733 -0.8825 0.9857 -1.0000
7.8204 1.5248 -0.3789 -0.8824 0.9795 -0.9933
7.8286 1.5165 -0.3714 -0.8778 0.9692 -0.9848
7.8381 1.5163 -0.3724 -0.8689 0.9105 -0.9613
7.8476 1.5188 -0.3474 -0.8641 0.9399 -0.9445
7.8571 1.5188 -0.3397 -0.8594 0.9336 -0.9330
7.8667 1.5155 -0.3364 -0.8575 0.9311 -0.9285
7.8748 1.5127 -0.3358 -0.8573 0.9313 -0.9283
7.8844 1.5128 -0.3474 -0.8569 0.8931 -0.9195
7.8939 1.5156 -0.3397 -0.8605 0.9418 -0.9234
7.9034 1.5205 -0.3436 -0.8637 0.9501 -0.9159
7.9129 1.5273 -0.3496 -0.8661 0.9543 -0.9118
7.9211 1.5367 -0.3569 -0.8668 0.9510 -0.9159
7.9306 1.5472 -0.3584 -0.8662 0.9469 -0.9203
7.9401 1.5566 -0.3579 -0.8641 0.9389 -0.9282
7.9497 1.5636 -0.3536 -0.8618 0.9339 -0.9307
7.9592 1.5683 -0.3497 -0.8600 0.9315 -0.9272
7.9687 1.5712 -0.3490 -0.8590 0.9294 -0.9232
7.9796 1.5734 -0.3496 -0.8586 0.9283 -0.9215
7.9891 1.5766 -0.3522 -0.8587 0.9280 -0.9215
7.9986 1.5818 -0.3292 -0.8535 0.9486 -0.9161
8.0082 1.5877 -0.3595 -0.8604 0.9446 -0.9067
8.0177 1.5893 -0.3700 -0.8632 0.9499 -0.8956
8.0272 1.5960 -0.3877 -0.8681 0.9513 -0.8942
8.0367 1.6063 -0.4025 -0.8574 0.9257 -0.8675
8.0463 1.6027 -0.3314 -0.8574 0.9574 -0.9065
8.0544 1.6189 -0.3524 -0.8678 0.9643 -0.9389
8.0653 1.6356 -0.3588 -0.8668 0.9573 -0.9454
8.0748 1.6513 -0.3577 -0.8626 0.9468 -0.9479
8.0844 1.6641 -0.3531 -0.8599 0.9414 -0.9483
8.0952 1.6750 -0.3336 -0.8544 0.9354 -0.9487
8.1061 1.6842 -0.3519 -0.8591 0.9287 -0.9457
8.1156 1.6922 -0.3499 -0.8588 0.9286 -0.9461
8.1265 1.6992 -0.3489 -0.8585 0.9283 -0.9459
8.1361 1.7053 -0.3487 -0.8584 0.9280 -0.9449
8.1469 1.7111 -0.3484 -0.8585 0.9284 -0.9457
8.1578 1.7178 -0.3489 -0.8587 0.9291 -0.9473
8.1673 1.7254 -0.3473 -0.8595 0.9334 -0.9452
8.1782 1.7339 -0.3595 -0.8588 0.8944 -0.9358
8.1891 1.7438 -0.3478 -0.8624 0.9452 -0.9347
8.2000 1.7560 -0.3512 -0.8643 0.9496 -0.9311
8.2109 1.7684 -0.3564 -0.8656 0.9503 -0.9314
8.2218 1.7787 -0.3596 -0.8662 0.9501 -0.9302
8.2327 1.7861 -0.3585 -0.8655 0.9504 -0.9394
8.2435 1.7904 -0.3519 -0.8633 0.9514 -0.9596
8.2544 1.7916 -0.3436 -0.8606 0.9505 -0.9679
8.2653 1.7897 -0.3351 -0.8584 0.9494 -0.9753
8.2762 1.7842 -0.3302 -0.8567 0.9468 -0.9710
8.2871 1.7753 -0.3271 -0.8553 0.9446 -0.9670
8.2980 1.7631 -0.3255 -0.8543 0.9430 -0.9648
8.3088 1.7465 -0.3249 -0.8538 0.9423 -0.9647
8.3197 1.7333 -0.3253 -0.8543 0.9435 -0.9673
8.3293 1.7274 -0.3376 -0.8539 0.9036 -0.9664
8.3401 1.7256 -0.3332 -0.8579 0.9470 -0.9555
8.3510 1.7268 -0.3410 -0.8606 0.9494 -0.9502
8.3605 1.7307 -0.3497 -0.8643 0.9519 -0.9453
8.3714 1.7366 -0.3667 -0.8650 0.9146 -0.9569
8.3823 1.7422 -0.3572 -0.8692 0.9643 -0.9921
8.3932 1.7452 -0.3592 -0.8711 0.9691 -1.0000
8.4041 1.7453 -0.3622 -0.8728 0.9716 -1.0000
8.4150 1.7426 -0.3651 -0.8743 0.9734 -1.0000
8.4245 1.7373 -0.3676 -0.8756 0.9750 -1.0000
8.4354 1.7296 -0.3689 -0.8768 0.9767 -1.0000
8.4463 1.7198 -0.3704 -0.8777 0.9775 -1.0000
8.4571 1.7095 -0.3711 -0.8780 0.9776 -1.0000
8.4667 1.7084 -0.3826 -0.8755 0.9343 -1.0000
8.4776 1.7061 -0.3692 -0.8760 0.9745 -1.0000
8.4884 1.7029 -0.3700 -0.8748 0.9699 -0.9984
8.4980 1.7032 -0.3690 -0.8727 0.9626 -0.9696
8.5088 1.7064 -0.3666 -0.8692 0.9528 -0.9552
8.5184 1.7121 -0.3637 -0.8651 0.9402 -0.9457
8.5293 1.7182 -0.3557 -0.8614 0.9338 -0.9454
8.5401 1.7223 -0.3511 -0.8590 0.9281 -0.9456
8.5510 1.7245 -0.3405 -0.8596 0.9351 -0.9328
8.5605 1.7255 -0.3391 -0.8589 0.9340 -0.9310
8.5714 1.7261 -0.3379 -0.8587 0.9342 -0.9313
8.5823 1.7271 -0.3387 -0.8590 0.9347 -0.9322
8.5932 1.7295 -0.3400 -0.8597 0.9361 -0.9349
8.6027 1.7335 -0.3403 -0.8611 0.9411 -0.9336
8.6136 1.7395 -0.3397 -0.8634 0.9494 -0.9277
8.6245 1.9672 -0.3377 -0.8638 0.9556 -0.9136
8.6367 1.9714 -0.3489 -0.8678 0.9584 -0.9176
8.6490 1.9705 -0.3538 -0.8682 0.9588 -0.9262
8.6612 1.9654 -0.3449 -0.8654 0.9595 -0.9494
8.6735 1.9510 -0.3292 -0.8601 0.9573 -0.9651
8.6844 1.9288 -0.3214 -0.8581 0.9552 -0.9591
8.6966 1.8941 -0.3179 -0.8551 0.9499 -0.9508
8.7075 1.8330 -0.3149 -0.8542 0.9485 -0.9517
8.7184 1.8053 -0.3158 -0.8543 0.9476 -0.9437
8.7293 1.7883 -0.3248 -0.8581 0.9521 -0.9399
8.7401 1.7872 -0.3368 -0.8629 0.9556 -0.9259
8.7510 1.7878 -0.3438 -0.8678 0.9627 -0.9407
8.7619 1.7868 -0.3471 -0.8707 0.9703 -0.9714
8.7728 1.7821 -0.3540 -0.8737 0.9754 -0.9857
8.7837 1.7693 -0.3598 -0.8752 0.9790 -1.0000
8.7946 1.7435 -0.3651 -0.8785 0.9838 -1.0000
8.8054 1.7052 -0.3713 -0.8842 0.9897 -1.0000
8.8150 1.6627 -0.3754 -0.8833 0.9862 -1.0000
8.8245 1.6334 -0.3785 -0.8809 0.9735 -0.9864
8.8354 1.6339 -0.3629 -0.8733 0.9610 -0.9762
8.8449 1.6344 -0.3514 -0.8661 0.9428 -0.9492
8.8544 1.6336 -0.3519 -0.8584 0.8916 -0.9285
8.8653 1.6286 -0.3365 -0.8576 0.9312 -0.9285
8.8748 1.6233 -0.3351 -0.8572 0.9313 -0.9284
8.8844 1.6215 -0.3473 -0.8568 0.8931 -0.9196
8.8939 1.6228 -0.3406 -0.8606 0.9417 -0.9233
8.9048 1.6267 -0.3448 -0.8640 0.9502 -0.9159
8.9143 1.6329 -0.3506 -0.8664 0.9546 -0.9120
8.9238 1.6414 -0.3573 -0.8668 0.9507 -0.9157
8.9347 1.6501 -0.3593 -0.8654 0.9432 -0.9244
8.9442 1.6568 -0.3668 -0.8611 0.8949 -0.9210
8.9551 1.6611 -0.3513 -0.8608 0.9327 -0.9289
8.9646 1.6632 -0.3485 -0.8593 0.9303 -0.9249
8.9755 1.6640 -0.3495 -0.8587 0.9285 -0.9215
8.9850 1.6652 -0.3510 -0.8586 0.9281 -0.9215
8.9959 1.6683 -0.3518 -0.8588 0.9351 -0.9179
9.0054 1.6733 -0.3562 -0.8599 0.9447 -0.9075
9.0163 1.6736 -0.3699 -0.8621 0.9461 -0.8990
9.0259 1.6796 -0.3863 -0.8678 0.9513 -0.8951
9.0354 1.6919 -0.4148 -0.8568 0.8845 -0.8665
9.0449 1.6803 -0.3306 -0.8571 0.9573 -0.9056
9.0558 1.6959 -0.3519 -0.8677 0.9644 -0.9389
9.0653 1.7113 -0.3577 -0.8665 0.9575 -0.9455
9.0762 1.7255 -0.3568 -0.8623 0.9465 -0.9474
9.0871 1.7367 -0.3518 -0.8597 0.9414 -0.9482
9.0980 1.7462 -0.3534 -0.8594 0.9292 -0.9469
9.1075 1.7539 -0.3514 -0.8590 0.9286 -0.9455
9.1184 1.7605 -0.3611 -0.8571 0.8853 -0.9398
9.1293 1.7661 -0.3479 -0.8584 0.9285 -0.9462
9.1401 1.7710 -0.3480 -0.8584 0.9283 -0.9453
9.1510 1.7761 -0.3483 -0.8585 0.9287 -0.9463
9.1619 1.7823 -0.3484 -0.8589 0.9298 -0.9487
9.1728 1.7895 -0.3452 -0.8600 0.9374 -0.9422
9.1837 1.7977 -0.3472 -0.8614 0.9415 -0.9387
9.1946 1.8081 -0.3477 -0.8635 0.9494 -0.9314
9.2054 1.8198 -0.3656 -0.8629 0.9072 -0.9253
9.2177 1.8302 -0.3584 -0.8661 0.9503 -0.9310
9.2286 1.8377 -0.3587 -0.8658 0.9510 -0.9403
9.2395 1.8421 -0.3545 -0.8643 0.9509 -0.9496
9.2503 1.8434 -0.3568 -0.8595 0.9087 -0.9633
9.2626 1.8415 -0.3370 -0.8589 0.9501 -0.9763
9.2735 1.8360 -0.3312 -0.8570 0.9474 -0.9719
9.2844 1.8269 -0.3272 -0.8555 0.9452 -0.9680
9.2952 1.8138 -0.3365 -0.8528 0.9004 -0.9593
9.3061 1.7993 -0.3253 -0.8539 0.9423 -0.9648
9.3170 1.7770 -0.3254 -0.8542 0.9432 -0.9671
9.3279 1.7695 -0.3372 -0.8537 0.9032 -0.9658
9.3388 1.7666 -0.3322 -0.8577 0.9469 -0.9553
9.3497 1.7670 -0.3399 -0.8603 0.9494 -0.9502
9.3605 1.7703 -0.3487 -0.8641 0.9521 -0.9455
9.3714 1.7756 -0.3545 -0.8670 0.9576 -0.9634
9.3823 1.7805 -0.3571 -0.8692 0.9643 -0.9921
9.3932 1.7828 -0.3590 -0.8711 0.9692 -1.0000
9.4041 1.7821 -0.3619 -0.8729 0.9719 -1.0000
9.4150 1.7786 -0.3647 -0.8744 0.9738 -1.0000
9.4259 1.7724 -0.3672 -0.8757 0.9755 -1.0000
9.4367 1.7636 -0.3692 -0.8769 0.9768 -1.0000
9.4476 1.7529 -0.3704 -0.8777 0.9777 -1.0000
9.4585 1.7419 -0.3709 -0.8780 0.9777 -1.0000
9.4680 1.7509 -0.3712 -0.8793 0.9788 -1.0000
9.4789 1.7405 -0.3809 -0.8739 0.9318 -1.0000
9.4898 1.7378 -0.3703 -0.8747 0.9678 -0.9866
9.5007 1.7383 -0.3680 -0.8719 0.9614 -0.9676
9.5116 1.7417 -0.3683 -0.8683 0.9469 -0.9463
9.5211 1.7473 -0.3609 -0.8641 0.9393 -0.9444
9.5320 1.7524 -0.3674 -0.8586 0.8865 -0.9421
9.5429 1.7553 -0.3526 -0.8587 0.8939 -0.9298
9.5537 1.7565 -0.3392 -0.8593 0.9349 -0.9325
9.5646 1.7567 -0.3382 -0.8588 0.9341 -0.9312
9.5755 1.7568 -0.3382 -0.8588 0.9343 -0.9314
9.5864 1.7578 -0.3390 -0.8592 0.9352 -0.9331
9.5973 1.7603 -0.3404 -0.8600 0.9369 -0.9364
9.6082 1.7646 -0.3394 -0.8621 0.9451 -0.9305
9.6190 1.7648 -0.3417 -0.8660 0.9549 -0.9281
9.6286 1.7719 -0.3461 -0.8671 0.9578 -0.9209
9.6395 1.7772 -0.3530 -0.8679 0.9571 -0.9155
9.6503 1.7792 -0.3530 -0.8674 0.9591 -0.9357
9.6612 1.7773 -0.3446 -0.8651 0.9588 -0.9486
9.6721 1.7718 -0.3308 -0.8612 0.9586 -0.9676
9.6830 1.7590 -0.3336 -0.8565 0.9113 -0.9524
9.6939 1.7319 -0.3190 -0.8565 0.9516 -0.9543
9.7048 1.6956 -0.3157 -0.8535 0.9466 -0.9483
9.7143 1.6676 -0.3256 -0.8524 0.9059 -0.9483
9.7252 1.6488 -0.3221 -0.8572 0.9503 -0.9384
9.7347 1.6473 -0.3308 -0.8600 0.9535 -0.9309
9.7442 1.6492 -0.3422 -0.8654 0.9569 -0.9198
9.7551 1.6518 -0.3451 -0.8688 0.9657 -0.9552
9.7646 1.6525 -0.3615 -0.8695 0.9282 -0.9656
9.7755 1.6496 -0.3552 -0.8740 0.9772 -0.9968
9.7850 1.6425 -0.3614 -0.8766 0.9809 -1.0000
9.7946 1.6274 -0.3654 -0.8783 0.9826 -1.0000
9.8041 1.5997 -0.3700 -0.8824 0.9864 -1.0000
9.8136 1.5629 -0.3752 -0.8831 0.9857 -1.0000
9.8231 1.5273 -0.3796 -0.8803 0.9724 -0.9838
9.8327 1.5262 -0.3795 -0.8729 0.9196 -0.9723
9.8422 1.5284 -0.3532 -0.8682 0.9501 -0.9619
9.8517 1.5301 -0.3433 -0.8617 0.9367 -0.9386
9.8612 1.5283 -0.3380 -0.8584 0.9321 -0.9304
9.8707 1.5245 -0.3359 -0.8572 0.9308 -0.9279
9.8789 1.5227 -0.3363 -0.8576 0.9320 -0.9291
9.8884 1.5238 -0.3473 -0.8578 0.8974 -0.9162
9.8980 1.5275 -0.3409 -0.8620 0.9459 -0.9197
9.9075 1.5331 -0.3475 -0.8647 0.9506 -0.9160
9.9170 1.5410 -0.3523 -0.8667 0.9545 -0.9118
9.9265 1.5510 -0.3595 -0.8665 0.9475 -0.9203
9.9361 1.5612 -0.3583 -0.8653 0.9431 -0.9247
9.9456 1.5693 -0.3545 -0.8631 0.9381 -0.9276
9.9551 1.5750 -0.3510 -0.8608 0.9329 -0.9294
9.9646 1.5786 -0.3486 -0.8594 0.9305 -0.9254
9.9741 1.5808 -0.3487 -0.8588 0.9290 -0.9226
9.9837 1.5831 -0.3504 -0.8586 0.9283 -0.9218
9.9932 1.5871 -0.3646 -0.8578 0.8880 -0.9100
10.0027 1.5930 -0.3648 -0.8580 0.9019 -0.9020
10.0122 1.5956 -0.3645 -0.8610 0.9461 -0.8989
10.0231 1.6002 -0.3806 -0.8668 0.9516 -0.8979
10.0313 1.6103 -0.3944 -0.8659 0.9453 -0.8818
10.0408 1.5885 -0.3326 -0.8534 0.9143 -0.8929
10.0503 1.6193 -0.3567 -0.8625 0.9204 -0.9220
10.0599 1.6334 -0.3680 -0.8661 0.9202 -0.9364
10.0707 1.6504 -0.3588 -0.8645 0.9515 -0.9461
10.0803 1.6642 -0.3536 -0.8611 0.9456 -0.9457
10.0912 1.6757 -0.3327 -0.8543 0.9395 -0.9519
10.1007 1.6857 -0.3521 -0.8593 0.9292 -0.9468
10.1116 1.6941 -0.3510 -0.8589 0.9285 -0.9456
10.1211 1.7015 -0.3498 -0.8586 0.9282 -0.9458
10.1320 1.7078 -0.3482 -0.8584 0.9283 -0.9457
10.1429 1.7136 -0.3487 -0.8584 0.9281 -0.9449
10.1524 1.7197 -0.3491 -0.8586 0.9286 -0.9462
10.1633 1.7268 -0.3485 -0.8590 0.9300 -0.9491
10.1741 1.7349 -0.3461 -0.8601 0.9373 -0.9420
10.1850 1.7440 -0.3483 -0.8615 0.9413 -0.9383
10.1959 1.7552 -0.3488 -0.8636 0.9490 -0.9308
10.2054 1.7678 -0.3545 -0.8651 0.9499 -0.9313
10.2163 1.7791 -0.3587 -0.8661 0.9502 -0.9308
10.2272 1.7877 -0.3603 -0.8661 0.9494 -0.9289
10.2395 1.7932 -0.3554 -0.8644 0.9507 -0.9493
10.2503 1.7956 -0.3468 -0.8617 0.9515 -0.9691
10.2612 1.7949 -0.3380 -0.8591 0.9504 -0.9768
10.2721 1.7908 -0.3323 -0.8573 0.9477 -0.9725
10.2830 1.7832 -0.3285 -0.8558 0.9452 -0.9681
10.2939 1.7722 -0.3263 -0.8546 0.9434 -0.9652
10.3048 1.7587 -0.3254 -0.8540 0.9424 -0.9644
10.3143 1.7367 -0.3247 -0.8537 0.9425 -0.9648
10.3252 1.7300 -0.3250 -0.8549 0.9455 -0.9705
10.3361 1.7267 -0.3301 -0.8568 0.9470 -0.9643
10.3469 1.7267 -0.3385 -0.8595 0.9477 -0.9476
10.3565 1.7294 -0.3581 -0.8607 0.9075 -0.9366
10.3673 1.7348 -0.3522 -0.8659 0.9560 -0.9607
10.3782 1.7408 -0.3569 -0.8685 0.9612 -0.9783
10.3891 1.7450 -0.3581 -0.8702 0.9677 -1.0000
10.4000 1.7462 -0.3611 -0.8722 0.9706 -1.0000
10.4095 1.7446 -0.3640 -0.8738 0.9727 -1.0000
10.4204 1.7404 -0.3781 -0.8730 0.9319 -1.0000
10.4313 1.7336 -0.3684 -0.8764 0.9761 -1.0000
10.4422 1.7245 -0.3701 -0.8774 0.9771 -1.0000
10.4517 1.7142 -0.3710 -0.8779 0.9777 -1.0000
10.4626 1.7046 -0.3707 -0.8779 0.9776 -1.0000
10.4735 1.7731 -0.3683 -0.8757 0.9749 -1.0000
10.4844 1.7666 -0.3698 -0.8756 0.9716 -1.0000
10.4952 1.7650 -0.3689 -0.8733 0.9656 -0.9829
10.5061 1.7667 -0.3685 -0.8701 0.9542 -0.9569
10.5170 1.7711 -0.3631 -0.8662 0.9446 -0.9432
10.5279 1.7763 -0.3578 -0.8620 0.9342 -0.9459
10.5388 1.7799 -0.3519 -0.8592 0.9285 -0.9460
10.5497 1.7813 -0.3404 -0.8596 0.9354 -0.9332
10.5605 1.7813 -0.3388 -0.8589 0.9342 -0.9312
10.5714 1.7809 -0.3382 -0.8587 0.9340 -0.9310
10.5823 1.7811 -0.3387 -0.8590 0.9347 -0.9321
10.5932 1.7826 -0.3397 -0.8596 0.9362 -0.9350
10.6041 1.7859 -0.3400 -0.8612 0.9413 -0.9340
10.6150 1.7898 -0.3403 -0.8635 0.9494 -0.9276
10.6259 1.7975 -0.3433 -0.8667 0.9579 -0.9222
10.6367 1.8031 -0.3505 -0.8677 0.9576 -0.9175
10.6476 1.8057 -0.3541 -0.8679 0.9581 -0.9249
10.6585 1.8044 -0.3471 -0.8660 0.9597 -0.9488
10.6694 1.7994 -0.3342 -0.8625 0.9587 -0.9591
10.6803 1.7893 -0.3229 -0.8583 0.9546 -0.9596
10.6912 1.7670 -0.3194 -0.8565 0.9525 -0.9553
10.7020 1.7165 -0.3159 -0.8540 0.9476 -0.9486
10.7129 1.6860 -0.3161 -0.8549 0.9500 -0.9568
10.7224 1.6690 -0.3197 -0.8569 0.9522 -0.9514
10.7333 1.6643 -0.3297 -0.8593 0.9521 -0.9294
10.7429 1.6654 -0.3392 -0.8642 0.9573 -0.9287
10.7524 1.6679 -0.3455 -0.8685 0.9634 -0.9422
10.7633 1.6688 -0.3484 -0.8711 0.9705 -0.9715
10.7728 1.6661 -0.3553 -0.8739 0.9752 -0.9852
10.7837 1.6593 -0.3606 -0.8762 0.9803 -1.0000
10.7932 1.6444 -0.3648 -0.8781 0.9822 -1.0000
10.8041 1.6186 -0.3692 -0.8823 0.9865 -1.0000
10.8136 1.5699 -0.3748 -0.8828 0.9855 -1.0000
10.8231 1.5532 -0.3775 -0.8819 0.9788 -0.9933
10.8313 1.5387 -0.3693 -0.8749 0.9620 -0.9762
10.8408 1.5400 -0.3666 -0.8667 0.9080 -0.9569
10.8503 1.5417 -0.3557 -0.8600 0.8942 -0.9334
10.8599 1.5401 -0.3379 -0.8585 0.9325 -0.9311
10.8694 1.5360 -0.3355 -0.8572 0.9310 -0.9282
10.8789 1.5338 -0.3357 -0.8575 0.9320 -0.9292
10.8884 1.5346 -0.3377 -0.8590 0.9372 -0.9267
10.8980 1.5380 -0.3407 -0.8618 0.9457 -0.9195
10.9061 1.5434 -0.3473 -0.8646 0.9505 -0.9159
10.9156 1.5510 -0.3523 -0.8667 0.9544 -0.9117
10.9252 1.5609 -0.3572 -0.8669 0.9507 -0.9160
10.9347 1.5709 -0.3587 -0.8653 0.9431 -0.9245
10.9456 1.5789 -0.3548 -0.8632 0.9381 -0.9274
10.9551 1.5845 -0.3512 -0.8609 0.9329 -0.9293
10.9646 1.5879 -0.3487 -0.8594 0.9305 -0.9254
10.9741 1.5900 -0.3487 -0.8588 0.9290 -0.9225
10.9837 1.5922 -0.3505 -0.8586 0.9283 -0.9218
10.9932 1.5960 -0.3647 -0.8578 0.8879 -0.9100
11.0027 1.6018 -0.3537 -0.8596 0.9448 -0.9081
11.0136 1.6041 -0.3646 -0.8610 0.9462 -0.8990
11.0231 1.6088 -0.3809 -0.8669 0.9517 -0.8979
11.0327 1.6188 -0.3947 -0.8656 0.9447 -0.8811
11.0422 1.5959 -0.3210 -0.8551 0.9573 -0.8998
11.0503 1.6281 -0.3456 -0.8650 0.9634 -0.9295
11.0612 1.6423 -0.3589 -0.8679 0.9594 -0.9465
11.0707 1.6590 -0.3579 -0.8643 0.9516 -0.9463
11.0816 1.6726 -0.3559 -0.8607 0.9420 -0.9493
11.0912 1.6839 -0.3327 -0.8544 0.9378 -0.9515
11.1020 1.6936 -0.3524 -0.8593 0.9289 -0.9463
11.1116 1.7018 -0.3624 -0.8573 0.8853 -0.9394
11.1224 1.7089 -0.3491 -0.8586 0.9285 -0.9462
11.1333 1.7151 -0.3485 -0.8584 0.9281 -0.9454
11.1429 1.7207 -0.3601 -0.8568 0.8849 -0.9388
11.1537 1.7268 -0.3484 -0.8586 0.9289 -0.9469
11.1646 1.7340 -0.3489 -0.8590 0.9300 -0.9490
11.1755 1.7421 -0.3467 -0.8601 0.9372 -0.9418
11.1850 1.7512 -0.3488 -0.8616 0.9413 -0.9383
11.1959 1.7626 -0.3608 -0.8616 0.9063 -0.9246
11.2068 1.7750 -0.3665 -0.8631 0.9072 -0.9251
11.2177 1.7860 -0.3704 -0.8640 0.9074 -0.9245
11.2286 1.7941 -0.3704 -0.8636 0.9079 -0.9339
11.2395 1.7992 -0.3549 -0.8642 0.9505 -0.9490
11.2517 1.8011 -0.3459 -0.8614 0.9512 -0.9687
11.2626 1.8000 -0.3372 -0.8589 0.9501 -0.9763
11.2735 1.7953 -0.3317 -0.8571 0.9474 -0.9719
11.2844 1.7872 -0.3281 -0.8556 0.9450 -0.9677
11.2952 1.7756 -0.3261 -0.8545 0.9432 -0.9650
11.3061 1.7619 -0.3252 -0.8539 0.9423 -0.9645
11.3156 1.7396 -0.3257 -0.8551 0.9449 -0.9690
11.3265 1.7323 -0.3253 -0.8551 0.9459 -0.9714
11.3374 1.7293 -0.3308 -0.8571 0.9474 -0.9650
11.3483 1.7297 -0.3393 -0.8598 0.9483 -0.9485
11.3578 1.7328 -0.3477 -0.8634 0.9509 -0.9436
11.3687 1.7384 -0.3530 -0.8663 0.9567 -0.9618
11.3796 1.7443 -0.3562 -0.8686 0.9633 -0.9904
11.3905 1.7480 -0.3584 -0.8705 0.9683 -1.0000
11.4014 1.7487 -0.3614 -0.8724 0.9710 -1.0000
11.4122 1.7467 -0.3644 -0.8740 0.9730 -1.0000
11.4218 1.7420 -0.3670 -0.8753 0.9746 -1.0000
11.4327 1.7347 -0.3805 -0.8744 0.9336 -1.0000
11.4435 1.7253 -0.3700 -0.8775 0.9774 -1.0000
11.4544 1.7149 -0.3710 -0.8780 0.9777 -1.0000
11.4639 1.7055 -0.3826 -0.8757 0.9347 -1.0000
11.4748 1.7043 -0.3695 -0.8764 0.9751 -1.0000
11.4857 1.7004 -0.3704 -0.8754 0.9708 -1.0000
11.4952 1.7001 -0.3808 -0.8710 0.9223 -0.9761
11.5061 1.7025 -0.3686 -0.8701 0.9540 -0.9568
11.5156 1.7078 -0.3637 -0.8664 0.9446 -0.9432
11.5265 1.7140 -0.3579 -0.8622 0.9346 -0.9467
11.5374 1.7188 -0.3525 -0.8594 0.9287 -0.9466
11.5483 1.7215 -0.3410 -0.8598 0.9356 -0.9336
11.5578 1.7228 -0.3394 -0.8590 0.9342 -0.9313
11.5687 1.7234 -0.3380 -0.8587 0.9341 -0.9312
11.5796 1.7243 -0.3386 -0.8589 0.9345 -0.9318
11.5905 1.7263 -0.3397 -0.8595 0.9357 -0.9340
11.6000 1.7299 -0.3506 -0.8590 0.8976 -0.9268
11.6109 1.7353 -0.3381 -0.8629 0.9491 -0.9274
11.6218 1.8342 -0.3435 -0.8664 0.9552 -0.9281
11.6327 1.8397 -0.3484 -0.8674 0.9577 -0.9193
11.6449 1.8425 -0.3535 -0.8678 0.9583 -0.9253
11.6558 1.8416 -0.3504 -0.8668 0.9588 -0.9370
11.6667 1.8367 -0.3367 -0.8633 0.9596 -0.9603
11.6789 1.8254 -0.3264 -0.8604 0.9581 -0.9657
11.6898 1.8057 -0.3197 -0.8558 0.9500 -0.9511
11.7007 1.7692 -0.3169 -0.8540 0.9481 -0.9487
11.7102 1.7176 -0.3257 -0.8524 0.9055 -0.9470
11.7211 1.7047 -0.3184 -0.8556 0.9504 -0.9484
11.7320 1.6933 -0.3283 -0.8589 0.9515 -0.9288
11.7415 1.6937 -0.3380 -0.8636 0.9565 -0.9273
11.7524 1.6957 -0.3448 -0.8681 0.9629 -0.9412
11.7619 1.6963 -0.3595 -0.8687 0.9274 -0.9649
11.7728 1.6934 -0.3543 -0.8737 0.9752 -0.9853
11.7837 1.6864 -0.3606 -0.8760 0.9800 -1.0000
11.7932 1.6701 -0.3659 -0.8809 0.9866 -1.0000
11.8027 1.6274 -0.3694 -0.8823 0.9874 -1.0000
11.8136 1.6036 -0.3750 -0.8833 0.9862 -1.0000
11.8231 1.5700 -0.3767 -0.8809 0.9771 -0.9908
11.8313 1.5633 -0.3691 -0.8754 0.9628 -0.9776
11.8408 1.5645 -0.3545 -0.8686 0.9505 -0.9621
11.8503 1.5658 -0.3436 -0.8619 0.9370 -0.9389
11.8612 1.5634 -0.3381 -0.8584 0.9321 -0.9303
11.8707 1.5589 -0.3358 -0.8572 0.9308 -0.9279
11.8803 1.5565 -0.3362 -0.8576 0.9320 -0.9292
11.8898 1.5573 -0.3363 -0.8595 0.9406 -0.9226
11.8980 1.5607 -0.3420 -0.8621 0.9459 -0.9195
11.9075 1.5662 -0.3485 -0.8649 0.9507 -0.9159
11.9184 1.5740 -0.3530 -0.8668 0.9544 -0.9116
11.9279 1.5837 -0.3593 -0.8665 0.9473 -0.9203
11.9374 1.5931 -0.3574 -0.8650 0.9429 -0.9246
11.9469 1.6002 -0.3556 -0.8624 0.9345 -0.9314
11.9565 1.6050 -0.3619 -0.8587 0.8891 -0.9222
11.9660 1.6077 -0.3491 -0.8592 0.9298 -0.9239
11.9769 1.6093 -0.3493 -0.8586 0.9285 -0.9217
11.9864 1.6116 -0.3513 -0.8586 0.9280 -0.9216
11.9959 1.6157 -0.3278 -0.8537 0.9466 -0.9164
12.0054 1.6214 -0.3685 -0.8584 0.9016 -0.9010
12.0163 1.6225 -0.3695 -0.8620 0.9461 -0.8989
12.0259 1.6286 -0.3858 -0.8678 0.9514 -0.8956
12.0354 1.6411 -0.4008 -0.8601 0.9326 -0.8740
12.0449 1.6289 -0.3279 -0.8562 0.9566 -0.9025
12.0544 1.6487 -0.3506 -0.8673 0.9644 -0.9371
12.0639 1.6644 -0.3583 -0.8671 0.9581 -0.9462
12.0748 1.6799 -0.3585 -0.8629 0.9468 -0.9479
12.0844 1.6922 -0.3526 -0.8600 0.9419 -0.9491
12.0952 1.7028 -0.3337 -0.8544 0.9354 -0.9488
12.1048 1.7116 -0.3519 -0.8591 0.9287 -0.9457
12.1156 1.7191 -0.3498 -0.8588 0.9286 -0.9461
12.1265 1.7256 -0.3487 -0.8585 0.9284 -0.9460
12.1374 1.7312 -0.3484 -0.8584 0.9281 -0.9451
12.1469 1.7368 -0.3489 -0.8585 0.9282 -0.9453
12.1578 1.7431 -0.3603 -0.8571 0.8860 -0.9413
12.1687 1.7504 -0.3468 -0.8595 0.9338 -0.9458
12.1796 1.7587 -0.3455 -0.8609 0.9411 -0.9384
12.1905 1.7685 -0.3484 -0.8626 0.9453 -0.9347
12.2014 1.7805 -0.3518 -0.8645 0.9497 -0.9313
12.2122 1.7924 -0.3568 -0.8658 0.9504 -0.9314
12.2231 1.8019 -0.3597 -0.8662 0.9501 -0.9301
12.2340 1.8084 -0.3578 -0.8653 0.9503 -0.9393
12.2449 1.8118 -0.3501 -0.8629 0.9514 -0.9598
12.2558 1.8121 -0.3518 -0.8583 0.9089 -0.9728
12.2680 1.8091 -0.3344 -0.8580 0.9487 -0.9742
12.2789 1.8026 -0.3298 -0.8563 0.9461 -0.9697
12.2898 1.7925 -0.3270 -0.8550 0.9440 -0.9660
12.3007 1.7792 -0.3256 -0.8541 0.9426 -0.9644
12.3116 1.7629 -0.3251 -0.8539 0.9425 -0.9654
12.3224 1.7527 -0.3256 -0.8545 0.9441 -0.9686
12.3320 1.7474 -0.3397 -0.8546 0.9029 -0.9566
12.3429 1.7462 -0.3346 -0.8585 0.9482 -0.9573
12.3537 1.7479 -0.3441 -0.8619 0.9493 -0.9411
12.3646 1.7524 -0.3516 -0.8652 0.9533 -0.9475
12.3755 1.7582 -0.3556 -0.8677 0.9601 -0.9763
12.3864 1.7627 -0.3587 -0.8700 0.9652 -0.9938
12.3973 1.7644 -0.3604 -0.8717 0.9699 -1.0000
12.4068 1.7632 -0.3632 -0.8734 0.9722 -1.0000
12.4177 1.7592 -0.3660 -0.8748 0.9740 -1.0000
12.4286 1.7526 -0.3797 -0.8739 0.9331 -1.0000
12.4395 1.7436 -0.3695 -0.8772 0.9771 -1.0000
12.4503 1.7330 -0.3706 -0.8779 0.9778 -1.0000
12.4612 1.7227 -0.3711 -0.8779 0.9775 -1.0000
12.4707 1.7163 -0.3812 -0.8741 0.9329 -1.0000
12.4816 1.7110 -0.3691 -0.8757 0.9737 -1.0000
12.4925 1.7095 -0.3704 -0.8741 0.9666 -0.9845
12.5020 1.7109 -0.3787 -0.8691 0.9176 -0.9600
12.5129 1.7152 -0.3664 -0.8676 0.9463 -0.9456
12.5238 1.7213 -0.3592 -0.8636 0.9387 -0.9437
12.5333 1.7266 -0.3551 -0.8599 0.9292 -0.9474
