x y
9.2771 8.9960
9.2315 9.0018
9.1858 9.0070
9.1400 9.0116
9.0942 9.0156
9.0483 9.0190
9.0024 9.0217
8.9565 9.0237
8.9105 9.0251
8.8646 9.0258
8.8186 9.0258
8.7726 9.0252
8.7266 9.0240
8.6807 9.0223
8.6347 9.0200
8.5888 9.0172
8.5430 9.0138
8.4972 9.0100
8.4514 9.0057
8.4056 9.0009
8.3600 8.9956
8.3143 8.9899
8.2688 8.9837
8.2233 8.9771
8.1778 8.9701
8.1324 8.9627
8.0871 8.9549
8.0418 8.9467
7.9967 8.9382
7.9515 8.9293
7.9065 8.9201
7.8615 8.9105
7.8166 8.9007
7.7717 8.8905
7.7269 8.8801
7.6822 8.8694
7.6375 8.8585
7.5929 8.8473
7.5484 8.8358
7.5039 8.8242
7.4595 8.8124
7.4151 8.8003
7.3708 8.7881
7.3265 8.7757
7.2822 8.7631
7.2380 8.7504
7.1939 8.7375
7.1498 8.7246
7.1057 8.7115
7.0616 8.6983
7.0176 8.6849
6.9736 8.6715
6.9297 8.6581
6.8857 8.6445
6.8418 8.6309
6.7979 8.6173
6.7539 8.6036
6.7101 8.5899
6.6662 8.5762
6.6223 8.5624
6.5784 8.5486
6.5345 8.5349
6.4906 8.5211
6.4468 8.5074
6.4029 8.4937
6.3590 8.4800
6.3150 8.4663
6.2711 8.4527
6.2272 8.4391
6.1832 8.4256
6.1393 8.4121
6.0953 8.3986
6.0513 8.3853
6.0073 8.3720
5.9632 8.3587
5.9192 8.3456
5.8751 8.3325
5.8310 8.3195
5.7868 8.3065
5.7427 8.2937
5.6985 8.2810
5.6543 8.2683
5.6100 8.2558
5.5658 8.2433
5.5215 8.2309
5.4772 8.2187
5.4328 8.2065
5.3884 8.1944
5.3440 8.1824
5.2996 8.1706
5.2551 8.1588
5.2107 8.1471
5.1662 8.1356
5.1216 8.1241
5.0771 8.1127
5.0325 8.1014
4.9879 8.0902
4.9433 8.0791
4.8986 8.0681
4.8539 8.0572
4.8092 8.0464
4.7645 8.0356
4.7198 8.0250
4.6750 8.0144
4.6303 8.0038
4.5855 7.9934
4.5407 7.9830
4.4959 7.9727
4.4511 7.9624
4.4062 7.9522
4.3614 7.9420
4.3165 7.9319
4.2716 7.9218
4.2268 7.9118
4.1819 7.9018
4.1370 7.8918
4.0921 7.8818
4.0472 7.8719
4.0023 7.8619
3.9574 7.8520
3.9125 7.8420
3.8676 7.8321
3.8227 7.8221
3.7778 7.8121
3.7329 7.8020
3.6881 7.7920
3.6432 7.7819
3.5983 7.7717
3.5535 7.7615
3.5087 7.7512
3.4639 7.7409
3.4191 7.7304
3.3743 7.7199
3.3296 7.7093
3.2849 7.6986
3.2402 7.6878
3.1955 7.6768
3.1508 7.6658
3.1062 7.6546
3.0617 7.6433
3.0171 7.6318
2.9726 7.6202
2.9282 7.6084
2.8838 7.5964
2.8394 7.5843
2.7951 7.5720
2.7509 7.5595
2.7067 7.5468
2.6625 7.5339
2.6185 7.5208
2.5744 7.5074
2.5305 7.4938
2.4866 7.4800
2.4428 7.4660
2.3991 7.4517
2.3555 7.4372
2.3120 7.4224
2.2685 7.4073
2.2252 7.3919
2.1819 7.3763
2.1388 7.3604
2.0957 7.3442
2.0528 7.3277
2.0100 7.3108
1.9673 7.2937
1.9248 7.2763
1.8824 7.2585
1.8401 7.2404
1.7980 7.2220
1.7560 7.2033
1.7141 7.1842
1.6724 7.1647
1.6309 7.1450
1.5896 7.1248
1.5484 7.1044
1.5074 7.0835
1.4666 7.0623
1.4260 7.0408
1.3855 7.0189
1.3453 6.9966
1.3053 6.9740
1.2654 6.9510
1.2258 6.9277
1.1864 6.9040
1.1472 6.8799
1.1083 6.8554
1.0695 6.8306
1.0310 6.8055
0.9928 6.7800
0.9548 6.7541
0.9170 6.7279
0.8795 6.7013
0.8422 6.6744
0.8051 6.6471
0.7684 6.6195
0.7318 6.5916
0.6956 6.5633
0.6595 6.5347
0.6238 6.5058
0.5883 6.4765
0.5531 6.4470
0.5181 6.4171
0.4835 6.3869
0.4491 6.3564
0.4149 6.3255
0.3811 6.2944
0.3475 6.2630
0.3142 6.2312
0.2813 6.1992
0.2486 6.1669
0.2162 6.1342
0.1841 6.1013
0.1523 6.0680
0.1208 6.0345
0.0897 6.0006
0.0589 5.9665
0.0284 5.9321
-0.0017 5.8973
-0.0315 5.8623
-0.0609 5.8269
-0.0900 5.7913
-0.1186 5.7554
-0.1470 5.7191
-0.1749 5.6826
-0.2024 5.6457
-0.2295 5.6086
-0.2563 5.5712
-0.2826 5.5335
-0.3085 5.4955
-0.3340 5.4572
-0.3590 5.4186
-0.3837 5.3798
-0.4078 5.3407
-0.4316 5.3013
-0.4549 5.2617
-0.4777 5.2217
-0.5001 5.1816
-0.5221 5.1412
-0.5436 5.1005
-0.5646 5.0596
-0.5851 5.0185
-0.6052 4.9771
-0.6249 4.9355
-0.6440 4.8937
-0.6627 4.8517
-0.6810 4.8095
-0.6987 4.7671
-0.7160 4.7245
-0.7329 4.6817
-0.7492 4.6387
-0.7651 4.5956
-0.7806 4.5522
-0.7956 4.5088
-0.8101 4.4651
-0.8242 4.4214
-0.8379 4.3775
-0.8511 4.3334
-0.8639 4.2892
-0.8762 4.2449
-0.8881 4.2005
-0.8996 4.1560
-0.9106 4.1113
-0.9213 4.0666
-0.9315 4.0218
-0.9412 3.9768
-0.9506 3.9318
-0.9596 3.8867
-0.9681 3.8415
-0.9762 3.7962
-0.9839 3.7509
-0.9912 3.7055
-0.9981 3.6600
-1.0046 3.6145
-1.0106 3.5689
-1.0163 3.5233
-1.0215 3.4776
-1.0263 3.4318
-1.0306 3.3861
-1.0346 3.3402
-1.0381 3.2944
-1.0413 3.2485
-1.0440 3.2026
-1.0462 3.1567
-1.0481 3.1107
-1.0496 3.0648
-1.0506 3.0188
-1.0512 2.9728
-1.0514 2.9268
-1.0512 2.8808
-1.0506 2.8348
-1.0496 2.7889
-1.0482 2.7429
-1.0464 2.6970
-1.0442 2.6510
-1.0416 2.6051
-1.0387 2.5592
-1.0353 2.5134
-1.0315 2.4675
-1.0274 2.4217
-1.0229 2.3759
-1.0181 2.3302
-1.0128 2.2845
-1.0073 2.2389
-1.0013 2.1933
-0.9950 2.1477
-0.9884 2.1022
-0.9815 2.0568
-0.9742 2.0113
-0.9666 1.9660
-0.9587 1.9207
-0.9504 1.8754
-0.9419 1.8303
-0.9331 1.7851
-0.9240 1.7401
-0.9146 1.6950
-0.9049 1.6501
-0.8949 1.6052
-0.8847 1.5603
-0.8743 1.5156
-0.8635 1.4708
-0.8526 1.4262
-0.8414 1.3816
-0.8299 1.3370
-0.8183 1.2925
-0.8064 1.2481
-0.7944 1.2037
-0.7821 1.1594
-0.7696 1.1151
-0.7570 1.0709
-0.7441 1.0268
-0.7311 0.9827
-0.7179 0.9386
-0.7046 0.8946
-0.6911 0.8506
-0.6775 0.8067
-0.6637 0.7628
-0.6498 0.7190
-0.6357 0.6752
-0.6216 0.6315
-0.6073 0.5878
-0.5929 0.5441
-0.5784 0.5004
-0.5638 0.4568
-0.5491 0.4132
-0.5344 0.3697
-0.5195 0.3262
-0.5046 0.2827
-0.4896 0.2392
-0.4745 0.1957
-0.4594 0.1523
-0.4442 0.1089
-0.4290 0.0655
-0.4138 0.0221
-0.3985 -0.0212
-0.3831 -0.0646
-0.3677 -0.1079
-0.3523 -0.1513
-0.3369 -0.1946
-0.3215 -0.2379
-0.3060 -0.2812
-0.2906 -0.3245
-0.2751 -0.3679
-0.2596 -0.4112
-0.2441 -0.4545
-0.2287 -0.4978
-0.2132 -0.5411
-0.1977 -0.5844
-0.1823 -0.6277
-0.1668 -0.6710
-0.1514 -0.7143
-0.1360 -0.7577
-0.1206 -0.8010
-0.1052 -0.8443
-0.0898 -0.8877
-0.0745 -0.9310
-0.0591 -0.9744
-0.0438 -1.0177
-0.0286 -1.0611
-0.0133 -1.1045
0.0020 -1.1479
0.0172 -1.1913
0.0324 -1.2347
0.0476 -1.2781
0.0627 -1.3215
0.0779 -1.3649
0.0930 -1.4084
0.1081 -1.4518
0.1232 -1.4952
0.1384 -1.5387
0.1535 -1.5821
0.1686 -1.6255
0.1837 -1.6690
0.1988 -1.7124
0.2139 -1.7558
0.2290 -1.7993
0.2442 -1.8427
0.2593 -1.8861
0.2745 -1.9295
0.2898 -1.9729
0.3051 -2.0163
0.3204 -2.0596
0.3358 -2.1030
0.3512 -2.1463
0.3667 -2.1896
0.3823 -2.2329
0.3979 -2.2761
0.4136 -2.3193
0.4295 -2.3625
0.4454 -2.4056
0.4614 -2.4487
0.4776 -2.4918
0.4939 -2.5348
0.5103 -2.5777
0.5269 -2.6206
0.5436 -2.6635
0.5605 -2.7062
0.5776 -2.7489
0.5949 -2.7916
0.6123 -2.8341
0.6300 -2.8766
0.6479 -2.9189
0.6660 -2.9612
0.6843 -3.0034
0.7029 -3.0454
0.7218 -3.0874
0.7409 -3.1292
0.7604 -3.1709
0.7801 -3.2124
0.8001 -3.2538
0.8204 -3.2951
0.8411 -3.3362
0.8621 -3.3771
0.8835 -3.4178
0.9052 -3.4583
0.9273 -3.4987
0.9497 -3.5388
0.9726 -3.5787
0.9959 -3.6184
1.0196 -3.6578
1.0437 -3.6969
1.0682 -3.7358
1.0932 -3.7745
1.1186 -3.8128
1.1445 -3.8508
1.1708 -3.8885
1.1976 -3.9258
1.2250 -3.9628
1.2527 -3.9995
1.2810 -4.0357
1.3098 -4.0716
1.3391 -4.1071
1.3689 -4.1421
1.3993 -4.1766
1.4301 -4.2107
1.4615 -4.2443
1.4934 -4.2775
1.5259 -4.3100
1.5589 -4.3421
1.5924 -4.3735
1.6265 -4.4044
1.6612 -4.4346
1.6964 -4.4643
1.7321 -4.4932
1.7684 -4.5215
1.8052 -4.5490
1.8426 -4.5758
1.8805 -4.6018
1.9189 -4.6271
1.9579 -4.6515
1.9974 -4.6750
2.0374 -4.6977
2.0780 -4.7195
2.1190 -4.7403
2.1604 -4.7601
2.2024 -4.7790
2.2448 -4.7968
2.2876 -4.8136
2.3308 -4.8293
2.3744 -4.8439
2.4184 -4.8574
2.4627 -4.8697
2.5073 -4.8809
2.5522 -4.8908
2.5974 -4.8994
2.6428 -4.9069
2.6884 -4.9130
2.7341 -4.9178
2.7799 -4.9214
2.8259 -4.9235
2.8719 -4.9244
2.9178 -4.9238
2.9638 -4.9219
3.0097 -4.9187
3.0554 -4.9140
3.1010 -4.9080
3.1464 -4.9005
3.1915 -4.8917
3.2363 -4.8816
3.2809 -4.8700
3.3250 -4.8571
3.3687 -4.8429
3.4120 -4.8273
3.4547 -4.8104
3.4970 -4.7922
3.5386 -4.7727
3.5796 -4.7519
3.6200 -4.7299
3.6597 -4.7067
3.6986 -4.6823
3.7369 -4.6567
3.7743 -4.6300
3.8109 -4.6021
3.8466 -4.5732
3.8815 -4.5433
3.9155 -4.5123
3.9486 -4.4804
3.9808 -4.4475
4.0120 -4.4138
4.0422 -4.3792
4.0715 -4.3437
4.0998 -4.3074
4.1271 -4.2704
4.1533 -4.2327
4.1786 -4.1943
4.2028 -4.1552
4.2260 -4.1155
4.2481 -4.0752
4.2692 -4.0343
4.2893 -3.9930
4.3084 -3.9511
4.3265 -3.9089
4.3435 -3.8662
4.3596 -3.8231
4.3746 -3.7796
4.3887 -3.7358
4.4018 -3.6918
4.4139 -3.6474
4.4250 -3.6028
4.4352 -3.5580
4.4445 -3.5129
4.4528 -3.4677
4.4602 -3.4223
4.4668 -3.3768
4.4724 -3.3312
4.4772 -3.2854
4.4811 -3.2396
4.4842 -3.1937
4.4865 -3.1478
4.4880 -3.1019
4.4886 -3.0559
4.4886 -3.0099
4.4877 -2.9639
4.4862 -2.9180
4.4839 -2.8720
4.4809 -2.8261
4.4772 -2.7803
4.4728 -2.7345
4.4678 -2.6888
4.4621 -2.6432
4.4559 -2.5976
4.4490 -2.5522
4.4415 -2.5068
4.4334 -2.4615
4.4248 -2.4164
4.4157 -2.3713
4.4060 -2.3263
4.3958 -2.2815
4.3852 -2.2368
4.3740 -2.1921
4.3624 -2.1476
4.3504 -2.1033
4.3379 -2.0590
4.3250 -2.0149
4.3117 -1.9708
4.2980 -1.9269
4.2839 -1.8831
4.2695 -1.8395
4.2548 -1.7959
4.2397 -1.7525
4.2243 -1.7092
4.2086 -1.6659
4.1926 -1.6228
4.1763 -1.5798
4.1597 -1.5369
4.1429 -1.4941
4.1259 -1.4514
4.1086 -1.4088
4.0911 -1.3662
4.0734 -1.3238
4.0555 -1.2814
4.0375 -1.2391
4.0193 -1.1969
4.0009 -1.1547
3.9824 -1.1126
3.9638 -1.0706
3.9450 -1.0286
3.9261 -0.9867
3.9071 -0.9448
3.8881 -0.9029
3.8689 -0.8611
3.8497 -0.8193
3.8305 -0.7776
3.8111 -0.7359
3.7918 -0.6941
3.7724 -0.6524
3.7531 -0.6107
3.7337 -0.5690
3.7143 -0.5273
3.6950 -0.4856
3.6756 -0.4439
3.6563 -0.4021
3.6371 -0.3603
3.6179 -0.3185
3.5988 -0.2767
3.5798 -0.2348
3.5608 -0.1929
3.5420 -0.1510
3.5232 -0.1090
3.5046 -0.0669
3.4861 -0.0248
3.4678 0.0173
3.4496 0.0596
3.4316 0.1019
3.4137 0.1442
3.3960 0.1867
3.3785 0.2292
3.3612 0.2718
3.3441 0.3145
3.3272 0.3573
3.3106 0.4002
3.2942 0.4431
3.2780 0.4862
3.2621 0.5293
3.2464 0.5726
3.2311 0.6159
3.2160 0.6593
3.2012 0.7029
3.1867 0.7465
3.1726 0.7903
3.1587 0.8341
3.1452 0.8781
3.1320 0.9222
3.1192 0.9663
3.1068 1.0106
3.0947 1.0550
3.0830 1.0994
3.0717 1.1440
3.0607 1.1887
3.0502 1.2334
3.0401 1.2783
3.0304 1.3233
3.0212 1.3683
3.0124 1.4134
3.0040 1.4587
2.9961 1.5040
2.9886 1.5493
2.9817 1.5948
2.9752 1.6403
2.9692 1.6859
2.9637 1.7316
2.9587 1.7773
2.9542 1.8230
2.9502 1.8689
2.9468 1.9147
2.9438 1.9606
2.9415 2.0065
2.9397 2.0525
2.9384 2.0984
2.9378 2.1444
2.9377 2.1904
2.9382 2.2364
2.9393 2.2824
2.9410 2.3283
2.9433 2.3742
2.9462 2.4201
2.9498 2.4660
2.9540 2.5118
2.9588 2.5575
2.9643 2.6032
2.9704 2.6487
2.9772 2.6942
2.9847 2.7396
2.9929 2.7848
3.0018 2.8299
3.0114 2.8749
3.0217 2.9197
3.0327 2.9644
3.0444 3.0088
3.0569 3.0531
3.0702 3.0971
3.0841 3.1409
3.0989 3.1845
3.1144 3.2278
3.1306 3.2708
3.1477 3.3135
3.1655 3.3559
3.1841 3.3979
3.2035 3.4396
3.2238 3.4809
3.2448 3.5218
3.2666 3.5623
3.2892 3.6023
3.3126 3.6419
3.3368 3.6809
3.3619 3.7195
3.3877 3.7575
3.4144 3.7950
3.4419 3.8318
3.4702 3.8681
3.4993 3.9037
3.5291 3.9386
3.5598 3.9729
3.5913 4.0064
3.6235 4.0392
3.6565 4.0712
3.6903 4.1024
3.7248 4.1328
3.7600 4.1623
3.7959 4.1910
3.8326 4.2188
3.8699 4.2457
3.9079 4.2716
3.9465 4.2965
3.9857 4.3205
4.0256 4.3434
4.0660 4.3653
4.1070 4.3861
4.1485 4.4058
4.1905 4.4245
4.2331 4.4420
4.2760 4.4584
4.3194 4.4736
4.3632 4.4876
4.4073 4.5005
4.4518 4.5122
4.4965 4.5226
4.5416 4.5318
4.5869 4.5399
4.6323 4.5466
4.6780 4.5521
4.7237 4.5564
4.7696 4.5594
4.8156 4.5612
4.8615 4.5617
4.9075 4.5610
4.9534 4.5590
4.9993 4.5558
5.0450 4.5513
5.0907 4.5456
5.1361 4.5387
5.1814 4.5306
5.2264 4.5212
5.2711 4.5107
5.3156 4.4990
5.3597 4.4861
5.4035 4.4721
5.4469 4.4570
5.4899 4.4407
5.5325 4.4234
5.5747 4.4050
5.6163 4.3855
5.6575 4.3651
5.6981 4.3436
5.7383 4.3211
5.7778 4.2977
5.8168 4.2734
5.8552 4.2481
5.8931 4.2219
5.9303 4.1949
5.9668 4.1670
6.0028 4.1384
6.0380 4.1089
6.0727 4.0787
6.1067 4.0477
6.1400 4.0160
6.1726 3.9836
6.2046 3.9505
6.2359 3.9169
6.2665 3.8825
6.2964 3.8476
6.3256 3.8121
6.3541 3.7761
6.3820 3.7395
6.4091 3.7024
6.4356 3.6648
6.4614 3.6267
6.4865 3.5881
6.5109 3.5492
6.5346 3.5098
6.5577 3.4700
6.5801 3.4299
6.6018 3.3893
6.6229 3.3485
6.6433 3.3072
6.6631 3.2657
6.6822 3.2239
6.7007 3.1818
6.7185 3.1394
6.7357 3.0968
6.7524 3.0539
6.7684 3.0108
6.7838 2.9675
6.7986 2.9240
6.8129 2.8802
6.8266 2.8363
6.8398 2.7923
6.8524 2.7481
6.8644 2.7037
6.8760 2.6592
6.8870 2.6145
6.8976 2.5698
6.9076 2.5249
6.9172 2.4799
6.9263 2.4348
6.9350 2.3897
6.9433 2.3444
6.9511 2.2991
6.9585 2.2537
6.9655 2.2083
6.9721 2.1628
6.9784 2.1172
6.9842 2.0716
6.9898 2.0260
6.9950 1.9803
6.9999 1.9345
7.0045 1.8888
7.0089 1.8430
7.0129 1.7972
7.0167 1.7514
7.0203 1.7055
7.0236 1.6597
7.0268 1.6138
7.0297 1.5679
7.0325 1.5220
7.0351 1.4761
7.0375 1.4301
7.0398 1.3842
7.0420 1.3383
7.0441 1.2923
7.0461 1.2464
7.0480 1.2004
7.0499 1.1545
7.0517 1.1085
7.0535 1.0626
7.0552 1.0166
7.0570 0.9707
7.0588 0.9247
7.0606 0.8788
7.0625 0.8328
7.0644 0.7869
7.0665 0.7409
7.0686 0.6950
7.0708 0.6491
7.0731 0.6031
7.0756 0.5572
7.0782 0.5113
7.0810 0.4654
7.0839 0.4195
7.0871 0.3736
7.0905 0.3278
7.0941 0.2819
7.0979 0.2361
7.1020 0.1903
7.1063 0.1445
7.1109 0.0988
7.1158 0.0530
7.1211 0.0073
7.1266 -0.0383
7.1325 -0.0839
7.1387 -0.1295
7.1453 -0.1750
7.1522 -0.2205
7.1595 -0.2659
7.1673 -0.3112
7.1754 -0.3565
7.1839 -0.4017
7.1929 -0.4468
7.2022 -0.4918
7.2121 -0.5367
7.2224 -0.5815
7.2331 -0.6262
7.2443 -0.6708
7.2560 -0.7153
7.2682 -0.7596
7.2809 -0.8039
7.2941 -0.8479
7.3077 -0.8918
7.3219 -0.9356
7.3367 -0.9791
7.3519 -1.0225
7.3676 -1.0657
7.3839 -1.1087
7.4007 -1.1515
7.4181 -1.1941
7.4360 -1.2365
7.4544 -1.2786
7.4734 -1.3205
7.4929 -1.3621
7.5130 -1.4035
7.5336 -1.4446
7.5548 -1.4854
7.5765 -1.5260
7.5988 -1.5662
7.6216 -1.6061
7.6450 -1.6457
7.6689 -1.6850
7.6933 -1.7239
7.7184 -1.7625
7.7439 -1.8008
7.7700 -1.8386
7.7966 -1.8761
7.8238 -1.9132
7.8515 -1.9499
7.8798 -1.9862
7.9085 -2.0221
7.9378 -2.0575
7.9677 -2.0925
7.9980 -2.1271
8.0289 -2.1612
8.0602 -2.1948
8.0921 -2.2280
8.1245 -2.2606
8.1573 -2.2928
8.1906 -2.3245
8.2244 -2.3557
8.2587 -2.3864
8.2934 -2.4165
8.3286 -2.4462
8.3642 -2.4752
8.4002 -2.5038
8.4367 -2.5318
8.4736 -2.5593
8.5109 -2.5861
8.5486 -2.6125
8.5867 -2.6382
8.6252 -2.6634
8.6640 -2.6880
8.7033 -2.7120
8.7428 -2.7355
8.7827 -2.7583
8.8230 -2.7806
8.8635 -2.8023
8.9044 -2.8234
8.9455 -2.8439
8.9870 -2.8639
9.0287 -2.8832
9.0707 -2.9020
9.1129 -2.9201
9.1554 -2.9377
9.1981 -2.9547
9.2411 -2.9711
9.2843 -2.9870
9.3277 -3.0022
9.3712 -3.0169
9.4150 -3.0310
9.4590 -3.0445
9.5031 -3.0575
9.5474 -3.0699
9.5918 -3.0817
9.6364 -3.0930
9.6811 -3.1037
9.7260 -3.1138
9.7709 -3.1235
9.8160 -3.1325
9.8612 -3.1411
9.9065 -3.1491
9.9519 -3.1566
9.9973 -3.1635
10.0429 -3.1699
10.0885 -3.1759
10.1341 -3.1813
10.1799 -3.1862
10.2256 -3.1906
10.2715 -3.1945
10.3173 -3.1979
10.3632 -3.2008
10.4091 -3.2033
10.4551 -3.2052
10.5010 -3.2068
10.5470 -3.2078
10.5930 -3.2084
10.6390 -3.2085
10.6850 -3.2082
10.7310 -3.2074
10.7769 -3.2062
10.8229 -3.2046
10.8688 -3.2026
10.9148 -3.2001
10.9607 -3.1972
11.0065 -3.1939
11.0524 -3.1902
11.0982 -3.1862
11.1439 -3.1817
11.1897 -3.1769
11.2354 -3.1717
11.2810 -3.1661
11.3266 -3.1602
11.3722 -3.1540
11.4177 -3.1474
11.4632 -3.1404
11.5086 -3.1332
11.5539 -3.1256
11.5992 -3.1177
11.6445 -3.1096
11.6897 -3.1011
11.7348 -3.0923
11.7799 -3.0833
11.8250 -3.0740
11.8699 -3.0644
11.9149 -3.0546
11.9597 -3.0445
12.0046 -3.0342
12.0493 -3.0237
12.0940 -3.0129
12.1387 -3.0020
12.1833 -2.9908
12.2279 -2.9795
12.2724 -2.9679
12.3169 -2.9562
12.3613 -2.9443
12.4057 -2.9323
12.4500 -2.9201
12.4943 -2.9077
12.5386 -2.8953
12.5828 -2.8827
12.6270 -2.8699
12.6712 -2.8571
12.7153 -2.8442
12.7594 -2.8311
12.8035 -2.8180
12.8475 -2.8048
12.8915 -2.7915
12.9355 -2.7781
12.9795 -2.7647
13.0235 -2.7512
13.0674 -2.7376
13.1114 -2.7241
13.1553 -2.7104
13.1992 -2.6968
13.2431 -2.6831
13.2870 -2.6694
13.3309 -2.6557
13.3748 -2.6420
13.4187 -2.6283
13.4626 -2.6146
13.5065 -2.6009
13.5504 -2.5872
13.5943 -2.5735
13.6382 -2.5599
13.6821 -2.5462
13.7261 -2.5326
13.7700 -2.5191
13.8140 -2.5056
13.8579 -2.4921
13.9019 -2.4787
13.9459 -2.4653
13.9899 -2.4519
14.0340 -2.4386
14.0780 -2.4254
14.1221 -2.4122
14.1661 -2.3990
14.2102 -2.3859
14.2543 -2.3729
14.2984 -2.3599
14.3425 -2.3469
14.3867 -2.3340
14.4308 -2.3211
14.4750 -2.3082
14.5191 -2.2954
14.5633 -2.2826
14.6075 -2.2698
14.6516 -2.2570
14.6958 -2.2442
14.7400 -2.2314
14.7841 -2.2186
14.8283 -2.2057
14.8724 -2.1928
14.9166 -2.1798
14.9607 -2.1668
15.0047 -2.1537
15.0488 -2.1405
15.0928 -2.1271
15.1368 -2.1136
15.1807 -2.1000
15.2245 -2.0862
15.2683 -2.0721
15.3120 -2.0579
15.3557 -2.0434
15.3992 -2.0286
15.4427 -2.0135
15.4860 -1.9980
15.5292 -1.9822
15.5722 -1.9661
15.6151 -1.9495
15.6578 -1.9324
15.7003 -1.9149
15.7426 -1.8969
15.7847 -1.8783
15.8265 -1.8591
15.8681 -1.8394
15.9093 -1.8190
15.9502 -1.7979
15.9907 -1.7761
16.0308 -1.7536
16.0704 -1.7303
16.1096 -1.7063
16.1483 -1.6814
16.1864 -1.6556
16.2239 -1.6290
16.2607 -1.6014
16.2968 -1.5730
16.3322 -1.5435
16.3667 -1.5132
16.4003 -1.4818
16.4330 -1.4495
16.4647 -1.4161
16.4953 -1.3818
16.5248 -1.3465
16.5530 -1.3102
16.5799 -1.2729
16.6055 -1.2347
16.6296 -1.1955
16.6521 -1.1554
16.6731 -1.1145
16.6924 -1.0728
16.7099 -1.0303
16.7256 -0.9871
16.7395 -0.9432
16.7514 -0.8988
16.7613 -0.8539
16.7692 -0.8086
16.7750 -0.7630
16.7786 -0.7172
16.7802 -0.6713
16.7795 -0.6253
16.7767 -0.5794
16.7718 -0.5337
16.7646 -0.4883
16.7553 -0.4433
16.7438 -0.3988
16.7302 -0.3549
16.7145 -0.3117
16.6968 -0.2693
16.6770 -0.2279
16.6553 -0.1873
16.6317 -0.1479
16.6063 -0.1096
16.5791 -0.0726
16.5502 -0.0369
16.5197 -0.0025
16.4877 0.0304
16.4542 0.0619
16.4193 0.0918
16.3832 0.1202
16.3458 0.1470
16.3074 0.1722
16.2680 0.1958
16.2276 0.2178
16.1864 0.2381
16.1444 0.2568
16.1017 0.2739
16.0585 0.2894
16.0147 0.3034
15.9704 0.3157
15.9257 0.3265
15.8807 0.3358
15.8354 0.3437
15.7899 0.3500
15.7442 0.3549
15.6983 0.3584
15.6524 0.3606
15.6065 0.3614
15.5605 0.3609
15.5145 0.3592
15.4687 0.3563
15.4229 0.3521
15.3772 0.3469
15.3317 0.3405
15.2863 0.3331
15.2411 0.3247
15.1961 0.3154
15.1513 0.3051
15.1066 0.2940
15.0622 0.2820
15.0181 0.2693
14.9741 0.2558
14.9303 0.2417
14.8868 0.2268
14.8435 0.2114
14.8004 0.1953
14.7575 0.1787
14.7149 0.1615
14.6724 0.1439
14.6302 0.1258
14.5881 0.1072
14.5462 0.0882
14.5045 0.0689
14.4629 0.0492
14.4215 0.0292
14.3803 0.0088
14.3391 -0.0118
14.2982 -0.0326
14.2573 -0.0537
14.2165 -0.0750
14.1759 -0.0965
14.1353 -0.1182
14.0949 -0.1400
14.0545 -0.1620
14.0141 -0.1841
13.9739 -0.2063
13.9337 -0.2286
13.8935 -0.2511
13.8534 -0.2735
13.8133 -0.2961
13.7733 -0.3187
13.7332 -0.3413
13.6932 -0.3640
13.6532 -0.3867
13.6132 -0.4094
13.5732 -0.4321
13.5332 -0.4548
13.4932 -0.4774
13.4532 -0.5001
13.4132 -0.5227
13.3731 -0.5453
13.3331 -0.5679
13.2930 -0.5904
13.2528 -0.6129
13.2127 -0.6353
13.1725 -0.6577
13.1323 -0.6800
13.0920 -0.7022
13.0517 -0.7244
13.0114 -0.7465
12.9710 -0.7685
12.9306 -0.7904
12.8901 -0.8122
12.8496 -0.8340
12.8090 -0.8556
12.7684 -0.8771
12.7277 -0.8985
12.6869 -0.9198
12.6461 -0.9410
12.6052 -0.9620
12.5642 -0.9829
12.5232 -1.0037
12.4821 -1.0243
12.4409 -1.0447
12.3996 -1.0650
12.3583 -1.0852
12.3168 -1.1051
12.2753 -1.1249
12.2337 -1.1444
12.1919 -1.1637
12.1501 -1.1828
12.1081 -1.2016
12.0660 -1.2201
12.0238 -1.2384
11.9815 -1.2563
11.9390 -1.2739
11.8964 -1.2911
11.8536 -1.3080
11.8106 -1.3244
11.7675 -1.3404
11.7242 -1.3560
11.6808 -1.3710
11.6371 -1.3855
11.5933 -1.3994
11.5493 -1.4126
11.5050 -1.4253
11.4606 -1.4372
11.4160 -1.4483
11.3712 -1.4586
11.3262 -1.4681
11.2810 -1.4767
11.2357 -1.4843
11.1902 -1.4908
11.1445 -1.4963
11.0988 -1.5006
11.0529 -1.5037
11.0070 -1.5055
10.9610 -1.5060
10.9150 -1.5051
10.8691 -1.5028
10.8233 -1.4989
10.7777 -1.4934
10.7322 -1.4864
10.6871 -1.4776
10.6424 -1.4671
10.5981 -1.4548
10.5543 -1.4407
10.5112 -1.4248
10.4689 -1.4070
10.4273 -1.3873
10.3868 -1.3657
10.3472 -1.3422
10.3089 -1.3169
10.2719 -1.2897
10.2362 -1.2606
10.2021 -1.2298
10.1697 -1.1973
10.1389 -1.1631
10.1101 -1.1273
10.0832 -1.0901
10.0583 -1.0514
10.0355 -1.0115
10.0150 -0.9704
9.9967 -0.9282
9.9807 -0.8851
9.9670 -0.8412
9.9557 -0.7966
9.9468 -0.7515
9.9404 -0.7059
9.9363 -0.6601
9.9346 -0.6141
9.9354 -0.5682
9.9385 -0.5223
9.9440 -0.4766
9.9518 -0.4313
9.9617 -0.3864
9.9738 -0.3420
9.9880 -0.2982
10.0042 -0.2552
10.0222 -0.2129
10.0422 -0.1714
10.0638 -0.1309
10.0872 -0.0913
10.1121 -0.0526
10.1386 -0.0150
10.1665 0.0215
10.1957 0.0570
10.2262 0.0914
10.2579 0.1247
10.2907 0.1570
10.3246 0.1881
10.3594 0.2181
10.3951 0.2470
10.4317 0.2749
10.4691 0.3017
10.5071 0.3275
10.5459 0.3523
10.5852 0.3761
10.6251 0.3989
10.6655 0.4209
10.7063 0.4420
10.7476 0.4623
10.7893 0.4818
10.8313 0.5005
10.8735 0.5186
10.9161 0.5361
10.9589 0.5529
11.0019 0.5692
11.0450 0.5851
11.0884 0.6005
11.1318 0.6155
11.1754 0.6302
11.2191 0.6446
11.2628 0.6587
11.3067 0.6727
11.3505 0.6865
11.3944 0.7003
11.4383 0.7140
11.4822 0.7277
11.5260 0.7415
11.5699 0.7555
11.6137 0.7695
11.6574 0.7838
11.7010 0.7984
11.7445 0.8132
11.7879 0.8284
11.8312 0.8440
11.8743 0.8600
11.9172 0.8765
11.9600 0.8934
12.0025 0.9110
12.0448 0.9290
12.0868 0.9477
12.1285 0.9670
12.1699 0.9870
12.2110 1.0077
12.2517 1.0291
12.2921 1.0511
12.3320 1.0740
12.3715 1.0976
12.4105 1.1219
12.4490 1.1471
12.4869 1.1730
12.5244 1.1997
12.5612 1.2272
12.5974 1.2555
12.6330 1.2846
12.6680 1.3145
12.7022 1.3452
12.7357 1.3767
12.7685 1.4090
12.8005 1.4420
12.8317 1.4757
12.8621 1.5102
12.8917 1.5454
12.9204 1.5813
12.9482 1.6179
12.9752 1.6551
13.0013 1.6930
13.0265 1.7314
13.0508 1.7705
13.0742 1.8101
13.0967 1.8502
13.1182 1.8908
13.1388 1.9319
13.1584 1.9735
13.1771 2.0155
13.1949 2.0579
13.2117 2.1007
13.2276 2.1439
13.2426 2.1873
13.2566 2.2311
13.2697 2.2752
13.2819 2.3195
13.2931 2.3641
13.3035 2.4089
13.3129 2.4539
13.3215 2.4991
13.3292 2.5444
13.3360 2.5899
13.3420 2.6355
13.3471 2.6812
13.3514 2.7270
13.3548 2.7728
13.3575 2.8187
13.3594 2.8647
13.3605 2.9107
13.3608 2.9566
13.3604 3.0026
13.3593 3.0486
13.3574 3.0945
13.3548 3.1404
13.3516 3.1863
13.3477 3.2321
13.3431 3.2779
13.3379 3.3236
13.3321 3.3692
13.3257 3.4147
13.3187 3.4602
13.3111 3.5055
13.3029 3.5508
13.2943 3.5959
13.2851 3.6410
13.2754 3.6860
13.2652 3.7308
13.2546 3.7755
13.2435 3.8202
13.2320 3.8647
13.2200 3.9091
13.2077 3.9534
13.1949 3.9976
13.1818 4.0417
13.1684 4.0856
13.1546 4.1295
13.1404 4.1733
13.1260 4.2169
13.1112 4.2605
13.0962 4.3039
13.0809 4.3473
13.0653 4.3906
13.0495 4.4337
13.0334 4.4768
13.0172 4.5199
13.0007 4.5628
12.9841 4.6057
12.9672 4.6485
12.9502 4.6912
12.9331 4.7339
12.9158 4.7765
12.8983 4.8190
12.8807 4.8615
12.8630 4.9039
12.8452 4.9463
12.8272 4.9887
12.8092 5.0310
12.7911 5.0732
12.7728 5.1155
12.7546 5.1577
12.7362 5.1998
12.7178 5.2420
12.6993 5.2841
12.6808 5.3262
12.6622 5.3682
12.6436 5.4103
12.6249 5.4523
12.6062 5.4943
12.5875 5.5363
12.5687 5.5783
12.5499 5.6203
12.5311 5.6622
12.5123 5.7042
12.4934 5.7461
12.4745 5.7880
12.4555 5.8300
12.4366 5.8719
12.4176 5.9137
12.3986 5.9556
12.3795 5.9975
12.3604 6.0393
12.3413 6.0811
12.3221 6.1229
12.3029 6.1647
12.2836 6.2065
12.2643 6.2482
12.2449 6.2899
12.2254 6.3315
12.2059 6.3732
12.1863 6.4148
12.1665 6.4563
12.1467 6.4978
12.1268 6.5393
12.1068 6.5807
12.0867 6.6220
12.0664 6.6633
12.0460 6.7045
12.0254 6.7456
12.0047 6.7867
11.9839 6.8277
11.9628 6.8686
11.9416 6.9094
11.9202 6.9501
11.8986 6.9906
11.8767 7.0311
11.8546 7.0715
11.8323 7.1117
11.8098 7.1517
11.7869 7.1916
11.7638 7.2314
11.7404 7.2710
11.7168 7.3104
11.6928 7.3497
11.6685 7.3887
11.6439 7.4275
11.6189 7.4662
11.5936 7.5046
11.5679 7.5427
11.5419 7.5807
11.5156 7.6183
11.4888 7.6557
11.4616 7.6928
11.4341 7.7297
11.4062 7.7662
11.3778 7.8024
11.3491 7.8383
11.3199 7.8738
11.2903 7.9090
11.2603 7.9439
11.2298 7.9783
11.1989 8.0124
11.1676 8.0461
11.1359 8.0793
11.1037 8.1121
11.0710 8.1445
11.0380 8.1765
11.0044 8.2080
10.9705 8.2390
10.9361 8.2695
10.9013 8.2995
10.8660 8.3290
10.8303 8.3580
10.7942 8.3865
10.7577 8.4144
10.7207 8.4418
10.6833 8.4686
10.6455 8.4948
10.6074 8.5204
10.5688 8.5454
10.5298 8.5699
10.4905 8.5937
10.4508 8.6169
10.4107 8.6394
10.3703 8.6613
10.3295 8.6826
10.2884 8.7032
10.2470 8.7231
10.2052 8.7424
10.1632 8.7610
10.1208 8.7790
10.0782 8.7962
10.0353 8.8128
9.9922 8.8287
9.9488 8.8438
9.9051 8.8583
9.8613 8.8721
9.8172 8.8853
9.7729 8.8977
9.7285 8.9094
9.6838 8.9205
9.6391 8.9310
9.5942 8.9409
9.5491 8.9502
9.5040 8.9590
9.4588 8.9674
9.4135 8.9752
9.3681 8.9826
9.3226 8.9896
