x y v
9.2125 9.0034 1.3007
8.7572 9.0307 1.3067
8.2992 9.0145 1.3130
7.8433 8.9497 1.3197
7.3933 8.8404 1.3272
6.9493 8.6995 1.3353
6.5070 8.5440 1.3438
6.0613 8.3891 1.3527
5.6084 8.2457 1.3628
5.1462 8.1196 1.3748
4.6762 8.0065 1.3878
4.2003 7.8988 1.4005
3.7201 7.7902 1.4125
3.2375 7.6742 1.4236
2.7548 7.5437 1.4339
2.2752 7.3902 1.4435
1.8038 7.2045 1.4526
1.3470 6.9783 1.4613
0.9117 6.7074 1.4697
0.5036 6.3922 1.4777
0.1283 6.0348 1.4851
-0.2079 5.6372 1.4920
-0.4973 5.2015 1.4987
-0.7316 4.7313 1.5054
-0.9048 4.2328 1.5124
-1.0165 3.7144 1.5197
-1.0704 3.1841 1.5272
-1.0704 2.6485 1.5348
-1.0196 2.1126 1.5426
-0.9185 1.5809 1.5517
-0.7733 1.0557 1.5625
-0.6020 0.5343 1.5738
-0.4186 0.0129 1.5845
-0.2304 -0.5107 1.5943
-0.0413 -1.0373 1.6033
0.1481 -1.5671 1.6113
0.3412 -2.0982 1.6182
0.5463 -2.6273 1.6239
0.7765 -3.1477 1.6285
1.0493 -3.6486 1.6316
1.3830 -4.1117 1.6334
1.7933 -4.5084 1.6334
2.2850 -4.7963 1.6316
2.8384 -4.9240 1.6286
3.3922 -4.8321 1.6207
3.8850 -4.5564 1.6188
4.2614 -4.1369 1.6178
4.4856 -3.6192 1.6188
4.5582 -3.0583 1.6215
4.5053 -2.4936 1.6251
4.3600 -1.9434 1.6296
4.1518 -1.4115 1.6356
3.9104 -0.8911 1.6430
3.6643 -0.3699 1.6506
3.4318 0.1603 1.6576
3.2286 0.7047 1.6635
3.0719 1.2661 1.6683
2.9802 1.8430 1.6721
2.9721 2.4281 1.6747
3.0660 3.0060 1.6761
3.2788 3.5514 1.6762
3.6207 4.0257 1.6752
4.0847 4.3796 1.6732
4.6367 4.5656 1.6713
5.2221 4.5659 1.7045
5.7892 4.4226 1.6889
6.2447 4.0494 1.6927
6.5818 3.5630 1.6962
6.8185 3.0187 1.6996
6.9691 2.4430 1.7036
7.0446 1.8509 1.7096
7.0751 1.2521 1.7167
7.0993 0.6505 1.7236
7.1470 0.0482 1.7295
7.2448 -0.5498 1.7344
7.4162 -1.1324 1.7384
7.6777 -1.6816 1.7417
8.0356 -2.1746 1.7448
8.4839 -2.5885 1.7478
9.0066 -2.9055 1.7512
9.5813 -3.1180 1.7552
10.1857 -3.2286 1.7598
10.8018 -3.2437 1.7653
11.4166 -3.1912 1.7674
12.0220 -3.0584 1.7755
12.6208 -2.8875 1.7829
13.2177 -2.7019 1.7891
13.8159 -2.5137 1.7940
14.4165 -2.3285 1.7974
15.0177 -2.1419 1.7993
15.6122 -1.9343 1.7993
16.1804 -1.6656 1.7953
16.6459 -1.2529 1.7818
16.8527 -0.6773 1.7630
16.6817 -0.1006 1.7488
16.2273 0.2962 1.7404
15.6400 0.4376 1.7391
15.0388 0.3568 1.7412
14.4729 0.1312 1.7455
13.9364 -0.1627 1.7506
13.4064 -0.4718 1.7550
12.8665 -0.7658 1.7583
12.3170 -1.0437 1.7602
11.7587 -1.3043 1.7601
11.1719 -1.4849 1.7548
10.5659 -1.4590 1.7398
10.0724 -1.1257 1.7199
9.8861 -0.5676 1.7057
10.0821 -0.0200 1.6909
10.5324 0.3644 1.7017
11.0712 0.6167 1.7052
11.6400 0.7998 1.7092
12.2026 1.0034 1.7108
12.7240 1.2949 1.7097
13.1403 1.7200 1.7068
13.3941 2.2578 1.7063
13.4634 2.8488 1.7083
13.3920 3.4424 1.7126
13.2351 4.0214 1.7172
13.0245 4.5851 1.7228
12.7824 5.1387 1.7301
12.5269 5.6892 1.7379
12.2656 6.2399 1.7452
11.9979 6.7902 1.7514
11.7018 7.3278 1.7563
11.3489 7.8313 1.7599
10.9632 8.3114 1.7625
10.5290 8.7372 1.7515
9.9671 8.9831 1.7593
9.3665 9.1190 1.7639
8.7505 9.1576 1.7679
8.1345 9.0963 1.7729
7.5276 8.9634 1.7789
6.9279 8.7924 1.7853
6.3339 8.5943 1.7927
5.7397 8.3883 1.8015
5.1390 8.1911 1.8119
4.5276 8.0159 1.8227
3.9097 7.8500 1.8328
3.2875 7.6874 1.8419
2.6658 7.5114 1.8501
2.0526 7.3000 1.8574
1.4594 7.0317 1.8641
0.8999 6.6949 1.8702
0.3862 6.2884 1.8758
-0.0698 5.8155 1.8809
-0.4537 5.2805 1.8855
-0.7501 4.6907 1.8903
-0.9504 4.0599 1.8956
-1.0575 3.4046 1.9013
-1.0780 2.7389 1.9073
-1.0159 2.0735 1.9140
-0.8753 1.4174 1.9226
-0.6819 0.7713 1.9320
-0.4622 0.1301 1.9409
-0.2325 -0.5107 1.9489
-0.0011 -1.1537 1.9557
0.2311 -1.7987 1.9613
0.4719 -2.4423 1.9655
0.7399 -3.0764 1.9683
1.0632 -3.6845 1.9693
1.4755 -4.2354 1.9679
2.0039 -4.6724 1.9634
2.6424 -4.9118 1.9557
3.3079 -4.8737 1.8091
3.8668 -4.5858 1.8048
4.2781 -4.1119 1.8023
4.5026 -3.5254 1.8023
4.5495 -2.8978 1.8041
4.4552 -2.2739 1.8073
4.2606 -1.6718 1.8120
4.0060 -1.0899 1.8184
3.7331 -0.5136 1.8252
3.4707 0.0700 1.8313
3.2405 0.6690 1.8363
3.0658 1.2879 1.8400
2.9709 1.9247 1.8424
2.9804 2.5688 1.8434
3.1185 3.1977 1.8430
3.4063 3.7723 1.8408
3.8497 4.2351 1.8372
4.4216 4.5196 1.8330
5.0561 4.5779 1.8294
5.6679 4.3970 1.8311
6.1908 4.0312 1.8306
6.5871 3.5299 1.8318
6.8518 2.9469 1.8344
7.0002 2.3225 1.8383
7.0611 1.6811 1.8445
7.0855 1.0349 1.8511
7.1175 0.3868 1.8570
7.1907 -0.2597 1.8617
7.3364 -0.8950 1.8653
7.5792 -1.5006 1.8680
7.9316 -2.0504 1.8702
8.3909 -2.5156 1.8723
8.9394 -2.8727 1.8749
9.5506 -3.1102 1.8782
10.1966 -3.2307 1.8821
10.8578 -3.2386 1.9886
11.5469 -3.1180 2.0035
12.2326 -2.9662 2.0099
12.9129 -2.7835 2.0153
13.5898 -2.5825 2.0194
14.2666 -2.3772 2.0218
14.9446 -2.1739 2.0227
15.6169 -1.9527 2.0217
16.2440 -1.6317 2.0137
16.6953 -1.1048 1.9932
16.7679 -0.4282 1.9686
16.4078 0.1411 1.9523
15.7890 0.4076 1.9458
15.1135 0.3703 1.9451
14.4790 0.1262 1.9489
13.8841 -0.2088 1.9531
13.2977 -0.5612 1.9562
12.7026 -0.9004 1.9577
12.0923 -1.2116 1.9575
11.4541 -1.4575 1.9537
10.7799 -1.5174 1.9386
10.1817 -1.2328 1.9118
9.9104 -0.6415 1.8893
10.0730 -0.0142 1.8782
10.5471 0.4318 1.8781
11.1496 0.6933 1.8830
11.7781 0.8935 1.8855
12.3825 1.1555 1.8841
12.8992 1.5600 1.8803
13.2542 2.1097 1.8778
13.4133 2.7447 1.8780
13.3944 3.4004 1.8803
13.2430 4.0407 1.8841
13.0077 4.6575 1.8899
12.7334 5.2607 1.8967
12.4477 5.8613 1.9036
12.1546 6.4608 1.9096
11.8406 7.0517 1.9144
11.4824 7.6184 1.9179
11.0557 8.1365 1.9202
10.5440 8.5705 1.9211
9.9472 8.8772 1.9226
9.2949 9.0389 1.9254
8.6219 9.0669 1.9291
7.9521 8.9809 1.9338
7.2961 8.8113 1.9397
6.6506 8.5976 1.9465
6.0039 8.3789 1.9545
5.3469 8.1830 1.9640
4.6794 8.0117 1.9741
4.0051 7.8535 1.9835
3.3283 7.6922 1.9919
2.6546 7.5080 1.9993
1.9931 7.2769 2.0059
1.3577 6.9768 2.0116
0.7643 6.5973 2.0168
0.2275 6.1384 2.0214
-0.2366 5.6044 2.0255
-0.6089 5.0014 2.0294
-0.8739 4.3425 2.0337
-1.0292 3.6478 2.0385
-1.0818 2.9359 2.0438
-1.0371 2.2215 2.0496
-0.8997 1.5165 2.0575
-0.6987 0.8236 2.0661
-0.4655 0.1375 2.0744
-0.2202 -0.5472 2.0815
0.0270 -1.2336 2.0875
0.2753 -1.9217 2.0921
0.5356 -2.6067 2.0953
0.8326 -3.2774 2.0969
1.2038 -3.9096 2.0961
1.6907 -4.4551 2.0920
2.3141 -4.8291 2.0837
3.0287 -4.9287 2.0727
3.7122 -4.7314 2.0395
4.2154 -4.2353 2.0346
4.4843 -3.5803 2.0328
4.5381 -2.8732 2.0331
4.4226 -2.1720 2.0352
4.1874 -1.4994 2.0398
3.8929 -0.8480 2.0455
3.5900 -0.1983 2.0509
3.3136 0.4649 2.0550
3.0959 1.1506 2.0576
2.9710 1.8593 2.0587
2.9734 2.5786 2.0579
3.1375 3.2774 2.0551
3.4914 3.8992 2.0498
4.0342 4.3598 2.0426
4.7097 4.5740 2.0352
5.3865 4.4936 1.8971
5.9781 4.2037 1.8904
6.4463 3.7400 1.8902
6.7710 3.1653 1.8919
6.9627 2.5320 1.8950
7.0481 1.8739 1.9005
7.0792 1.2084 1.9068
7.1070 0.5405 1.9126
7.1700 -0.1266 1.9173
7.3029 -0.7845 1.9207
7.5352 -1.4149 1.9231
7.8830 -1.9902 1.9249
8.3453 -2.4788 1.9266
8.9041 -2.8544 1.9287
9.5306 -3.1039 1.9316
10.1945 -3.2297 1.9352
10.8719 -3.2380 1.9389
11.5460 -3.1767 1.9404
12.2073 -3.0172 1.9476
12.8607 -2.8195 1.9536
13.5129 -2.6112 1.9581
14.1673 -2.4059 1.9612
14.8244 -2.2062 1.9627
15.4785 -1.9964 1.9625
16.1034 -1.7155 1.9577
16.6047 -1.2599 1.9419
16.7969 -0.6236 1.9191
16.5666 -0.0089 1.9017
16.0239 0.3580 1.8937
15.3695 0.4207 1.8923
14.7323 0.2481 1.8946
14.1417 -0.0542 1.8993
13.5710 -0.3965 1.9033
12.9968 -0.7350 1.9059
12.4098 -1.0523 1.9069
11.8038 -1.3312 1.9059
11.1640 -1.5106 1.8992
10.5124 -1.4459 1.8797
10.0233 -1.0319 1.8546
9.9152 -0.4078 1.8385
10.1975 0.1590 1.8319
10.7173 0.5280 1.8350
11.3201 0.7503 1.8397
11.9327 0.9498 1.8415
12.5099 1.2332 1.8397
12.9868 1.6609 1.8365
13.2982 2.2194 1.8349
13.4215 2.8474 1.8359
13.3802 3.4877 1.8386
13.2190 4.1108 1.8428
12.9830 4.7119 1.8488
12.7133 5.3014 1.8558
12.4338 5.8891 1.8629
12.1468 6.4758 1.8691
11.8394 7.0542 1.8741
11.4891 7.6093 1.8778
11.0733 8.1182 1.8804
10.5767 8.5487 1.8816
9.9972 8.8589 1.8833
9.3614 9.0296 1.8863
8.7027 9.0703 1.8901
8.0449 8.9990 1.8948
7.3998 8.8423 1.9007
6.7658 8.6370 1.9074
6.1330 8.4204 1.9152
5.4909 8.2225 1.9246
4.8379 8.0501 1.9348
4.1774 7.8933 1.9447
3.5131 7.7376 1.9536
2.8500 7.5653 1.9615
2.1954 7.3549 1.9684
1.5613 7.0836 1.9746
0.9626 6.7373 1.9802
0.4139 6.3133 1.9852
-0.0707 5.8152 1.9896
-0.4740 5.2475 1.9937
-0.7782 4.6197 1.9980
-0.9757 3.9487 2.0028
-1.0705 3.2539 2.0081
-1.0701 2.5506 2.0137
-0.9761 1.8514 2.0207
-0.8042 1.1641 2.0293
-0.5869 0.4863 2.0381
-0.3496 -0.1879 2.0461
-0.1064 -0.8627 2.0529
0.1371 -1.5398 2.0584
0.3849 -2.2171 2.0626
0.6532 -2.8878 2.0653
0.9712 -3.5368 2.0662
1.3777 -4.1335 2.0646
1.9086 -4.6190 2.0593
2.5656 -4.9005 2.0503
3.2722 -4.8788 2.0252
3.8949 -4.5442 2.0290
4.3308 -3.9912 2.0234
4.5305 -3.3158 2.0217
4.5190 -2.6102 2.0228
4.3520 -1.9228 2.0258
4.0873 -1.2644 2.0312
3.7855 -0.6196 2.0370
3.4895 0.0300 2.0421
3.2310 0.6968 2.0457
3.0420 1.3874 2.0479
2.9562 2.0983 2.0484
3.0078 2.8118 2.0471
3.2300 3.4901 2.0436
3.6446 4.0676 2.0378
4.2353 4.4569 2.0305
4.9284 4.5826 2.0235
5.6246 4.4478 2.0386
6.2040 4.0392 2.0370
6.6226 3.4650 2.0374
6.8881 2.8044 2.0390
7.0206 2.1034 2.0431
7.0704 1.3892 2.0487
7.0997 0.6718 2.0540
7.1590 -0.0452 2.0581
7.2933 -0.7529 2.0606
7.5405 -1.4295 2.0620
7.9210 -2.0412 2.0627
8.4314 -2.5496 2.0633
9.0469 -2.9246 2.0646
9.7308 -3.1548 2.0669
10.4480 -3.2444 2.0701
11.1933 -3.2409 2.1182
12.0117 -3.1573 2.4715
12.8348 -2.8897 2.4751
13.6469 -2.5876 2.4763
14.4713 -2.3209 2.4754
15.3052 -2.0931 2.4640
16.0826 -1.7519 2.4322
16.6621 -1.1690 2.3697
16.7095 -0.3817 2.2935
16.2075 0.2168 2.2675
15.4457 0.3875 2.2556
14.6828 0.2012 2.2556
13.9798 -0.1576 2.2583
13.3009 -0.5629 2.2596
12.6182 -0.9620 2.2592
11.9145 -1.3206 2.2552
11.1632 -1.5354 2.2287
10.4134 -1.4001 2.1731
9.9793 -0.8037 2.1315
10.0854 -0.0849 2.1075
10.6012 0.4284 2.1035
11.2768 0.7185 2.1072
11.9754 0.9556 2.1078
12.6210 1.3060 2.1024
13.1132 1.8456 2.0958
13.3745 2.5261 2.0926
13.4058 3.2553 2.0927
13.2612 3.9725 2.0954
13.0060 4.6605 2.1005
12.7023 5.3311 2.1065
12.3845 5.9975 2.1122
12.0550 6.6602 2.1168
11.6924 7.3068 2.1200
11.2629 7.9116 2.1216
10.7357 8.4324 2.1213
10.1007 8.8131 2.1210
9.3903 9.0226 2.1221
8.6499 9.0676 2.1245
7.9126 8.9730 2.1284
7.1922 8.7807 2.1339
6.4829 8.5434 2.1406
5.7693 8.3107 2.1488
5.0441 8.1060 2.1578
4.3093 7.9248 2.1668
3.5698 7.7502 2.1747
2.8320 7.5586 2.1815
2.1060 7.3197 2.1872
1.4082 7.0038 2.1920
0.7589 6.5950 2.1960
0.1779 6.0922 2.1994
-0.3135 5.5002 2.2023
-0.6914 4.8290 2.2052
-0.9410 4.0992 2.2087
-1.0648 3.3362 2.2128
-1.0705 2.5617 2.2174
-0.9611 1.7930 2.2238
-0.7649 1.0387 2.2315
-0.5212 0.2953 2.2390
-0.2583 -0.4442 2.2455
0.0085 -1.1844 2.2506
0.2757 -1.9262 2.2543
0.5557 -2.6643 2.2566
0.8797 -3.3843 2.2568
1.2976 -4.0529 2.2540
1.8614 -4.5988 2.2464
2.5768 -4.9052 2.2336
3.3355 -4.8364 2.1894
3.9798 -4.4231 2.1925
4.4015 -3.7912 2.1838
4.5439 -3.0450 2.1810
4.4561 -2.2887 2.1818
4.2147 -1.5644 2.1858
3.9010 -0.8658 2.1909
3.5769 -0.1700 2.1954
3.2841 0.5409 2.1986
3.0623 1.2776 2.2000
2.9532 2.0388 2.1995
2.9996 2.8051 2.1968
3.2434 3.5304 2.1912
3.7093 4.1323 2.1827
4.3685 4.5035 2.1725
5.1159 4.5620 2.0374
5.7637 4.2830 2.0237
6.3196 3.8495 2.0204
6.7187 3.2691 2.0197
6.9510 2.6029 2.0217
7.0491 1.9020 2.0268
7.0817 1.1924 2.0326
7.1114 0.4807 2.0377
7.1848 -0.2292 2.0415
7.3435 -0.9256 2.0438
7.6203 -1.5842 2.0451
8.0293 -2.1700 2.0459
8.5621 -2.6462 2.0468
9.1908 -2.9868 2.0484
9.8790 -3.1851 2.0510
10.5937 -3.2460 2.0547
11.2881 -3.2492 1.8925
11.9274 -3.1093 1.8856
12.5588 -2.9133 1.8924
13.1902 -2.7097 1.8980
13.8242 -2.5089 1.9022
14.4613 -2.3139 1.9049
15.0991 -2.1186 1.9061
15.7272 -1.8947 1.9051
16.3054 -1.5686 1.8978
16.7128 -1.0564 1.8800
16.7729 -0.4158 1.8597
16.4411 0.1290 1.8469
15.8657 0.4048 1.8420
15.2251 0.4016 1.8421
14.6151 0.1966 1.8455
14.0467 -0.1114 1.8504
13.4915 -0.4463 1.8545
12.9303 -0.7733 1.8572
12.3559 -1.0781 1.8583
11.7624 -1.3435 1.8575
11.1365 -1.5098 1.8511
10.5017 -1.4411 1.8329
10.0226 -1.0388 1.8097
9.9060 -0.4312 1.7949
10.1655 0.1304 1.7892
10.6624 0.5050 1.7920
11.2482 0.7294 1.7969
11.8481 0.9197 1.7993
12.4211 1.1786 1.7984
12.9098 1.5707 1.7957
13.2498 2.0955 1.7941
13.4097 2.7005 1.7949
13.4041 3.3276 1.7975
13.2721 3.9427 1.8015
13.0575 4.5362 1.8070
12.8000 5.1151 1.8140
12.5284 5.6904 1.8214
12.2509 6.2657 1.8282
11.9593 6.8364 1.8339
11.6353 7.3912 1.8384
11.2559 7.9111 1.8416
10.8050 8.3713 1.8437
10.2722 8.7333 1.8452
9.6706 8.9654 1.8478
9.0320 9.0652 1.8515
8.3842 9.0483 1.8559
7.7442 8.9345 1.8613
7.1172 8.7542 1.8677
6.4971 8.5434 1.8749
5.8732 8.3357 1.8834
5.2383 8.1521 1.8934
4.5937 7.9906 1.9039
3.9430 7.8392 1.9136
3.2901 7.6831 1.9223
2.6401 7.5044 1.9300
2.0014 7.2815 1.9369
1.3866 6.9941 1.9431
0.8103 6.6321 1.9487
0.2858 6.1954 1.9538
-0.1729 5.6881 1.9583
-0.5491 5.1151 1.9625
-0.8266 4.4868 1.9671
-1.0007 3.8205 1.9722
-1.0766 3.1340 1.9777
-1.0613 2.4415 1.9835
-0.9559 1.7545 1.9909
-0.7788 1.0792 1.9998
-0.5613 0.4123 2.0087
-0.3263 -0.2519 2.0167
-0.0866 -0.9171 2.0236
0.1534 -1.5845 2.0293
0.3985 -2.2520 2.0336
0.6651 -2.9124 2.0364
0.9818 -3.5509 2.0374
1.3852 -4.1375 2.0360
1.9095 -4.6156 2.0312
2.5565 -4.8964 2.0227
3.2553 -4.8867 2.0100
3.8802 -4.5813 2.0003
4.3157 -4.0407 1.9957
4.5228 -3.3774 1.9944
4.5256 -2.6811 1.9955
4.3748 -1.9998 1.9984
4.1225 -1.3469 2.0037
3.8271 -0.7097 2.0096
3.5324 -0.0700 2.0150
3.2695 0.5850 2.0191
3.0690 1.2628 2.0217
2.9633 1.9619 2.0227
2.9851 2.6682 2.0220
3.1670 3.3497 2.0193
3.5338 3.9494 2.0144
4.0809 4.3857 2.0077
4.7504 4.5786 2.0009
5.4404 4.4960 1.9915
6.0482 4.1653 1.9879
6.5112 3.6497 1.9877
6.8198 3.0278 1.9892
6.9903 2.3534 1.9924
7.0593 1.6588 1.9980
7.0878 0.9591 2.0038
7.1278 0.2581 2.0087
7.2222 -0.4389 2.0122
7.4098 -1.1174 2.0145
7.7178 -1.7506 2.0158
8.1544 -2.3031 2.0168
8.7060 -2.7413 2.0180
9.3428 -3.0443 2.0201
10.0296 -3.2098 2.0230
10.7365 -3.2432 2.0273
11.4168 -3.1954 1.9461
12.0828 -3.0476 1.9533
12.7399 -2.8552 1.9595
13.3947 -2.6481 1.9643
14.0511 -2.4417 1.9676
14.7103 -2.2412 1.9694
15.3682 -2.0354 1.9695
16.0041 -1.7726 1.9658
16.5385 -1.3497 1.9518
16.7937 -0.7314 1.9291
16.6276 -0.0933 1.9100
16.1182 0.3215 1.9005
15.4678 0.4274 1.8982
14.8221 0.2826 1.8999
14.2240 -0.0083 1.9046
13.6504 -0.3494 1.9087
13.0755 -0.6907 1.9115
12.4889 -1.0128 1.9126
11.8846 -1.3002 1.9120
11.2481 -1.4999 1.9063
10.5902 -1.4744 1.8884
10.0660 -1.0999 1.8628
9.9063 -0.4849 1.8450
10.1495 0.1016 1.8373
10.6521 0.4955 1.8396
11.2518 0.7301 1.8445
11.8668 0.9279 1.8466
12.4519 1.1993 1.8452
12.9443 1.6122 1.8419
13.2758 2.1612 1.8400
13.4179 2.7869 1.8407
13.3904 3.4295 1.8433
13.2374 4.0562 1.8473
13.0055 4.6605 1.8531
12.7365 5.2520 1.8601
12.4567 5.8412 1.8672
12.1699 6.4297 1.8735
11.8640 7.0107 1.8786
11.5171 7.5698 1.8824
11.1056 8.0843 1.8851
10.6140 8.5229 1.8863
10.0379 8.8428 1.8878
9.4030 9.0225 1.8907
8.7434 9.0704 1.8944
8.0835 9.0046 1.8990
7.4360 8.8515 1.9048
6.8001 8.6478 1.9115
6.1658 8.4310 1.9192
5.5227 8.2317 1.9285
4.8687 8.0579 1.9387
4.2069 7.9003 1.9486
3.5413 7.7446 1.9575
2.8765 7.5733 1.9654
2.2199 7.3645 1.9723
1.5834 7.0954 1.9785
0.9820 6.7510 1.9841
0.4304 6.3286 1.9891
-0.0572 5.8315 1.9935
-0.4638 5.2645 1.9976
-0.7715 4.6368 2.0018
-0.9720 3.9654 2.0066
-1.0693 3.2695 2.0119
-1.0708 2.5649 2.0174
-0.9782 1.8643 2.0244
-0.8071 1.1755 2.0330
-0.5900 0.4963 2.0417
-0.3525 -0.1792 2.0497
-0.1089 -0.8553 2.0565
0.1348 -1.5336 2.0620
0.3817 -2.2125 2.0662
0.6453 -2.8865 2.0690
0.9459 -3.5453 2.0699
1.3453 -4.1474 2.0669
1.8832 -4.6265 2.0624
2.5432 -4.9046 2.0536
3.2534 -4.8894 2.0461
3.8854 -4.5668 2.0390
4.3246 -4.0121 2.0336
4.5269 -3.3337 2.0319
4.5186 -2.6245 2.0329
4.3536 -1.9330 2.0358
4.0892 -1.2707 2.0411
3.7864 -0.6226 2.0468
3.4891 0.0302 2.0518
3.2294 0.7002 2.0555
3.0401 1.3942 2.0575
2.9553 2.1086 2.0580
3.0096 2.8252 2.0566
3.2368 3.5052 2.0529
3.6584 4.0816 2.0469
4.2563 4.4654 2.0394
4.9541 4.5815 2.0323
5.6322 4.3912 2.0261
6.2116 3.9890 2.0231
6.6388 3.4277 2.0225
6.9040 2.7729 2.0241
7.0300 2.0760 2.0284
7.0745 1.3666 2.0342
7.1020 0.6542 2.0395
7.1617 -0.0578 2.0437
7.2966 -0.7602 2.0463
7.5432 -1.4318 2.0478
7.9209 -2.0394 2.0486
8.4268 -2.5454 2.0494
9.0369 -2.9200 2.0508
9.7153 -3.1515 2.0532
10.4273 -3.2441 2.0564
11.1447 -3.1890 2.0672
11.8568 -3.0556 2.0734
12.5625 -2.8827 2.0790
13.2628 -2.6819 2.0834
13.9611 -2.4702 2.0862
14.6608 -2.2607 2.0873
15.3599 -2.0487 2.0869
16.0339 -1.7716 2.0816
16.5810 -1.3041 2.0634
16.7900 -0.6311 2.0359
16.5303 0.0129 2.0141
15.9369 0.3703 2.0039
15.2419 0.3928 2.0015
14.5788 0.1725 2.0044
13.9619 -0.1626 2.0084
13.3588 -0.5247 2.0113
12.7487 -0.8764 2.0126
12.1239 -1.2014 2.0122
11.4702 -1.4597 2.0080
10.7776 -1.5200 1.9914
10.1700 -1.2160 1.9623
9.9152 -0.5998 1.9378
10.1142 0.0339 1.9257
10.6221 0.4678 1.9264
11.2464 0.7219 1.9309
11.8892 0.9317 1.9326
12.4970 1.2246 1.9301
12.9957 1.6744 1.9257
13.3116 2.2655 1.9233
13.4226 2.9269 1.9237
13.3590 3.5961 1.9263
13.1724 4.2441 1.9305
12.9142 4.8694 1.9367
12.6278 5.4851 1.9435
12.3332 6.0994 1.9499
12.0268 6.7103 1.9552
11.6896 7.3064 1.9592
11.2943 7.8669 1.9619
10.8192 8.3616 1.9630
10.2502 8.7440 1.9638
9.6062 8.9803 1.9656
8.9247 9.0695 1.9687
8.2370 9.0298 1.9727
7.5609 8.8875 1.9780
6.8987 8.6824 1.9844
6.2403 8.4573 1.9917
5.5738 8.2480 2.0007
4.8960 8.0655 2.0105
4.2101 7.9011 2.0201
3.5204 7.7390 2.0286
2.8321 7.5596 2.0361
2.1536 7.3385 2.0426
1.4983 7.0509 2.0484
0.8830 6.6824 2.0534
0.3234 6.2310 2.0579
-0.1639 5.7007 2.0618
-0.5592 5.0973 2.0654
-0.8448 4.4334 2.0695
-1.0166 3.7298 2.0741
-1.0811 3.0065 2.0791
-1.0442 2.2794 2.0847
-0.9103 1.5612 2.0923
-0.7089 0.8558 2.1008
-0.4729 0.1580 2.1089
-0.2237 -0.5381 2.1159
0.0276 -1.2359 2.1216
0.2799 -1.9351 2.1260
0.5447 -2.6311 2.1290
0.8485 -3.3116 2.1302
1.2307 -3.9506 2.1290
1.7353 -4.4951 2.1242
2.3803 -4.8532 2.1149
3.1091 -4.9191 2.1031
3.7415 -4.6575 1.9546
4.2231 -4.1797 1.9490
4.4903 -3.5565 1.9469
4.5464 -2.8797 1.9477
4.4375 -2.2075 1.9503
4.2153 -1.5618 1.9550
3.9343 -0.9368 1.9611
3.6419 -0.3147 1.9670
3.3697 0.3185 1.9719
3.1453 0.9716 1.9754
2.9985 1.6471 1.9775
2.9596 2.3374 1.9780
3.0591 3.0209 1.9768
3.3254 3.6565 1.9735
3.7718 4.1781 1.9683
4.3721 4.5051 1.9620
5.0495 4.5762 1.9565
5.6933 4.3656 1.9447
6.2402 3.9658 1.9428
6.6444 3.4218 1.9431
6.8995 2.7926 1.9451
7.0258 2.1237 1.9495
7.0714 1.4420 1.9556
7.0961 0.7570 1.9614
7.1452 0.0715 1.9662
7.2574 -0.6077 1.9696
7.4669 -1.2640 1.9718
7.7955 -1.8699 1.9734
8.2462 -2.3916 1.9747
8.8030 -2.7991 1.9764
9.4362 -3.0754 1.9788
10.1128 -3.2208 1.9821
10.8061 -3.2416 1.9829
11.5805 -3.1105 2.4998
12.4237 -2.8685 2.5103
13.2750 -2.6498 2.5121
14.1239 -2.4206 2.5120
14.9697 -2.1823 2.5075
15.7936 -1.8988 2.4851
16.4788 -1.4122 2.4378
16.7689 -0.6515 2.3436
16.4175 0.0564 2.3101
15.6914 0.3707 2.2890
14.9028 0.2777 2.2852
14.1737 -0.0490 2.2876
13.4825 -0.4537 2.2892
12.7939 -0.8633 2.2891
12.0900 -1.2444 2.2822
11.3431 -1.5183 2.2595
10.5692 -1.4728 2.2314
10.0230 -0.9718 2.1480
10.0153 -0.2418 2.1223
10.4651 0.3331 2.1133
11.1235 0.6651 2.1162
11.8262 0.9006 2.1179
12.4938 1.2175 2.1136
13.0291 1.7202 2.1065
13.3412 2.3825 2.1023
13.4150 3.1115 2.1017
13.2988 3.8368 2.1039
13.0586 4.5331 2.1086
12.7592 5.2087 2.1145
12.4418 5.8784 2.1202
12.1143 6.5452 2.1250
11.7585 7.1989 2.1284
11.3409 7.8156 2.1303
10.8296 8.3565 2.1300
10.2079 8.7641 2.1295
9.5033 9.0013 2.1302
8.7619 9.0700 2.1325
8.0199 8.9935 2.1361
7.2942 8.8115 2.1413
6.5814 8.5768 2.1477
5.8663 8.3407 2.1557
5.1399 8.1314 2.1646
4.4034 7.9472 2.1736
3.6616 7.7722 2.1816
2.9205 7.5835 2.1885
2.1897 7.3511 2.1943
1.4853 7.0442 2.1991
0.8274 6.6446 2.2032
0.2360 6.1501 2.2066
-0.2676 5.5651 2.2094
-0.6592 4.8990 2.2122
-0.9226 4.1714 2.2156
-1.0586 3.4081 2.2196
-1.0751 2.6314 2.2241
-0.9749 1.8591 2.2303
-0.7838 1.1012 2.2379
-0.5420 0.3548 2.2455
-0.2790 -0.3871 2.2520
-0.0114 -1.1295 2.2572
0.2566 -1.8734 2.2610
0.5360 -2.6142 2.2633
0.8569 -3.3384 2.2637
1.2681 -4.0140 2.2611
1.8235 -4.5720 2.2537
2.5339 -4.8966 2.2409
3.3099 -4.8853 2.2263
4.0120 -4.6377 2.1646
4.3961 -3.9927 2.1666
4.5285 -3.2485 2.1666
4.4779 -2.4933 2.1672
4.2804 -1.7615 2.1701
3.9893 -1.0593 2.1750
3.6684 -0.3680 2.1799
3.3648 0.3326 2.1837
3.1192 1.0564 2.1857
2.9728 1.8065 2.1859
2.9672 2.5699 2.1840
3.1442 3.3103 2.1796
3.5366 3.9587 2.1722
4.1371 4.4137 2.1626
4.8676 4.5798 2.1529
5.6090 4.4498 2.1620
6.2227 4.0175 2.1586
6.6543 3.4009 2.1581
6.9147 2.6934 2.1593
7.0338 1.9472 2.1634
7.0775 1.1905 2.1685
7.1137 0.4316 2.1729
7.1994 -0.3243 2.1757
7.3868 -1.0617 2.1769
7.7136 -1.7483 2.1769
8.1903 -2.3401 2.1764
8.7982 -2.7959 2.1765
9.4978 -3.0933 2.1776
10.2462 -3.2318 2.1797
11.0014 -3.2308 2.0768
11.7217 -3.1400 2.0803
12.4269 -2.9552 2.0864
13.1246 -2.7371 2.0910
13.8223 -2.5141 2.0941
14.5235 -2.2998 2.0955
15.2265 -2.0906 2.0954
15.9126 -1.8349 2.0915
16.4989 -1.4088 2.0757
16.7863 -0.7596 2.0485
16.6062 -0.0851 2.0245
16.0512 0.3333 2.0122
15.3579 0.4086 2.0086
14.6835 0.2189 2.0108
14.0588 -0.1059 2.0149
13.4532 -0.4683 2.0180
12.8428 -0.8242 2.0195
12.2186 -1.1559 2.0194
11.5686 -1.4308 2.0160
10.8767 -1.5312 2.0015
10.2399 -1.2815 1.9730
9.9231 -0.6910 1.9466
10.0667 -0.0404 1.9327
10.5480 0.4247 1.9319
11.1667 0.6957 1.9364
11.8122 0.9037 1.9386
12.4296 1.1817 1.9365
12.9470 1.6136 1.9320
13.2865 2.1937 1.9292
13.4191 2.8530 1.9293
13.3716 3.5254 1.9316
13.1950 4.1780 1.9356
12.9412 4.8070 1.9416
12.6559 5.4250 1.9484
12.3614 6.0414 1.9548
12.0562 6.6548 1.9602
11.7221 7.2548 1.9643
11.3320 7.8210 1.9671
10.8630 8.3241 1.9683
10.2998 8.7183 1.9690
9.6586 8.9670 1.9707
8.9769 9.0672 1.9737
8.2870 9.0362 1.9776
7.6080 8.9001 1.9828
6.9431 8.6979 1.9891
6.2831 8.4725 1.9964
5.6156 8.2609 2.0053
4.9368 8.0761 2.0152
4.2495 7.9102 2.0248
3.5581 7.7479 2.0334
2.8678 7.5696 2.0409
2.1867 7.3507 2.0475
1.5283 7.0662 2.0533
0.9092 6.7006 2.0583
0.3455 6.2517 2.0628
-0.1463 5.7231 2.0667
-0.5464 5.1208 2.0703
-0.8368 4.4572 2.0743
-1.0127 3.7528 2.0789
-1.0806 3.0281 2.0839
-1.0465 2.2992 2.0895
-0.9145 1.5791 2.0970
-0.7138 0.8718 2.1054
-0.4777 0.1722 2.1135
-0.2282 -0.5255 2.1205
0.0237 -1.2247 2.1262
0.2764 -1.9256 2.1307
0.5414 -2.6232 2.1336
0.8451 -3.3055 2.1349
1.2273 -3.9465 2.1336
1.7321 -4.4929 2.1288
2.3780 -4.8526 2.1194
3.1084 -4.9191 2.1075
3.7773 -4.6333 2.0905
4.2684 -4.1005 2.0831
4.5125 -3.4185 2.0801
4.5271 -2.6930 2.0804
4.3699 -1.9828 2.0830
4.1039 -1.3035 2.0881
3.7952 -0.6400 2.0936
3.4908 0.0275 2.0984
3.2253 0.7127 2.1018
3.0337 1.4227 2.1035
2.9527 2.1536 2.1035
3.0197 2.8848 2.1014
3.2703 3.5729 2.0969
3.7244 4.1430 2.0899
4.3554 4.5002 2.0816
5.0737 4.5711 2.0740
5.7594 4.3233 2.0967
6.3270 3.8645 2.0934
6.7251 3.2527 2.0928
6.9536 2.5582 2.0947
7.0491 1.8311 2.0995
7.0831 1.0962 2.1049
7.1196 0.3595 2.1095
7.2092 -0.3736 2.1126
7.3978 -1.0880 2.1142
7.7185 -1.7534 2.1147
8.1805 -2.3295 2.1149
8.7671 -2.7780 2.1154
9.4429 -3.0771 2.1169
10.1678 -3.2260 2.1193
10.9170 -3.2203 2.2562
11.6977 -3.0756 2.2720
12.4737 -2.8984 2.2765
13.2422 -2.6861 2.2797
14.0071 -2.4579 2.2813
14.7739 -2.2353 2.2811
15.5381 -2.0055 2.2779
16.2452 -1.6493 2.2517
16.7207 -1.0368 2.2176
16.6960 -0.2860 2.1772
16.1850 0.2532 2.1559
15.4558 0.4022 2.1478
14.7282 0.2283 2.1485
14.0568 -0.1103 2.1519
13.4095 -0.4960 2.1541
12.7587 -0.8769 2.1546
12.0930 -1.2306 2.1533
11.3891 -1.4926 2.1453
10.6539 -1.4853 2.1181
10.0728 -1.0701 2.0709
9.9516 -0.3784 2.0442
10.3072 0.2260 2.0339
10.9136 0.5922 2.0366
11.5886 0.8225 2.0397
12.2533 1.0807 2.0382
12.8330 1.4895 2.0325
13.2340 2.0711 2.0278
13.4092 2.7553 2.0265
13.3804 3.4623 2.0280
13.2042 4.1495 2.0316
12.9402 4.8105 2.0373
12.6410 5.4590 2.0436
12.3316 6.1050 2.0494
12.0092 6.7467 2.0542
11.6517 7.3710 2.0575
11.2276 7.9528 2.0594
10.7103 8.4529 2.0595
10.0913 8.8185 2.0597
9.4011 9.0212 2.0612
8.6819 9.0684 2.0641
7.9648 8.9828 2.0681
7.2633 8.8017 2.0737
6.5733 8.5730 2.0802
5.8809 8.3435 2.0884
5.1773 8.1400 2.0976
4.4636 7.9611 2.1070
3.7442 7.7921 2.1155
3.0246 7.6124 2.1228
2.3130 7.3956 2.1292
1.6230 7.1126 2.1345
0.9728 6.7440 2.1392
0.3811 6.2853 2.1432
-0.1339 5.7402 2.1466
-0.5499 5.1151 2.1497
-0.8476 4.4246 2.1532
-1.0227 3.6917 2.1574
-1.0821 2.9389 2.1620
-1.0308 2.1837 2.1675
-0.8785 1.4396 2.1750
-0.6609 0.7088 2.1831
-0.4119 -0.0149 2.1905
-0.1522 -0.7375 2.1967
0.1084 -1.4618 2.2016
0.3722 -2.1865 2.2051
0.6570 -2.9041 2.2071
0.9984 -3.5966 2.2069
1.4454 -4.2242 2.2034
2.0402 -4.7075 2.1951
2.7671 -4.9300 2.1824
3.4742 -4.8168 1.9048
4.0417 -4.4963 1.8815
4.3936 -3.9451 1.8813
4.5395 -3.3053 1.8823
4.5195 -2.6478 1.8845
4.3742 -2.0047 1.8878
4.1399 -1.3863 1.8933
3.8625 -0.7833 1.8997
3.5816 -0.1794 1.9058
3.3251 0.4372 1.9109
3.1185 1.0737 1.9146
2.9891 1.7311 1.9169
2.9647 2.4009 1.9177
3.0732 3.0618 1.9170
3.3395 3.6749 1.9143
3.7751 4.1791 1.9099
4.3560 4.5001 1.9046
5.0126 4.5806 1.8998
5.6602 4.4521 1.8864
6.1964 4.0739 1.8870
6.5879 3.5440 1.8889
6.8485 2.9372 1.8914
6.9962 2.2920 1.8952
7.0584 1.6308 1.9012
7.0858 0.9649 1.9075
7.1232 0.2974 1.9129
7.2078 -0.3673 1.9171
7.3739 -1.0173 1.9201
7.6469 -1.6308 1.9222
8.0369 -2.1778 1.9240
8.5364 -2.6278 1.9258
9.1227 -2.9585 1.9282
9.7654 -3.1627 1.9314
10.4361 -3.2455 1.9354
11.1153 -3.1911 1.9728
11.7953 -3.0648 1.9796
12.4704 -2.9046 1.9858
13.1406 -2.7170 1.9910
13.8086 -2.5160 1.9947
14.4772 -2.3137 1.9968
15.1460 -2.1105 1.9971
15.8056 -1.8804 1.9952
16.4235 -1.5617 1.9844
16.8396 -1.0288 1.9316
16.8599 -0.3679 1.9142
16.4669 0.1519 1.8934
15.8664 0.4145 1.8862
15.2103 0.4160 1.8849
14.5818 0.2191 1.8881
13.9914 -0.0791 1.8927
13.4152 -0.4073 1.8965
12.8363 -0.7331 1.8989
12.2469 -1.0403 1.8995
11.6365 -1.3026 1.8986
10.9995 -1.4820 1.8891
10.3624 -1.3728 1.8618
9.9495 -0.8935 1.8356
9.9663 -0.2675 1.8221
10.3449 0.2353 1.8203
10.9001 0.5443 1.8244
11.5075 0.7436 1.8286
12.1078 0.9644 1.8286
12.6608 1.2856 1.8271
13.1064 1.7392 1.8215
13.3591 2.3209 1.8217
13.4277 2.9533 1.8239
13.3545 3.5870 1.8271
13.1804 4.2027 1.8314
12.9419 4.7986 1.8376
12.6737 5.3845 1.8448
12.3959 5.9688 1.8519
12.1092 6.5513 1.8580
11.7993 7.1240 1.8629
11.4444 7.6714 1.8666
11.0226 8.1701 1.8690
10.5197 8.5870 1.8703
9.9365 8.8817 1.8721
9.3010 9.0379 1.8753
8.6455 9.0672 1.8792
7.9924 8.9878 1.8840
7.3521 8.8269 1.8900
6.7222 8.6212 1.8968
6.0926 8.4066 1.9047
5.4534 8.2117 1.9142
4.8036 8.0416 1.9245
4.1464 7.8863 1.9344
3.4857 7.7312 1.9433
2.8263 7.5591 1.9511
2.1756 7.3484 1.9581
1.5455 7.0768 1.9643
0.9510 6.7304 1.9699
0.4062 6.3072 1.9750
-0.0749 5.8107 1.9794
-0.4754 5.2454 1.9835
-0.7779 4.6206 1.9879
-0.9746 3.9531 1.9927
-1.0696 3.2618 1.9980
-1.0704 2.5620 2.0036
-0.9786 1.8661 2.0106
-0.8090 1.1819 2.0192
-0.5937 0.5072 2.0281
-0.3579 -0.1639 2.0361
-0.1160 -0.8355 2.0430
0.1263 -1.5093 2.0486
0.3724 -2.1836 2.0530
0.6382 -2.8517 2.0558
0.9517 -3.4993 2.0569
1.3504 -4.0975 2.0555
1.8704 -4.5903 2.0507
2.5172 -4.8881 2.0420
3.2134 -4.8954 1.8959
3.8164 -4.6340 1.8887
4.2596 -4.1504 1.8853
4.4988 -3.5390 1.8846
4.5467 -2.8828 1.8859
4.4436 -2.2315 1.8888
4.2337 -1.6044 1.8935
3.9638 -0.9980 1.8998
3.6795 -0.3957 1.9061
3.4108 0.2160 1.9115
3.1831 0.8456 1.9156
3.0231 1.4968 1.9184
2.9583 2.1647 1.9198
3.0168 2.8329 1.9195
3.2256 3.4692 1.9175
3.6031 4.0200 1.9136
4.1398 4.4132 1.9085
4.7810 4.5815 1.9034
5.3876 4.4761 1.6316
5.8934 4.2104 1.6354
6.3312 3.8438 1.6359
6.6661 3.3808 1.6379
6.8885 2.8529 1.6414
7.0121 2.2917 1.6461
7.0623 1.7168 1.6529
7.0808 1.1373 1.6604
7.1036 0.5553 1.6674
7.1551 -0.0270 1.6736
7.2574 -0.6044 1.6787
7.4303 -1.1662 1.6830
7.6881 -1.6958 1.6867
8.0358 -2.1726 1.6901
8.4685 -2.5755 1.6936
8.9718 -2.8881 1.6973
9.5257 -3.1024 1.7015
10.1097 -3.2200 1.7063
10.7067 -3.2481 1.7118
11.3015 -3.1753 1.7185
11.8929 -3.0591 1.7265
12.4801 -2.9108 1.7342
13.0645 -2.7423 1.7410
13.6483 -2.5645 1.7465
14.2335 -2.3851 1.7507
14.8197 -2.2047 1.7534
15.4022 -2.0109 1.7545
15.9655 -1.7682 1.7530
16.4596 -1.4105 1.7452
16.7652 -0.8919 1.7300
16.7470 -0.2985 1.7153
16.4007 0.1799 1.7074
15.8596 0.4185 1.7053
15.2658 0.4170 1.7068
14.6966 0.2391 1.7101
14.1662 -0.0396 1.7155
13.6516 -0.3506 1.7205
13.1331 -0.6583 1.7246
12.6034 -0.9488 1.7272
12.0584 -1.2105 1.7282
11.4912 -1.4189 1.7268
10.8962 -1.5040 1.7191
10.3255 -1.3459 1.7019
9.9479 -0.9029 1.6842
9.9113 -0.3258 1.6752
10.1910 0.1817 1.6728
10.6653 0.5200 1.6764
11.2152 0.7258 1.6820
11.7784 0.8992 1.6851
12.3222 1.1263 1.6855
12.8030 1.4647 1.6842
13.1660 1.9260 1.6834
13.3739 2.4751 1.6843
13.4265 3.0611 1.6869
13.3505 3.6464 1.6908
13.1829 4.2144 1.6956
12.9587 4.7649 1.7021
12.7088 5.3071 1.7098
12.4515 5.8490 1.7177
12.1883 6.3909 1.7248
11.9093 6.9274 1.7308
11.5977 7.4478 1.7357
11.2344 7.9351 1.7394
10.8064 8.3679 1.7422
10.3061 8.7152 1.7444
9.7418 8.9464 1.7474
9.1405 9.0568 1.7517
8.5273 9.0602 1.7563
7.9185 8.9723 1.7618
7.3210 8.8163 1.7681
6.7320 8.6224 1.7753
6.1430 8.4204 1.7832
5.5454 8.2351 1.7928
4.9372 8.0732 1.8037
4.3213 7.9265 1.8144
3.7009 7.7830 1.8243
3.0796 7.6290 1.8331
2.4626 7.4482 1.8411
1.8582 7.2216 1.8483
1.2784 6.9331 1.8549
0.7355 6.5758 1.8610
0.2413 6.1508 1.8665
-0.1923 5.6617 1.8715
-0.5501 5.1128 1.8762
-0.8177 4.5130 1.8812
-0.9900 3.8772 1.8867
-1.0718 3.2214 1.8925
-1.0696 2.5584 1.8986
-0.9856 1.8984 1.9058
-0.8290 1.2486 1.9148
-0.6276 0.6078 1.9242
-0.4054 -0.0296 1.9330
-0.1759 -0.6675 1.9407
0.0543 -1.3079 1.9473
0.2862 -1.9498 1.9526
0.5300 -2.5890 1.9566
0.8064 -3.2159 1.9591
1.1450 -3.8118 1.9597
1.5788 -4.3411 1.9578
2.1303 -4.7419 1.9526
2.7819 -4.9286 1.9447
3.4143 -4.8115 1.7976
3.9455 -4.4811 1.7927
4.3309 -3.9911 1.7896
4.5268 -3.3992 1.7896
4.5451 -2.7744 1.7919
4.4279 -2.1586 1.7954
4.2187 -1.5656 1.8005
3.9591 -0.9901 1.8072
3.6882 -0.4173 1.8140
3.4315 0.1646 1.8201
3.2103 0.7627 1.8249
3.0472 1.3806 1.8285
2.9663 2.0153 1.8309
2.9918 2.6549 1.8318
3.1475 3.2754 1.8313
3.4531 3.8361 1.8290
3.9111 4.2783 1.8254
4.4905 4.5375 1.8214
5.1198 4.5698 1.6864
5.6765 4.3782 1.6885
6.1633 4.0465 1.6888
6.5446 3.5967 1.6906
6.8103 3.0687 1.6935
6.9711 2.4982 1.6975
7.0469 1.9083 1.7034
7.0746 1.3116 1.7106
7.0956 0.7120 1.7176
7.1393 0.1114 1.7237
7.2308 -0.4855 1.7287
7.3933 -1.0686 1.7328
7.6438 -1.6208 1.7362
7.9895 -2.1201 1.7393
8.4264 -2.5434 1.7424
8.9395 -2.8722 1.7458
9.5074 -3.0971 1.7498
10.1075 -3.2198 1.7543
10.7212 -3.2472 1.7597
11.3344 -3.2092 1.7573
11.9380 -3.0854 1.7657
12.5340 -2.9171 1.7733
13.1276 -2.7319 1.7797
13.7223 -2.5434 1.7849
14.3196 -2.3580 1.7887
14.9181 -2.1729 1.7909
15.5114 -1.9705 1.7915
16.0787 -1.7061 1.7886
16.5530 -1.3053 1.7782
16.7931 -0.7428 1.7611
16.6784 -0.1497 1.7469
16.2523 0.2755 1.7401
15.6716 0.4402 1.7390
15.0693 0.3726 1.7406
14.5040 0.1465 1.7449
13.9722 -0.1554 1.7502
13.4478 -0.4735 1.7547
12.9157 -0.7814 1.7580
12.3706 -1.0674 1.7598
11.8076 -1.3168 1.7597
11.2171 -1.4863 1.7557
10.6093 -1.4696 1.7423
10.1009 -1.1568 1.7222
9.8869 -0.6079 1.7077
10.0326 -0.0379 1.7026
10.4416 0.3880 1.7025
10.9779 0.6461 1.7081
11.5491 0.8252 1.7122
12.1138 1.0258 1.7136
12.6335 1.3221 1.7124
13.0522 1.7473 1.7108
13.3205 2.2798 1.7109
13.4249 2.8679 1.7128
13.3860 3.4656 1.7162
13.2405 4.0486 1.7207
13.0262 4.6122 1.7266
12.7769 5.1640 1.7339
12.5165 5.7138 1.7417
12.2513 6.2641 1.7490
11.9732 6.8106 1.7551
11.6659 7.3434 1.7600
11.3092 7.8461 1.7638
10.8877 8.2971 1.7666
10.3926 8.6662 1.7686
9.8288 8.9197 1.7713
9.2227 9.0484 1.7753
8.6016 9.0652 1.7798
7.9833 8.9860 1.7850
7.3765 8.8338 1.7913
6.7792 8.6396 1.7983
6.1827 8.4346 1.8061
5.5779 8.2452 1.8157
4.9624 8.0798 1.8264
4.3389 7.9306 1.8371
3.7108 7.7851 1.8468
3.0819 7.6295 1.8556
2.4574 7.4465 1.8634
1.8460 7.2164 1.8704
1.2601 6.9227 1.8769
0.7125 6.5587 1.8828
0.2152 6.1256 1.8882
-0.2191 5.6271 1.8930
-0.5744 5.0678 1.8976
-0.8368 4.4575 1.9025
-1.0020 3.8121 1.9079
-1.0755 3.1479 1.9137
-1.0640 2.4775 1.9198
-0.9687 1.8116 1.9272
-0.8026 1.1565 1.9363
-0.5948 0.5097 1.9456
-0.3685 -0.1341 1.9541
-0.1362 -0.7788 1.9616
0.0965 -1.4260 1.9678
0.3320 -2.0742 1.9728
0.5827 -2.7182 1.9765
0.8720 -3.3468 1.9784
1.2318 -3.9378 1.9784
1.6954 -4.4494 1.9756
2.2802 -4.8106 1.9694
2.9522 -4.9327 1.9608
3.6128 -4.7800 1.9458
4.1311 -4.3481 1.9413
4.4412 -3.7481 1.9397
4.5453 -3.0796 1.9401
4.4796 -2.4048 1.9422
4.2891 -1.7523 1.9462
4.0224 -1.1246 1.9521
3.7309 -0.5055 1.9582
3.4504 0.1208 1.9635
3.2087 0.7647 1.9675
3.0346 1.4310 1.9701
2.9580 2.1157 1.9711
3.0092 2.8024 1.9706
3.2177 3.4574 1.9681
3.6038 4.0234 1.9635
4.1570 4.4226 1.9575
4.8174 4.5832 1.9516
5.4820 4.4660 1.9398
6.0666 4.1274 1.9376
6.5199 3.6264 1.9373
6.8242 3.0221 1.9389
6.9927 2.3653 1.9423
7.0603 1.6882 1.9481
7.0869 1.0058 1.9541
7.1227 0.3219 1.9594
7.2075 -0.3591 1.9634
7.3774 -1.0247 1.9661
7.6595 -1.6516 1.9679
8.0642 -2.2075 1.9692
8.5825 -2.6600 1.9708
9.1890 -2.9863 1.9730
9.8511 -3.1803 1.9760
10.5391 -3.2476 1.9799
11.2304 -3.1869 1.9913
11.9156 -3.0540 1.9979
12.5940 -2.8800 2.0039
13.2677 -2.6820 2.0087
13.9406 -2.4760 2.0120
14.6150 -2.2721 2.0137
15.2889 -2.0658 2.0138
15.9444 -1.8095 2.0104
16.5048 -1.3948 1.9964
16.7886 -0.7725 1.9723
16.6374 -0.1163 1.9512
16.1234 0.3142 1.9403
15.4600 0.4236 1.9374
14.8019 0.2724 1.9389
14.1927 -0.0272 1.9435
13.6076 -0.3754 1.9472
13.0206 -0.7225 1.9497
12.4213 -1.0491 1.9504
11.8027 -1.3370 1.9492
11.1480 -1.5179 1.9414
10.4847 -1.4358 1.9201
10.0055 -0.9912 1.8934
9.9321 -0.3490 1.8768
10.2545 0.2112 1.8703
10.8019 0.5644 1.8739
11.4209 0.7823 1.8781
12.0429 0.9952 1.8791
12.6176 1.3107 1.8764
13.0725 1.7792 1.8728
13.3454 2.3715 1.8715
13.4252 3.0197 1.8727
13.3446 3.6694 1.8757
13.1530 4.2975 1.8802
12.8975 4.9050 1.8866
12.6177 5.5045 1.8937
12.3308 6.1033 1.9003
12.0328 6.6990 1.9059
11.7058 7.2812 1.9102
11.3244 7.8305 1.9132
10.8678 8.3196 1.9148
10.3223 8.7068 1.9158
9.7013 8.9563 1.9178
9.0393 9.0638 1.9211
8.3674 9.0457 1.9251
7.7043 8.9242 1.9303
7.0550 8.7341 1.9366
6.4123 8.5151 1.9437
5.7641 8.3038 1.9524
5.1047 8.1183 1.9623
4.4361 7.9538 1.9723
3.7622 7.7967 1.9815
3.0876 7.6300 1.9895
2.4187 7.4325 1.9966
1.7662 7.1800 2.0029
1.1451 6.8537 2.0085
0.5710 6.4474 2.0135
0.0585 5.9634 2.0179
-0.3753 5.4062 2.0218
-0.7113 4.7836 2.0258
-0.9381 4.1119 2.0304
-1.0578 3.4112 2.0354
-1.0779 2.6987 2.0408
-1.0013 1.9880 2.0473
-0.8395 1.2888 2.0556
-0.6254 0.6004 2.0643
-0.3872 -0.0832 2.0722
-0.1410 -0.7667 2.0791
0.1056 -1.4524 2.0846
0.3555 -2.1387 2.0889
0.6239 -2.8193 2.0916
0.9396 -3.4797 2.0925
1.3420 -4.0903 2.0909
1.8697 -4.5926 2.0856
2.5288 -4.8922 2.0762
3.2324 -4.8878 1.7965
3.7558 -4.7143 1.5398
4.1582 -4.3608 1.5407
4.4168 -3.8896 1.5430
4.5374 -3.3641 1.5460
4.5413 -2.8232 1.5495
4.4522 -2.2881 1.5536
4.2929 -1.7676 1.5585
4.0837 -1.2628 1.5651
3.8503 -0.7657 1.5729
3.6163 -0.2659 1.5809
3.3973 0.2436 1.5881
3.2076 0.7671 1.5942
3.0626 1.3066 1.5994
2.9786 1.8605 1.6036
2.9720 2.4217 1.6067
3.0590 2.9769 1.6087
