x y v
9.2125 9.0033 1.3008
8.7569 9.0293 1.3077
8.2985 9.0121 1.3148
7.8417 8.9475 1.3224
7.3903 8.8398 1.3307
6.9441 8.7010 1.3396
6.4997 8.5465 1.3491
6.0520 8.3911 1.3590
5.5971 8.2458 1.3703
5.1326 8.1173 1.3841
4.6594 8.0021 1.3989
4.1795 7.8929 1.4136
3.6947 7.7828 1.4273
3.2069 7.6649 1.4400
2.7188 7.5314 1.4518
2.2338 7.3736 1.4628
1.7573 7.1816 1.4733
1.2949 6.9499 1.4825
0.8538 6.6744 1.4907
0.4418 6.3525 1.4985
0.0653 5.9859 1.5060
-0.2713 5.5790 1.5131
-0.5623 5.1354 1.5202
-0.7975 4.6571 1.5274
-0.9624 4.1478 1.5349
-1.0509 3.6168 1.5436
-1.0799 3.0760 1.5523
-1.0599 2.5317 1.5609
-0.9945 1.9879 1.5699
-0.8811 1.4485 1.5810
-0.7276 0.9147 1.5936
-0.5505 0.3835 1.6065
-0.3620 -0.1486 1.6186
-0.1694 -0.6835 1.6298
0.0240 -1.2220 1.6399
0.2188 -1.7636 1.6489
0.4174 -2.3070 1.6566
0.6295 -2.8477 1.6628
0.8841 -3.3718 1.6678
1.1938 -3.8669 1.6712
1.5739 -4.3110 1.6729
2.0366 -4.6675 1.6726
2.5775 -4.8843 1.6702
3.1579 -4.9091 1.6693
3.7082 -4.7405 1.6572
4.1416 -4.3603 1.6574
4.4191 -3.8534 1.6592
4.5421 -3.2871 1.6620
4.5317 -2.7058 1.6657
4.4166 -2.1341 1.6704
4.2253 -1.5810 1.6765
3.9865 -1.0435 1.6848
3.7330 -0.5093 1.6937
3.4885 0.0323 1.7022
3.2709 0.5882 1.7094
3.0988 1.1621 1.7154
2.9920 1.7534 1.7202
2.9706 2.3551 1.7237
3.0548 2.9520 1.7259
3.2634 3.5176 1.7265
3.6086 4.0111 1.7258
4.0841 4.3788 1.7240
4.6534 4.5682 1.7220
5.2486 4.5422 1.6891
5.7947 4.3116 1.6992
6.2617 3.9461 1.7004
6.6195 3.4719 1.7030
6.8618 2.9277 1.7069
7.0016 2.3467 1.7120
7.0620 1.7495 1.7196
7.0848 1.1466 1.7282
7.1096 0.5408 1.7363
7.1651 -0.0655 1.7434
7.2770 -0.6660 1.7493
7.4677 -1.2482 1.7542
7.7520 -1.7922 1.7584
8.1339 -2.2745 1.7623
8.6053 -2.6717 1.7663
9.1479 -2.9674 1.7707
9.7383 -3.1559 1.7757
10.3540 -3.2422 1.7813
10.9773 -3.2395 1.7732
11.5944 -3.1874 1.7762
12.1991 -3.0367 1.7863
12.7971 -2.8490 1.7950
13.3952 -2.6525 1.8023
13.9968 -2.4592 1.8081
14.6016 -2.2705 1.8123
15.2058 -2.0759 1.8146
15.7979 -1.8466 1.8146
16.3395 -1.5197 1.8090
16.7221 -1.0257 1.7941
16.7867 -0.4141 1.7768
16.4861 0.1170 1.7663
15.9478 0.4056 1.7631
15.3350 0.4331 1.7643
14.7423 0.2644 1.7679
14.1911 -0.0182 1.7743
13.6585 -0.3397 1.7804
13.1226 -0.6594 1.7854
12.5742 -0.9601 1.7887
12.0087 -1.2290 1.7900
11.4188 -1.4379 1.7884
10.8005 -1.5016 1.7788
10.2283 -1.2877 1.7589
9.9001 -0.7846 1.7408
9.9461 -0.1884 1.7329
10.3012 0.2951 1.7318
10.8237 0.5989 1.7373
11.4007 0.7933 1.7429
11.9806 0.9840 1.7457
12.5260 1.2570 1.7455
12.9806 1.6613 1.7441
13.2865 2.1865 1.7441
13.4204 2.7802 1.7463
13.3998 3.3904 1.7501
13.2627 3.9876 1.7551
13.0496 4.5646 1.7617
12.7966 5.1285 1.7703
12.5302 5.6896 1.7795
12.2578 6.2514 1.7881
11.9719 6.8096 1.7954
11.6555 7.3536 1.8014
11.2876 7.8662 1.8061
10.8519 8.3242 1.8094
10.3382 8.6933 1.8121
9.7547 8.9400 1.8156
9.1304 9.0572 1.8203
8.4932 9.0586 1.8256
7.8609 8.9625 1.8318
7.2408 8.7958 1.8390
6.6288 8.5919 1.8471
6.0153 8.3832 1.8565
5.3915 8.1948 1.8680
4.7566 8.0299 1.8804
4.1140 7.8782 1.8924
3.4675 7.7257 1.9032
2.8216 7.5559 1.9129
2.1835 7.3486 1.9217
1.5645 7.0829 1.9297
0.9785 6.7453 1.9370
0.4396 6.3329 1.9436
-0.0390 5.8488 1.9495
-0.4413 5.2974 1.9550
-0.7501 4.6866 1.9606
-0.9562 4.0317 1.9667
-1.0622 3.3510 1.9732
-1.0753 2.6598 1.9800
-0.9984 1.9702 1.9882
-0.8409 1.2909 1.9984
-0.6331 0.6211 2.0093
-0.4014 -0.0448 2.0194
-0.1615 -0.7113 2.0284
0.0797 -1.3805 2.0360
0.3242 -2.0510 2.0422
0.5851 -2.7173 2.0467
0.8876 -3.3670 2.0495
1.2661 -3.9756 2.0498
1.7572 -4.4955 2.0468
2.3771 -4.8449 2.0398
3.0791 -4.9257 2.0302
3.7370 -4.6814 2.0178
4.2325 -4.1870 2.0124
4.4993 -3.5398 2.0107
4.5467 -2.8398 2.0119
4.4242 -2.1472 2.0151
4.1857 -1.4829 2.0211
3.8915 -0.8383 2.0284
3.5908 -0.1938 2.0353
3.3173 0.4649 2.0410
3.1021 1.1465 2.0450
2.9782 1.8512 2.0473
2.9791 2.5667 2.0478
3.1388 3.2632 2.0461
3.4853 3.8858 2.0419
4.0201 4.3519 2.0356
4.6901 4.5755 2.0289
5.3879 4.5011 2.0227
6.0108 4.1724 2.0206
6.4967 3.6626 2.0200
6.8213 3.0365 2.0217
6.9965 2.3515 2.0257
7.0644 1.6450 2.0325
7.0920 0.9329 2.0396
7.1342 0.2193 2.0456
7.2357 -0.4899 2.0501
7.4364 -1.1785 2.0531
7.7636 -1.8172 2.0551
8.2239 -2.3683 2.0568
8.8006 -2.7969 2.0588
9.4606 -3.0835 2.0617
10.1671 -3.2277 2.0655
10.8902 -3.2358 2.0752
11.6110 -3.1619 2.0776
12.3179 -2.9864 2.0855
13.0169 -2.7723 2.0919
13.7152 -2.5494 2.0967
14.4166 -2.3315 2.0996
15.1198 -2.1173 2.1007
15.8115 -1.8698 2.0987
16.4269 -1.4789 2.0863
16.7839 -0.8594 2.0602
16.6826 -0.1652 2.0345
16.1701 0.3077 2.0208
15.4821 0.4342 2.0169
14.7971 0.2772 2.0188
14.1640 -0.0371 2.0241
13.5553 -0.4012 2.0287
12.9433 -0.7622 2.0316
12.3172 -1.0997 2.0326
11.6681 -1.3893 2.0308
10.9769 -1.5333 2.0196
10.3094 -1.3514 1.9927
9.9189 -0.7993 1.9641
9.9928 -0.1322 1.9487
10.4388 0.3722 1.9463
11.0507 0.6687 1.9515
11.7016 0.8781 1.9551
12.3338 1.1378 1.9545
12.8792 1.5449 1.9506
13.2541 2.1104 1.9478
13.4175 2.7693 1.9480
13.3901 3.4492 1.9508
13.2233 4.1112 1.9554
12.9714 4.7486 1.9624
12.6830 5.3735 1.9706
12.3839 5.9965 1.9785
12.0742 6.6172 1.9853
11.7362 7.2253 1.9907
11.3425 7.8005 1.9945
10.8691 8.3129 1.9965
10.2994 8.7151 1.9979
9.6492 8.9688 2.0003
8.9570 9.0694 2.0041
8.2566 9.0345 2.0088
7.5675 8.8924 2.0149
6.8925 8.6843 2.0221
6.2215 8.4547 2.0307
5.5417 8.2412 2.0413
4.8500 8.0550 2.0528
4.1495 7.8866 2.0640
3.4449 7.7191 2.0739
2.7422 7.5312 2.0827
2.0510 7.2961 2.0904
1.3863 6.9887 2.0972
0.7657 6.5957 2.1033
0.2068 6.1162 2.1086
-0.2720 5.5546 2.1133
-0.6487 4.9183 2.1178
-0.9079 4.2240 2.1229
-1.0491 3.4943 2.1285
-1.0799 2.7495 2.1345
-1.0032 2.0058 2.1421
-0.8343 1.2740 2.1517
-0.6097 0.5534 2.1617
-0.3596 -0.1624 2.1708
-0.1016 -0.8785 2.1786
0.1573 -1.5970 2.1850
0.4227 -2.3151 2.1897
0.7155 -3.0239 2.1927
1.0722 -3.7030 2.1932
1.5395 -4.3095 2.1903
2.1535 -4.7602 2.1824
2.8880 -4.9372 2.1702
3.6127 -4.7529 2.1520
4.1752 -4.2642 2.1435
4.4846 -3.5869 2.1397
4.5446 -2.8434 2.1397
4.4115 -2.1076 2.1423
4.1512 -1.4039 2.1482
3.8364 -0.7199 2.1549
3.5212 -0.0335 2.1609
3.2442 0.6709 2.1654
3.0434 1.4017 2.1680
2.9583 2.1548 2.1686
3.0296 2.9085 2.1668
3.2965 3.6146 2.1623
3.7797 4.1897 2.1547
4.4450 4.5294 2.1458
5.1851 4.5587 2.0091
5.8295 4.2942 1.9967
6.3585 3.8424 1.9956
6.7317 3.2545 1.9968
6.9523 2.5923 1.9999
7.0490 1.8986 2.0062
7.0832 1.1960 2.0134
7.1139 0.4908 2.0201
7.1865 -0.2132 2.0253
7.3418 -0.9049 2.0290
7.6122 -1.5609 2.0316
8.0128 -2.1470 2.0335
8.5368 -2.6267 2.0355
9.1580 -2.9734 2.0381
9.8404 -3.1789 2.0417
10.5513 -3.2478 2.0465
11.2658 -3.2184 2.0431
11.9686 -3.0815 2.0514
12.6601 -2.8838 2.0588
13.3481 -2.6658 2.0647
14.0378 -2.4476 2.0688
14.7305 -2.2355 2.0710
15.4218 -2.0172 2.0714
16.0853 -1.7291 2.0666
16.6167 -1.2517 2.0488
16.8043 -0.5777 2.0218
16.5265 0.0537 2.0014
15.9274 0.3941 1.9927
15.2357 0.4056 1.9912
14.5773 0.1812 1.9952
13.9644 -0.1548 2.0006
13.3640 -0.5167 2.0049
12.7553 -0.8668 2.0074
12.1307 -1.1887 2.0080
11.4785 -1.4475 2.0048
10.7876 -1.5209 1.9899
10.1696 -1.2385 1.9615
9.8913 -0.6329 1.9369
10.0680 0.0070 1.9250
10.5634 0.4543 1.9259
11.1844 0.7157 1.9313
11.8290 0.9211 1.9343
12.4446 1.1997 1.9330
12.9596 1.6328 1.9292
13.2958 2.2138 1.9272
13.4244 2.8733 1.9281
13.3730 3.5452 1.9312
13.1931 4.1968 1.9362
12.9368 4.8253 1.9435
12.6494 5.4434 1.9518
12.3527 6.0603 1.9598
12.0445 6.6744 1.9665
11.7065 7.2749 1.9719
11.3114 7.8411 1.9757
10.8365 8.3430 1.9777
10.2666 8.7335 1.9792
9.6192 8.9766 1.9819
8.9325 9.0698 1.9858
8.2386 9.0310 1.9906
7.5561 8.8880 1.9968
6.8874 8.6811 2.0041
6.2223 8.4537 2.0127
5.5485 8.2424 2.0233
4.8627 8.0579 2.0349
4.1682 7.8912 2.0462
3.4695 7.7258 2.0563
2.7724 7.5410 2.0652
2.0859 7.3109 2.0730
1.4247 7.0103 2.0800
0.8058 6.6259 2.0861
0.2459 6.1572 2.0905
-0.2364 5.6068 2.0952
-0.6310 4.9886 2.0999
-0.9143 4.3109 2.1039
-1.0582 3.5888 2.1096
-1.0874 2.8506 2.1159
-1.0186 2.1125 2.1233
-0.8616 1.3848 2.1327
-0.6462 0.6684 2.1429
-0.4018 -0.0425 2.1523
-0.1469 -0.7529 2.1605
0.1097 -1.4655 2.1672
0.3710 -2.1786 2.1723
0.6543 -2.8848 2.1758
0.9923 -3.5670 2.1770
1.4296 -4.1892 2.1751
2.0066 -4.6796 2.1686
2.7164 -4.9264 2.1574
3.4676 -4.8983 2.1413
4.0868 -4.5246 2.1070
4.4283 -3.8766 2.1072
4.5405 -3.1500 2.1078
4.4739 -2.4164 2.1097
4.2683 -1.7074 2.1142
3.9784 -1.0255 2.1209
3.6641 -0.3517 2.1275
3.3688 0.3328 2.1330
3.1296 1.0404 2.1367
2.9842 1.7736 2.1385
2.9712 2.5207 2.1383
3.1295 3.2496 2.1356
3.4916 3.8987 2.1301
4.0575 4.3746 2.1222
4.7633 4.5819 2.1140
5.4862 4.4704 2.1031
6.1141 4.0953 2.0996
6.5828 3.5334 2.0990
6.8790 2.8629 2.1006
7.0231 2.1423 2.1054
7.0748 1.4062 2.1121
7.1042 0.6664 2.1186
7.1668 -0.0732 2.1236
7.3113 -0.8022 2.1269
7.5778 -1.4964 2.1288
7.9867 -2.1175 2.1299
8.5318 -2.6236 2.1310
9.1831 -2.9841 2.1330
9.8997 -3.1903 2.1359
10.6447 -3.2458 2.1406
11.4192 -3.1403 2.2681
12.1966 -2.9745 2.2746
12.9666 -2.7685 2.2800
13.7322 -2.5410 2.2836
14.4983 -2.3123 2.2851
15.2657 -2.0867 2.2849
16.0083 -1.7953 2.2789
16.6043 -1.2824 2.2557
16.7909 -0.5390 2.2187
16.4309 0.1229 2.1901
15.7368 0.4142 2.1782
14.9849 0.3330 2.1763
14.2879 0.0273 2.1805
13.6284 -0.3580 2.1844
12.9711 -0.7493 2.1865
12.3012 -1.1192 2.1866
11.6028 -1.4293 2.1828
10.8545 -1.5378 2.1653
10.1804 -1.2402 2.1290
9.9046 -0.5756 2.0954
10.1552 0.0945 2.0792
10.7335 0.5266 2.0804
11.4165 0.7792 2.0848
12.1049 1.0209 2.0853
12.7264 1.3969 2.0803
13.1806 1.9591 2.0750
13.4010 2.6468 2.0732
13.3995 3.3703 2.0748
13.2338 4.0769 2.0788
12.9686 4.7554 2.0855
12.6625 5.4194 2.0931
12.3441 6.0807 2.1003
12.0121 6.7377 2.1063
11.6435 7.3768 2.1106
11.2057 7.9717 2.1131
10.6695 8.4791 2.1138
10.0277 8.8434 2.1145
9.3147 9.0360 2.1167
8.5752 9.0661 2.1202
7.8407 8.9601 2.1253
7.1230 8.7611 2.1319
6.4149 8.5219 2.1398
5.7008 8.2906 2.1497
4.9743 8.0881 2.1606
4.2380 7.9078 2.1713
3.4970 7.7318 2.1808
2.7579 7.5355 2.1891
2.0317 7.2880 2.1962
1.3357 6.9605 2.2023
0.6901 6.5390 2.2076
0.1150 6.0229 2.2121
-0.3670 5.4174 2.2161
-0.7317 4.7334 2.2201
-0.9661 3.9927 2.2248
-1.0736 3.2214 2.2300
-1.0613 2.4408 2.2359
-0.9342 1.6678 2.2442
-0.7256 0.9090 2.2537
-0.4747 0.1596 2.2628
-0.2075 -0.5875 2.2706
0.0626 -1.3361 2.2770
0.3356 -2.0858 2.2818
0.6285 -2.8293 2.2847
0.9772 -3.5487 2.2854
1.4338 -4.2032 2.2824
2.0461 -4.7083 2.2738
2.7995 -4.9350 2.2598
3.5568 -4.7667 2.2360
4.1549 -4.2762 2.2249
4.4836 -3.5776 2.2194
4.5411 -2.8064 2.2186
4.3917 -2.0458 2.2211
4.1128 -1.3196 2.2269
3.7843 -0.6116 2.2332
3.4621 0.1016 2.2386
3.1882 0.8360 2.2421
3.0055 1.5988 2.2437
2.9583 2.3813 2.2430
3.0919 3.1520 2.2395
3.4462 3.8458 2.2326
4.0264 4.3586 2.2229
4.7633 4.5809 2.2125
5.5166 4.4469 2.2119
6.1654 4.0336 2.2072
6.6387 3.4277 2.2054
6.9202 2.7112 2.2067
7.0420 1.9485 2.2119
7.0834 1.1745 2.2182
7.1200 0.3980 2.2237
7.2123 -0.3751 2.2274
7.4145 -1.1273 2.2293
7.7646 -1.8229 2.2298
8.2710 -2.4140 2.2299
8.9105 -2.8578 2.2305
9.6392 -3.1338 2.2324
10.4119 -3.2423 2.2357
11.2169 -3.2245 2.3682
12.0319 -3.0736 2.3740
12.8295 -2.8376 2.3792
13.6224 -2.5814 2.3824
14.4196 -2.3361 2.3836
15.2214 -2.1057 2.3830
15.9980 -1.8077 2.3761
16.6133 -1.2678 2.3494
16.7769 -0.4889 2.3063
16.3574 0.1707 2.2739
15.6155 0.4160 2.2606
14.8419 0.2783 2.2597
14.1292 -0.0640 2.2636
13.4475 -0.4686 2.2665
12.7638 -0.8715 2.2675
12.0642 -1.2455 2.2663
11.3204 -1.5119 2.2577
10.5459 -1.4682 2.2288
9.9924 -0.9588 2.1848
9.9792 -0.2197 2.1540
10.4491 0.3534 2.1469
11.1240 0.6794 2.1507
11.8395 0.9148 2.1530
12.5170 1.2393 2.1490
13.0551 1.7568 2.1421
13.3595 2.4362 2.1383
13.4179 3.1793 2.1384
13.2839 3.9147 2.1415
13.0280 4.6197 2.1476
12.7175 5.3056 2.1548
12.3908 5.9867 2.1618
12.0514 6.6641 2.1676
11.6772 7.3248 2.1718
11.2330 7.9414 2.1740
10.6855 8.4677 2.1742
10.0264 8.8436 2.1744
9.2926 9.0389 2.1762
8.5322 9.0631 2.1794
7.7785 8.9456 2.1843
7.0427 8.7350 2.1909
6.3151 8.4887 2.1990
5.5798 8.2558 2.2089
4.8320 8.0525 2.2196
4.0751 7.8697 2.2298
3.3148 7.6867 2.2387
2.5591 7.4751 2.2464
1.8214 7.2008 2.2529
1.1216 6.8365 2.2584
0.4819 6.3722 2.2631
-0.0759 5.8101 2.2670
-0.5258 5.1572 2.2705
-0.8453 4.4301 2.2744
-1.0286 3.6557 2.2791
-1.0830 2.8598 2.2842
-1.0117 2.0632 2.2910
-0.8350 1.2799 2.2998
-0.5954 0.5099 2.3090
-0.3276 -0.2542 2.3172
-0.0521 -1.0183 2.3240
0.2243 -1.7843 2.3291
0.5116 -2.5478 2.3325
0.8401 -3.2953 2.3338
1.2605 -3.9942 2.3319
1.8305 -4.5725 2.3245
2.5638 -4.9047 2.3108
3.3302 -4.8643 1.9070
3.9228 -4.6952 1.7560
4.3184 -4.2322 1.7600
4.5099 -3.6485 1.7639
4.5495 -3.0330 1.7673
4.4744 -2.4191 1.7711
4.3095 -1.8212 1.7759
4.0776 -1.2434 1.7833
3.8142 -0.6759 1.7918
3.5514 -0.1049 1.7999
3.3128 0.4793 1.8068
3.1207 1.0826 1.8124
2.9984 1.7054 1.8167
2.9694 2.3404 1.8195
3.0573 2.9703 1.8208
3.2845 3.5639 1.8204
3.6642 4.0721 1.8184
4.1850 4.4314 1.8153
4.7976 4.5838 1.8122
5.4172 4.4887 1.8049
5.9757 4.1986 1.8045
6.4271 3.7597 1.8056
6.7489 3.2172 1.8082
6.9470 2.6165 1.8122
7.0422 1.9888 1.8187
7.0768 1.3519 1.8267
7.0998 0.7116 1.8346
7.1479 0.0702 1.8413
7.2521 -0.5665 1.8468
7.4402 -1.1850 1.8512
7.7314 -1.7635 1.8548
8.1312 -2.2742 1.8581
8.6304 -2.6900 1.8614
9.2069 -2.9924 1.8653
9.8331 -3.1763 1.8699
10.4838 -3.2476 1.8753
11.1366 -3.1968 1.8757
11.7835 -3.0772 1.8846
12.4261 -2.9216 1.8932
13.0650 -2.7411 1.9006
13.7028 -2.5484 1.9066
14.3417 -2.3531 1.9108
14.9815 -2.1566 1.9133
15.6194 -1.9526 1.9138
16.2321 -1.6848 1.9107
16.7367 -1.2572 1.8965
16.9609 -0.6456 1.8793
16.8110 -0.0170 1.8675
16.3557 0.4404 1.8618
15.7434 0.6469 1.8594
15.0977 0.6075 1.8571
14.5059 0.3449 1.8602
13.9739 -0.0322 1.8667
13.4232 -0.3848 1.8712
12.8684 -0.7343 1.8750
12.3042 -1.0699 1.8767
11.7118 -1.3525 1.8760
11.0788 -1.5153 1.8690
10.4415 -1.4228 1.8501
9.9808 -0.9915 1.8269
9.8999 -0.3721 1.8130
10.1925 0.1806 1.8083
10.7086 0.5415 1.8124
11.3041 0.7615 1.8181
11.9101 0.9570 1.8210
12.4845 1.2307 1.8204
12.9654 1.6441 1.8181
13.2870 2.1895 1.8173
13.4226 2.8089 1.8189
13.3922 3.4439 1.8224
13.2393 4.0633 1.8273
13.0091 4.6610 1.8343
12.7420 5.2464 1.8428
12.4634 5.8298 1.8516
12.1777 6.4131 1.8595
11.8734 6.9897 1.8661
11.5294 7.5457 1.8713
11.1226 8.0593 1.8751
10.6377 8.5005 1.8773
10.0687 8.8270 1.8798
9.4390 9.0152 1.8836
8.7824 9.0715 1.8883
8.1238 9.0132 1.8937
7.4767 8.8663 1.9004
6.8412 8.6656 1.9080
6.2082 8.4483 1.9168
5.5667 8.2461 1.9276
4.9134 8.0695 1.9396
4.2513 7.9102 1.9515
3.5845 7.7537 1.9623
2.9177 7.5825 1.9718
2.2580 7.3752 1.9804
1.6172 7.1082 1.9881
1.0105 6.7660 1.9951
0.4529 6.3447 2.0014
-0.0409 5.8473 2.0070
-0.4533 5.2785 2.0121
-0.7660 4.6474 2.0174
-0.9700 3.9712 2.0233
-1.0689 3.2695 2.0296
-1.0701 2.5586 2.0362
-0.9753 1.8514 2.0446
-0.8014 1.1557 2.0548
-0.5812 0.4691 2.0653
-0.3405 -0.2143 2.0749
-0.0938 -0.8989 2.0832
0.1538 -1.5860 2.0901
0.4074 -2.2732 2.0954
0.6854 -2.9525 2.0991
1.0188 -3.6072 2.1007
1.4474 -4.2030 2.0994
2.0062 -4.6746 2.0940
2.6894 -4.9211 2.0845
3.4010 -4.8382 2.0675
4.0051 -4.4532 2.0581
4.3984 -3.8568 2.0535
4.5491 -3.1576 2.0530
4.4945 -2.4427 2.0551
4.2935 -1.7522 2.0597
4.0090 -1.0887 2.0666
3.7004 -0.4332 2.0736
3.4080 0.2322 2.0795
3.1647 0.9187 2.0839
3.0046 1.6301 2.0865
2.9633 2.3583 2.0872
3.0769 3.0780 2.0857
3.3782 3.7392 2.0816
3.8789 4.2612 2.0751
4.5381 4.5504 2.0676
5.2522 4.5379 2.0424
5.9034 4.2420 2.0507
6.4261 3.7551 2.0492
6.7832 3.1355 2.0503
6.9816 2.4468 2.0537
7.0608 1.7317 2.0603
7.0904 1.0100 2.0672
7.1295 0.2865 2.0733
7.2253 -0.4333 2.0777
7.4198 -1.1336 2.0806
7.7430 -1.7851 2.0825
8.2031 -2.3486 2.0839
8.7838 -2.7874 2.0857
9.4512 -3.0806 2.0883
10.1666 -3.2273 2.0919
10.8971 -3.2233 2.0886
11.6203 -3.0978 2.1014
12.3391 -2.9367 2.1087
13.0523 -2.7426 2.1149
13.7625 -2.5308 2.1194
14.4731 -2.3162 2.1220
15.1840 -2.1006 2.1228
15.8798 -1.8425 2.1201
16.4841 -1.4234 2.1056
16.7975 -0.7749 2.0777
16.6336 -0.0869 2.0522
16.0774 0.3448 2.0394
15.3754 0.4246 2.0360
14.6916 0.2326 2.0388
14.0588 -0.0983 2.0440
13.4451 -0.4674 2.0482
12.8254 -0.8287 2.0507
12.1905 -1.1636 2.0512
11.5283 -1.4382 2.0481
10.8240 -1.5283 2.0330
10.1868 -1.2537 2.0031
9.8952 -0.6397 1.9762
10.0761 0.0122 1.9629
10.5854 0.4636 1.9636
11.2199 0.7268 1.9688
11.8761 0.9391 1.9714
12.4977 1.2347 1.9694
13.0068 1.6933 1.9651
13.3242 2.2989 1.9630
13.4276 2.9755 1.9640
13.3515 3.6578 1.9672
13.1511 4.3167 1.9725
12.8807 4.9532 1.9800
12.5847 5.5814 1.9882
12.2804 6.2087 1.9958
11.9611 6.8312 2.0020
11.6045 7.4351 2.0067
11.1820 7.9963 2.0099
10.6705 8.4777 2.0112
10.0625 8.8294 2.0128
9.3868 9.0246 2.0156
8.6833 9.0702 2.0196
7.9811 8.9880 2.0248
7.2936 8.8126 2.0314
6.6174 8.5891 2.0390
5.9392 8.3619 2.0485
5.2496 8.1591 2.0596
4.5489 7.9813 2.0710
3.8415 7.8147 2.0816
3.1325 7.6403 2.0909
2.4290 7.4336 2.0992
1.7435 7.1667 2.1064
1.0930 6.8185 2.1127
0.4956 6.3822 2.1184
-0.0312 5.8602 2.1233
-0.4665 5.2581 2.1277
-0.7895 4.5873 2.1324
-0.9916 3.8688 2.1377
-1.0778 3.1253 2.1435
-1.0550 2.3750 2.1499
-0.9271 1.6325 2.1586
-0.7242 0.9031 2.1686
-0.4823 0.1820 2.1782
-0.2251 -0.5373 2.1866
0.0350 -1.2584 2.1936
0.2973 -1.9810 2.1990
0.5752 -2.6995 2.2028
0.8987 -3.3994 2.2045
1.3118 -4.0497 2.2032
1.8608 -4.5862 2.1975
2.5551 -4.9003 2.1866
3.3068 -4.8731 2.1517
3.9555 -4.4961 2.1544
4.3837 -3.8840 2.1480
4.5473 -3.1545 2.1462
4.4869 -2.4076 2.1477
4.2686 -1.6885 2.1524
3.9666 -0.9973 2.1590
3.6452 -0.3121 2.1654
3.3474 0.3857 2.1705
3.1108 1.1078 2.1738
2.9749 1.8559 2.1752
2.9803 2.6157 2.1744
3.1678 3.3502 2.1709
3.5689 3.9898 2.1643
4.1749 4.4330 2.1555
4.9060 4.5856 2.1467
5.5502 4.3930 1.8677
6.1012 4.0437 1.8677
6.5436 3.5654 1.8678
6.8431 2.9859 1.8701
7.0057 2.3523 1.8747
7.0678 1.6982 1.8820
7.0897 1.0385 1.8898
7.1207 0.3766 1.8969
7.1966 -0.2838 1.9026
7.3498 -0.9321 1.9071
7.6058 -1.5483 1.9105
7.9769 -2.1037 1.9134
8.4587 -2.5677 1.9163
9.0308 -2.9162 1.9196
9.6642 -3.1393 1.9237
10.3297 -3.2409 1.9285
11.0014 -3.2104 1.9250
11.6665 -3.0936 1.9338
12.3277 -2.9424 1.9422
12.9847 -2.7629 1.9495
13.6396 -2.5676 1.9553
14.2950 -2.3680 1.9594
14.9508 -2.1661 1.9617
15.6004 -1.9437 1.9619
16.2117 -1.6358 1.9565
16.6749 -1.1437 1.9394
16.7980 -0.4920 1.9168
16.4992 0.0921 1.9013
15.9216 0.4029 1.8954
15.2629 0.4159 1.8953
14.6333 0.2115 1.8992
14.0474 -0.1041 1.9051
13.4761 -0.4497 1.9102
12.8980 -0.7868 1.9137
12.3052 -1.0992 1.9154
11.6912 -1.3675 1.9146
11.0418 -1.5191 1.9068
10.3966 -1.4007 1.8857
9.9559 -0.9336 1.8610
9.9205 -0.2984 1.8471
10.2593 0.2413 1.8427
10.8054 0.5797 1.8475
11.4172 0.7908 1.8527
12.0318 0.9984 1.8548
12.6022 1.3048 1.8532
13.0585 1.7609 1.8506
13.3383 2.3415 1.8501
13.4276 2.9810 1.8520
13.3571 3.6247 1.8558
13.1740 4.2483 1.8611
12.9243 4.8511 1.8687
12.6474 5.4453 1.8773
12.3623 6.0389 1.8858
12.0670 6.6307 1.8930
11.7450 7.2108 1.8989
11.3724 7.7617 1.9032
10.9279 8.2577 1.9061
10.3970 8.6601 1.9081
9.7873 8.9300 1.9109
9.1313 9.0574 1.9150
8.4611 9.0566 1.9199
7.7974 8.9489 1.9258
7.1473 8.7670 1.9330
6.5051 8.5500 1.9410
5.8589 8.3350 1.9509
5.2012 8.1445 1.9624
4.5330 7.9767 1.9744
3.8583 7.8186 1.9855
3.1815 7.6533 1.9954
2.5089 7.4601 2.0041
1.8506 7.2146 2.0120
1.2215 6.8964 2.0191
0.6374 6.4975 2.0255
0.1136 6.0193 2.0311
-0.3330 5.4659 2.0362
-0.6825 4.8449 2.0413
-0.9219 4.1716 2.0468
-1.0516 3.4667 2.0529
-1.0791 2.7481 2.0593
-1.0078 2.0302 2.0670
-0.8486 1.3231 2.0768
-0.6343 0.6267 2.0872
-0.3941 -0.0650 2.0969
-0.1451 -0.7570 2.1054
0.1051 -1.4515 2.1124
0.3595 -2.1467 2.1180
0.6343 -2.8359 2.1218
0.9591 -3.5038 2.1236
1.3741 -4.1191 2.1226
1.9184 -4.6199 2.1176
2.5951 -4.9060 2.1080
3.3128 -4.8757 1.9591
3.9142 -4.5609 1.9518
4.3315 -4.0266 1.9488
4.5300 -3.3774 1.9486
4.5334 -2.6969 1.9508
4.3895 -2.0299 1.9546
4.1462 -1.3897 1.9611
3.8575 -0.7655 1.9687
3.5670 -0.1393 1.9759
3.3047 0.5016 1.9818
3.0992 1.1646 1.9862
2.9807 1.8494 1.9889
2.9802 2.5447 1.9899
3.1284 3.2234 1.9889
3.4517 3.8364 1.9857
3.9546 4.3095 1.9805
4.5946 4.5610 1.9747
5.2762 4.5380 1.9365
5.8897 4.2467 1.9465
6.3932 3.7918 1.9459
6.7463 3.2120 1.9457
6.9201 2.5548 1.9504
7.0143 1.8779 1.9566
7.0590 1.1934 1.9639
7.0891 0.5054 1.9709
7.1558 -0.1819 1.9762
7.3074 -0.8569 1.9802
7.5625 -1.5013 1.9832
7.9434 -2.0802 1.9855
8.4442 -2.5606 1.9881
9.0393 -2.9194 1.9910
9.6977 -3.1460 1.9947
10.3888 -3.2430 1.9992
11.0889 -3.2329 2.0009
11.7814 -3.1267 2.0082
12.4615 -2.9440 2.0163
13.1363 -2.7333 2.0229
13.8117 -2.5180 2.0278
14.4903 -2.3079 2.0310
15.1698 -2.0982 2.0323
15.8365 -1.8519 2.0306
16.4295 -1.4692 2.0195
16.7810 -0.8720 1.9960
16.7030 -0.1957 1.9729
16.2264 0.2848 1.9604
15.5657 0.4398 1.9570
14.8951 0.3172 1.9585
14.2739 0.0272 1.9640
13.6816 -0.3234 1.9691
13.0893 -0.6770 1.9729
12.4841 -1.0103 1.9748
11.8599 -1.3067 1.9745
11.2010 -1.5069 1.9682
10.5242 -1.4579 1.9481
10.0111 -1.0379 1.9202
9.9033 -0.3924 1.9019
10.2094 0.1862 1.8950
10.7564 0.5553 1.8989
11.3824 0.7799 1.9041
12.0144 0.9922 1.9060
12.6012 1.3053 1.9039
13.0679 1.7757 1.9007
13.3475 2.3755 1.8997
13.4277 3.0335 1.9014
13.3429 3.6929 1.9052
13.1448 4.3300 1.9106
12.8823 4.9464 1.9184
12.5960 5.5553 1.9268
12.3018 6.1637 1.9348
11.9943 6.7683 1.9415
11.6535 7.3571 1.9467
11.2534 7.9089 1.9505
10.7736 8.3937 1.9525
10.2016 8.7652 1.9543
9.5571 8.9912 1.9572
8.8773 9.0717 1.9614
8.1924 9.0250 1.9664
7.5192 8.8787 1.9728
6.8591 8.6722 1.9802
6.2021 8.4470 1.9889
5.5361 8.2384 1.9996
4.8583 8.0565 2.0113
4.1717 7.8919 2.0227
3.4810 7.7287 2.0329
2.7915 7.5468 2.0419
2.1121 7.3212 2.0499
1.4566 7.0273 2.0571
0.8420 6.6512 2.0635
0.2845 6.1915 2.0691
-0.1989 5.6520 2.0741
-0.5879 5.0392 2.0789
-0.8654 4.3666 2.0840
-1.0279 3.6553 2.0898
-1.0822 2.9255 2.0959
-1.0332 2.1930 2.1030
-0.8880 1.4702 2.1123
-0.6785 0.7595 2.1225
-0.4373 0.0550 2.1322
-0.1845 -0.6487 2.1407
0.0700 -1.3548 2.1477
0.3276 -2.0621 2.1532
0.6030 -2.7643 2.1571
0.9260 -3.4468 2.1589
1.3383 -4.0787 2.1578
1.8821 -4.5979 2.1526
2.5646 -4.9010 2.1425
3.3015 -4.8750 2.1076
3.9405 -4.5115 2.1109
4.3702 -3.9186 2.1050
4.5447 -3.2070 2.1036
4.4999 -2.4739 2.1052
4.2980 -1.7656 2.1096
4.0075 -1.0858 2.1163
3.6919 -0.4144 2.1230
3.3939 0.2673 2.1286
3.1487 0.9713 2.1325
2.9933 1.7010 2.1346
2.9658 2.4465 2.1346
3.1049 3.1782 2.1323
3.4445 3.8382 2.1271
3.9900 4.3362 2.1195
4.6849 4.5748 2.1112
5.4176 4.5220 2.1001
6.0608 4.1819 2.0943
6.5359 3.6278 2.0945
6.8434 2.9640 2.0963
7.0045 2.2486 2.1006
7.0670 1.5151 2.1072
7.0978 0.7771 2.1138
7.1532 0.0385 2.1191
7.2823 -0.6920 2.1227
7.5277 -1.3925 2.1248
7.9133 -2.0268 2.1260
8.4375 -2.5526 2.1271
9.0734 -2.9368 2.1289
9.7810 -3.1672 2.1318
10.5222 -3.2466 2.1360
11.2632 -3.2184 2.1101
11.9888 -3.0767 2.1180
12.7024 -2.8715 2.1249
13.4121 -2.6461 2.1302
14.1238 -2.4216 2.1337
14.8388 -2.2048 2.1353
15.5505 -1.9773 2.1348
16.2194 -1.6513 2.1268
16.7034 -1.1020 2.1036
16.7701 -0.3890 2.0742
16.3635 0.1909 2.0549
15.6955 0.4279 2.0478
14.9886 0.3419 2.0477
14.3322 0.0550 2.0526
13.7111 -0.3075 2.0573
13.0924 -0.6771 2.0605
12.4616 -1.0271 2.0618
11.8106 -1.3375 2.0607
11.1185 -1.5273 2.0516
10.4226 -1.4169 2.0263
9.9563 -0.9117 1.9951
9.9540 -0.2317 1.9763
10.3623 0.3133 1.9712
10.9691 0.6376 1.9759
11.6269 0.8532 1.9799
12.2718 1.1049 1.9795
12.8362 1.5008 1.9754
13.2324 2.0620 1.9721
13.4128 2.7249 1.9719
13.3952 3.4133 1.9744
13.2322 4.0847 1.9788
12.9797 4.7305 1.9857
12.6885 5.3631 1.9937
12.3858 5.9934 2.0016
12.0722 6.6212 2.0083
11.7297 7.2359 2.0135
11.3299 7.8165 2.0171
10.8482 8.3318 2.0189
10.2677 8.7320 2.0201
9.6068 8.9795 2.0224
8.9056 9.0713 2.0261
8.1981 9.0263 2.0308
7.5030 8.8750 2.0370
6.8218 8.6606 2.0443
6.1433 8.4291 2.0531
5.4549 8.2167 2.0638
4.7547 8.0315 2.0752
4.0463 7.8625 2.0861
3.3347 7.6919 2.0958
2.6261 7.4965 2.1042
1.9316 7.2485 2.1117
1.2672 6.9230 2.1182
0.6514 6.5095 2.1240
0.1019 6.0086 2.1291
-0.3616 5.4251 2.1335
-0.7167 4.7685 2.1380
-0.9508 4.0578 2.1431
-1.0663 3.3164 2.1488
-1.0709 2.5640 2.1549
-0.9669 1.8162 2.1630
-0.7784 1.0815 2.1728
-0.5427 0.3568 2.1825
-0.2870 -0.3647 2.1912
-0.0264 -1.0874 2.1985
0.2353 -1.8121 2.2043
0.5081 -2.5346 2.2084
0.8185 -3.2427 2.2106
1.2081 -3.9103 2.2101
1.7250 -4.4819 2.2054
2.3925 -4.8569 2.1954
3.1488 -4.9162 2.1706
3.8324 -4.6010 2.1623
4.3161 -4.0287 2.1548
4.5338 -3.3118 2.1522
4.5145 -2.5610 2.1531
4.3228 -1.8328 2.1570
4.0313 -1.1355 2.1634
3.7091 -0.4491 2.1699
3.4027 0.2469 2.1753
3.1502 0.9655 2.1789
2.9909 1.7109 2.1806
2.9657 2.4724 2.1802
3.1161 3.2178 2.1772
3.4774 3.8837 2.1711
4.0511 4.3720 2.1625
4.7703 4.5822 2.1534
5.5026 4.4557 2.1403
6.1361 4.0643 2.1366
6.6066 3.4873 2.1354
6.8972 2.8007 2.1368
7.0319 2.0652 2.1419
7.0785 1.3160 2.1485
7.1097 0.5636 2.1546
7.1823 -0.1876 2.1592
7.3468 -0.9250 2.1620
7.6429 -1.6201 2.1634
8.0870 -2.2314 2.1641
8.6669 -2.7159 2.1651
9.3472 -3.0462 2.1670
10.0850 -3.2180 2.1699
10.8440 -3.2371 2.1724
11.5986 -3.1658 2.1731
12.3378 -2.9821 2.1804
13.0680 -2.7569 2.1862
13.7976 -2.5238 2.1901
14.5308 -2.2987 2.1922
15.2657 -2.0783 2.1924
15.9797 -1.8009 2.1878
16.5696 -1.3274 2.1686
16.8024 -0.6258 2.1367
16.5226 0.0449 2.1106
15.8876 0.3949 2.0988
15.1596 0.3837 2.0963
14.4738 0.1265 2.1004
13.8326 -0.2344 2.1051
13.2003 -0.6139 2.1083
12.5579 -0.9775 2.1096
11.8967 -1.3055 2.1086
11.1946 -1.5218 2.1002
10.4772 -1.4425 2.0746
9.9755 -0.9497 2.0405
9.9500 -0.2561 2.0187
10.3595 0.3054 2.0125
10.9781 0.6374 2.0168
11.6496 0.8573 2.0206
12.3056 1.1191 2.0197
12.8723 1.5351 2.0149
13.2579 2.1199 2.0112
13.4189 2.8018 2.0110
13.3797 3.5031 2.0135
13.1975 4.1838 2.0181
12.9311 4.8390 2.0253
12.6314 5.4829 2.0332
12.3217 6.1251 2.0406
11.9983 6.7631 2.0468
11.6390 7.3836 2.0514
11.2136 7.9620 2.0544
10.6959 8.4595 2.0555
10.0772 8.8232 2.0566
9.3874 9.0243 2.0592
8.6687 9.0696 2.0629
7.9520 8.9822 2.0680
7.2508 8.7997 2.0745
6.5606 8.5701 2.0822
5.8674 8.3402 2.0918
5.1623 8.1365 2.1028
4.4465 7.9571 2.1139
3.7246 7.7870 2.1241
3.0021 7.6053 2.1330
2.2875 7.3849 2.1409
1.5944 7.0980 2.1471
0.9424 6.7240 2.1519
0.3462 6.2633 2.1566
-0.1893 5.7309 2.1611
-0.6478 5.1294 2.1653
-0.9869 4.4526 2.1684
-1.1452 3.7128 2.1704
-1.1310 2.9528 2.1775
-1.0296 2.1964 2.1852
-0.8643 1.4482 2.1944
-0.6494 0.7091 2.2041
-0.4040 -0.0239 2.2133
-0.1451 -0.7555 2.2211
0.1175 -1.4884 2.2274
0.3862 -2.2211 2.2321
0.6795 -2.9457 2.2350
1.0338 -3.6428 2.2356
1.4983 -4.2700 2.2326
2.1143 -4.7426 2.2242
2.8590 -4.9372 2.2111
3.5807 -4.7917 2.0590
4.1367 -4.3459 2.0524
4.4584 -3.7090 2.0501
4.5502 -3.0001 2.0506
4.4582 -2.2894 2.0531
4.2352 -1.6061 2.0584
3.9425 -0.9465 2.0654
3.6352 -0.2909 2.0723
3.3507 0.3773 2.0780
3.1222 1.0682 2.0819
2.9843 1.7835 2.0842
2.9725 2.5117 2.0845
3.1226 3.2234 2.0825
3.4654 3.8624 2.0779
4.0038 4.3430 2.0711
4.6839 4.5745 2.0637
5.3884 4.4896 2.0356
6.0033 4.1248 2.0469
6.5040 3.6166 2.0451
6.8391 2.9865 2.0460
7.0113 2.2922 2.0502
7.0724 1.5764 2.0571
7.0973 0.8556 2.0639
7.1432 0.1338 2.0697
7.2558 -0.5821 2.0738
7.4750 -1.2736 2.0765
7.8261 -1.9087 2.0782
8.3118 -2.4482 2.0797
8.9118 -2.8579 2.0817
9.5901 -3.1211 2.0846
10.3094 -3.2396 2.0885
11.0409 -3.2271 2.0955
11.7657 -3.1099 2.1030
12.4797 -2.9260 2.1104
13.1879 -2.7125 2.1163
13.8958 -2.4917 2.1205
14.6060 -2.2750 2.1227
15.3163 -2.0567 2.1231
16.0043 -1.7796 2.1190
16.5730 -1.3169 2.1014
16.8049 -0.6381 2.0725
16.5514 0.0209 2.0492
15.9489 0.3858 2.0386
15.2419 0.4053 2.0363
14.5687 0.1764 2.0401
13.9423 -0.1677 2.0452
13.3286 -0.5377 2.0492
12.7064 -0.8951 2.0513
12.0677 -1.2229 2.0513
11.3974 -1.4757 2.0468
10.6906 -1.5085 2.0285
10.0964 -1.1564 1.9974
9.8953 -0.5085 1.9730
10.1560 0.1159 1.9622
10.7032 0.5229 1.9648
11.3475 0.7639 1.9698
12.0015 0.9828 1.9715
12.6082 1.3068 1.9687
13.0847 1.7986 1.9646
13.3597 2.4246 1.9631
13.4243 3.1065 1.9646
13.3196 3.7854 1.9682
13.1018 4.4394 1.9740
12.8242 5.0735 1.9818
12.5266 5.7015 1.9899
12.2208 6.3287 1.9972
11.8964 6.9491 2.0032
11.5289 7.5469 2.0076
11.0907 8.0960 2.0103
10.5599 8.5562 2.0117
9.9360 8.8791 2.0134
9.2521 9.0446 2.0165
8.5470 9.0640 2.0207
7.8471 8.9607 2.0261
7.1624 8.7724 2.0330
6.4870 8.5446 2.0408
5.8070 8.3206 2.0507
5.1149 8.1231 2.0620
4.4126 7.9486 2.0733
3.7044 7.7821 2.0837
2.9958 7.6033 2.0928
2.2946 7.3870 2.1008
1.6144 7.1055 2.1078
0.9728 6.7403 2.1141
0.3874 6.2872 2.1195
-0.1235 5.7492 2.1243
-0.5385 5.1325 2.1288
-0.8382 4.4506 2.1335
-1.0172 3.7255 2.1389
-1.0820 2.9794 2.1448
-1.0379 2.2296 2.1516
-0.8924 1.4896 2.1607
-0.6794 0.7623 2.1707
-0.4330 0.0419 2.1801
-0.1745 -0.6776 2.1882
0.0858 -1.3992 2.1949
0.3497 -2.1217 2.2000
0.6339 -2.8379 2.2034
0.9714 -3.5312 2.2046
1.4079 -4.1658 2.2027
1.9866 -4.6688 2.1959
2.7029 -4.9253 2.1842
3.4030 -4.8179 1.8963
3.9597 -4.4610 1.8948
4.3557 -3.9349 1.8911
4.5407 -3.3027 1.8911
4.5329 -2.6423 1.8937
4.3830 -1.9968 1.8980
4.1412 -1.3772 1.9047
3.8591 -0.7717 1.9126
3.5764 -0.1635 1.9201
3.3198 0.4587 1.9264
3.1154 1.1019 1.9312
2.9904 1.7662 1.9346
2.9734 2.4425 1.9363
3.0929 3.1082 1.9362
3.3746 3.7217 1.9340
3.8286 4.2185 1.9300
4.4267 4.5218 1.9250
5.0932 4.5752 1.9207
5.7799 4.3228 2.1338
6.3500 3.8467 2.1311
6.7453 3.2173 2.1312
6.9672 2.5065 2.1339
7.0566 1.7646 2.1400
7.0894 1.0152 2.1466
7.1308 0.2640 2.1522
7.2339 -0.4824 2.1561
7.4460 -1.2060 2.1583
7.7990 -1.8724 2.1593
8.2980 -2.4376 2.1601
8.9209 -2.8631 2.1614
9.6271 -3.1307 2.1638
10.3755 -3.2417 2.1674
11.1502 -3.1784 2.2952
11.9396 -3.0235 2.3019
12.7230 -2.8314 2.3075
13.5003 -2.6094 2.3114
14.2760 -2.3784 2.3134
15.0538 -2.1529 2.3136
15.8186 -1.8900 2.3099
16.4803 -1.4404 2.2912
16.7954 -0.7265 2.2543
16.5520 -0.0025 2.2204
15.8971 0.3840 2.2041
15.1336 0.3706 2.2000
14.4168 0.0932 2.2036
13.7458 -0.2882 2.2076
13.0824 -0.6853 2.2098
12.4084 -1.0647 2.2101
11.7092 -1.3936 2.2072
10.9583 -1.5441 2.1917
10.2513 -1.3024 2.1561
9.9103 -0.6593 2.1193
10.1110 0.0343 2.1000
10.6735 0.4963 2.0999
11.3585 0.7622 2.1043
12.0551 1.0017 2.1052
12.6901 1.3688 2.1002
13.1614 1.9258 2.0944
13.3963 2.6155 2.0922
13.4031 3.3456 2.0935
13.2402 4.0594 2.0974
12.9741 4.7444 2.1040
12.6653 5.4144 2.1115
12.3440 6.0814 2.1187
12.0090 6.7440 2.1245
11.6366 7.3883 2.1287
11.1935 7.9871 2.1310
10.6492 8.4949 2.1315
9.9983 8.8552 2.1321
9.2770 9.0409 2.1343
8.5311 9.0624 2.1378
7.7916 8.9477 2.1428
7.0693 8.7426 2.1495
6.3554 8.5011 2.1575
5.6345 8.2709 2.1675
4.9011 8.0695 2.1784
4.1584 7.8892 2.1889
3.4117 7.7108 2.1982
2.6680 7.5086 2.2062
1.9392 7.2505 2.2131
1.2436 6.9085 2.2191
0.6020 6.4705 2.2241
0.0352 5.9371 2.2284
-0.4334 5.3140 2.2322
-0.7796 4.6142 2.2362
-0.9934 3.8615 2.2409
-1.0801 3.0819 2.2462
-1.0455 2.2962 2.2524
-0.8988 1.5207 2.2609
-0.6779 0.7593 2.2704
-0.4205 0.0059 2.2792
-0.1503 -0.7461 2.2867
0.1216 -1.5000 2.2926
0.3986 -2.2539 2.2969
0.7021 -2.9988 2.2993
1.0731 -3.7124 2.2992
1.5668 -4.3446 2.2948
2.2234 -4.7963 2.2844
3.0007 -4.9337 2.2693
3.7072 -4.6916 2.1192
4.2305 -4.1761 2.1120
4.5049 -3.4952 2.1090
4.5399 -2.7605 2.1095
4.3923 -2.0380 2.1126
4.1269 -1.3472 2.1187
3.8140 -0.6736 2.1256
3.5040 0.0039 2.1317
3.2335 0.6999 2.1363
3.0389 1.4219 2.1390
2.9583 2.1654 2.1398
3.0304 2.9089 2.1384
3.2928 3.6063 2.1342
3.7657 4.1776 2.1273
4.4181 4.5221 2.1188
5.1484 4.5652 1.9855
5.7874 4.3098 1.9735
6.3215 3.8766 1.9723
6.7058 3.3058 1.9733
6.9381 2.6563 1.9763
7.0435 1.9724 1.9823
7.0802 1.2784 1.9897
7.1079 0.5813 1.9966
7.1718 -0.1154 2.0022
7.3114 -0.8023 2.0062
7.5598 -1.4587 2.0091
7.9346 -2.0525 2.0113
8.4327 -2.5482 2.0134
9.0318 -2.9172 2.0160
9.6979 -3.1480 2.0195
10.3977 -3.2444 2.0240
11.1203 -3.2766 2.1243
11.8465 -3.2090 2.0827
12.5435 -2.9915 2.0913
13.2304 -2.7356 2.0974
13.9232 -2.4905 2.1015
14.6242 -2.2665 2.1038
15.3279 -2.0493 2.1043
16.0163 -1.7903 2.1007
16.6046 -1.3641 2.0670
16.8578 -0.7016 2.0456
16.6471 -0.0451 2.0027
16.0922 0.3692 1.9983
15.4075 0.4782 1.9952
14.7287 0.3279 1.9965
14.0979 0.0262 2.0021
13.4892 -0.3226 2.0068
12.8778 -0.6694 2.0097
12.2543 -0.9954 2.0105
11.6259 -1.3115 2.0092
10.9577 -1.5110 1.9941
10.2961 -1.3523 1.9644
9.9117 -0.8076 1.9381
9.9818 -0.1483 1.9245
10.4146 0.3567 1.9221
11.0149 0.6576 1.9272
11.6572 0.8659 1.9312
12.2850 1.1146 1.9311
12.8350 1.5021 1.9276
13.2252 2.0474 1.9249
13.4098 2.6923 1.9250
13.4029 3.3646 1.9276
13.2527 4.0222 1.9320
13.0123 4.6551 1.9388
12.7302 5.2737 1.9470
12.4355 5.8898 1.9551
12.1321 6.5046 1.9623
11.8053 7.1097 1.9681
11.4294 7.6875 1.9723
10.9794 8.2107 1.9748
10.4368 8.6369 1.9763
9.8086 8.9232 1.9786
9.1300 9.0574 1.9822
8.4365 9.0544 1.9867
7.7505 8.9381 1.9925
7.0791 8.7457 1.9996
6.4151 8.5202 2.0077
5.7455 8.3016 2.0178
5.0639 8.1095 2.0292
4.3724 7.9389 2.0408
3.6753 7.7751 2.0512
2.9777 7.5984 2.0604
2.2876 7.3847 2.0686
1.6178 7.1075 2.0758
0.9852 6.7490 2.0823
0.4069 6.3048 2.0880
-0.0999 5.7781 2.0930
-0.5149 5.1745 2.0976
-0.8188 4.5064 2.1025
-1.0052 3.7943 2.1080
-1.0798 3.0599 2.1140
-1.0488 2.3202 2.1207
-0.9168 1.5888 2.1296
-0.7136 0.8699 2.1397
-0.4737 0.1587 2.1495
-0.2197 -0.5511 2.1580
0.0369 -1.2628 2.1651
0.2956 -1.9762 2.1708
0.5697 -2.6855 2.1747
0.8879 -3.3771 2.1766
1.2921 -4.0218 2.1758
1.8268 -4.5595 2.1707
2.5046 -4.8878 2.1606
3.2482 -4.8890 2.1270
3.9042 -4.5460 2.1266
4.3520 -3.9601 2.1203
4.5411 -3.2470 2.1185
4.5055 -2.5083 2.1199
4.3079 -1.7936 2.1241
4.0177 -1.1081 2.1307
3.7001 -0.4320 2.1374
3.3992 0.2539 2.1429
3.1511 0.9621 2.1468
2.9935 1.6964 2.1487
2.9653 2.4468 2.1486
3.1060 3.1830 2.1461
3.4502 3.8461 2.1407
4.0024 4.3434 2.1328
4.7040 4.5765 2.1243
5.4079 4.4831 1.9803
6.0159 4.1567 1.9786
6.4951 3.6606 1.9781
6.8180 3.0500 1.9800
6.9948 2.3806 1.9840
7.0644 1.6888 1.9910
7.0912 0.9913 1.9982
7.1289 0.2918 2.0046
7.2199 -0.4045 2.0095
7.4022 -1.0837 2.0130
7.7035 -1.7198 2.0155
8.1332 -2.2777 2.0175
8.6796 -2.7231 2.0197
9.3134 -3.0338 2.0226
9.9996 -3.2061 2.0264
10.7076 -3.2451 2.0319
11.4193 -3.1824 2.0476
12.1203 -3.0277 2.0557
12.8130 -2.8288 2.0628
13.5033 -2.6138 2.0682
14.1952 -2.3987 2.0719
14.8894 -2.1879 2.0737
15.5790 -1.9618 2.0734
16.2263 -1.6399 2.0662
16.6990 -1.1075 2.0451
16.7796 -0.4149 2.0183
16.4057 0.1647 2.0007
15.7663 0.4246 1.9942
15.0750 0.3707 1.9938
14.4288 0.1090 1.9987
13.8213 -0.2394 2.0039
13.2198 -0.6016 2.0078
12.6075 -0.9471 2.0098
11.9775 -1.2599 2.0098
11.3148 -1.4900 2.0047
10.6224 -1.4902 1.9858
10.0613 -1.1128 1.9564
9.8950 -0.4684 1.9350
10.1680 0.1376 1.9262
10.7094 0.5320 1.9291
11.3424 0.7677 1.9342
11.9851 0.9815 1.9362
12.5842 1.2940 1.9339
13.0619 1.7680 1.9303
13.3474 2.3762 1.9289
13.4276 3.0443 1.9305
13.3389 3.7134 1.9341
13.1346 4.3592 1.9396
12.8662 4.9840 1.9473
12.5747 5.6016 1.9556
12.2752 6.2186 1.9633
11.9608 6.8310 1.9697
11.6102 7.4254 1.9746
11.1960 7.9788 1.9781
10.6966 8.4570 1.9797
10.1030 8.8117 1.9814
9.4411 9.0149 1.9844
8.7493 9.0715 1.9885
8.0568 9.0019 1.9937
7.3778 8.8376 2.0002
6.7108 8.6209 2.0077
6.0438 8.3949 2.0169
5.3662 8.1906 2.0279
4.6772 8.0121 2.0395
