x y v
9.2125 9.0032 1.3005
8.7567 9.0238 1.3076
8.2988 8.9964 1.3147
7.8464 8.9117 1.3177
7.3953 8.8134 1.3215
6.9328 8.8003 1.3304
6.4728 8.8853 1.3438
6.0267 8.7859 1.3294
5.6533 8.4990 1.3601
5.2627 8.2239 1.3731
4.8215 8.0287 1.3887
4.3494 7.9022 1.4054
3.8644 7.8055 1.4203
3.3746 7.7078 1.4335
2.8842 7.5923 1.4455
2.3968 7.4495 1.4566
1.9170 7.2723 1.4666
1.4508 7.0541 1.4760
1.0050 6.7904 1.4848
0.5865 6.4803 1.4929
0.2011 6.1259 1.5003
-0.1446 5.7293 1.5073
-0.4424 5.2929 1.5140
-0.6841 4.8203 1.5210
-0.8653 4.3188 1.5284
-0.9862 3.7966 1.5363
-1.0491 3.2614 1.5446
-1.0556 2.7195 1.5534
-1.0080 2.1765 1.5627
-0.9112 1.6365 1.5734
-0.7737 1.1012 1.5853
-0.6076 0.5696 1.5971
-0.4247 0.0394 1.6077
-0.2343 -0.4918 1.6167
-0.0430 -1.0257 1.6240
0.1465 -1.5627 1.6297
0.3367 -2.1013 1.6337
0.5362 -2.6375 1.6359
0.7603 -3.1645 1.6363
1.0283 -3.6700 1.6348
1.3600 -4.1348 1.6314
1.7703 -4.5292 1.6262
2.2615 -4.8109 1.6195
2.8114 -4.9310 1.6118
3.3431 -4.8446 1.4980
3.8062 -4.6061 1.4919
4.1687 -4.2343 1.4891
4.4003 -3.7696 1.4888
4.5021 -3.2596 1.4902
4.4938 -2.7384 1.4930
4.4003 -2.2241 1.4968
4.2449 -1.7232 1.5018
4.0482 -1.2346 1.5084
3.8288 -0.7530 1.5159
3.6038 -0.2712 1.5230
3.3889 0.2178 1.5288
3.1996 0.7190 1.5331
3.0514 1.2351 1.5359
2.9592 1.7646 1.5372
2.9372 2.3018 1.5371
2.9985 2.8354 1.5357
3.1560 3.3479 1.5329
3.4193 3.8132 1.5292
3.7892 4.1967 1.5247
4.2503 4.4598 1.5199
4.7674 4.5716 1.5158
5.2940 4.5220 1.5185
5.7819 4.3168 1.5170
6.1954 3.9862 1.5168
6.5199 3.5672 1.5179
6.7552 3.0913 1.5202
6.9102 2.5822 1.5238
7.0001 2.0559 1.5289
7.0444 1.5216 1.5354
7.0666 0.9834 1.5424
7.0909 0.4430 1.5486
7.1408 -0.0975 1.5535
7.2382 -0.6329 1.5575
7.4010 -1.1533 1.5606
7.6397 -1.6444 1.5632
7.9571 -2.0898 1.5657
8.3485 -2.4730 1.5684
8.8027 -2.7809 1.5715
9.3044 -3.0063 1.5753
9.8372 -3.1489 1.5799
10.3868 -3.2140 1.5853
10.9407 -3.2015 1.5777
11.4905 -3.1291 1.5886
12.0380 -3.0255 1.5963
12.5808 -2.8880 1.6030
13.1194 -2.7279 1.6078
13.6568 -2.5593 1.6106
14.1957 -2.3933 1.6114
14.7364 -2.2333 1.6100
15.2750 -2.0696 1.6066
15.8005 -1.8730 1.6005
16.2824 -1.5932 1.5904
16.6483 -1.1819 1.5750
16.7953 -0.6597 1.5466
16.6537 -0.1468 1.5334
16.2748 0.2194 1.5192
15.7723 0.3778 1.5157
15.2443 0.3527 1.5165
14.7368 0.1990 1.5187
14.2565 -0.0295 1.5221
13.7921 -0.2917 1.5255
13.3306 -0.5612 1.5278
12.8647 -0.8237 1.5280
12.3907 -1.0707 1.5260
11.9050 -1.2909 1.5215
11.4011 -1.4579 1.5140
10.8780 -1.5123 1.5006
10.3790 -1.3749 1.4819
10.0159 -1.0234 1.4607
9.9077 -0.5381 1.4364
10.0678 -0.0667 1.4350
10.4092 0.2968 1.4337
10.8457 0.5428 1.4362
11.3194 0.7115 1.4389
11.7999 0.8631 1.4401
12.2646 1.0569 1.4392
12.6835 1.3343 1.4375
13.0203 1.7058 1.4366
13.2489 2.1521 1.4372
13.3636 2.6411 1.4393
13.3755 3.1446 1.4427
13.3041 3.6447 1.4472
13.1707 4.1342 1.4528
12.9959 4.6128 1.4596
12.7966 5.0847 1.4680
12.5852 5.5547 1.4770
12.3683 6.0256 1.4856
12.1451 6.4967 1.4928
11.9081 6.9635 1.4986
11.6443 7.4176 1.5030
11.3385 7.8460 1.5063
10.9789 8.2316 1.5089
10.5620 8.5554 1.5113
10.0933 8.8001 1.5144
9.5871 8.9576 1.5186
9.0603 9.0305 1.5239
8.5264 9.0250 1.5290
7.9986 8.9394 1.5303
7.4737 8.8303 1.5343
6.9369 8.8158 1.5422
6.4004 8.8862 1.5431
5.9107 8.6930 1.5419
5.4793 8.3618 1.5616
4.9981 8.1012 1.5729
4.4709 7.9357 1.5872
3.9254 7.8194 1.6001
3.3746 7.7080 1.6111
2.8246 7.5762 1.6208
2.2806 7.4102 1.6296
1.7492 7.1997 1.6374
1.2391 6.9364 1.6444
0.7595 6.6168 1.6507
0.3186 6.2424 1.6565
-0.0755 5.8164 1.6617
-0.4126 5.3419 1.6667
-0.6820 4.8240 1.6720
-0.8782 4.2721 1.6778
-1.0019 3.6973 1.6843
-1.0562 3.1094 1.6912
-1.0436 2.5166 1.6988
-0.9683 1.9256 1.7074
-0.8389 1.3406 1.7175
-0.6699 0.7619 1.7277
-0.4766 0.1872 1.7370
-0.2721 -0.3868 1.7447
-0.0656 -0.9626 1.7505
0.1385 -1.5411 1.7545
0.3428 -2.1207 1.7568
0.5581 -2.6967 1.7572
0.8038 -3.2601 1.7556
1.1042 -3.7950 1.7519
1.4829 -4.2749 1.7462
1.9549 -4.6585 1.7385
2.5132 -4.8896 1.7291
3.1122 -4.9123 1.7065
3.6695 -4.7082 1.7012
4.1089 -4.3131 1.6954
4.3854 -3.7917 1.6924
4.4986 -3.2122 1.6916
4.4745 -2.6215 1.6926
4.3476 -2.0431 1.6950
4.1507 -1.4830 1.6991
3.9129 -0.9370 1.7042
3.6603 -0.3957 1.7091
3.4157 0.1509 1.7127
3.2009 0.7108 1.7145
3.0377 1.2881 1.7146
2.9462 1.8805 1.7131
2.9455 2.4789 1.7100
3.0535 3.0658 1.7055
3.2863 3.6128 1.6995
3.6518 4.0779 1.6924
4.1376 4.4100 1.6848
4.7027 4.5634 1.6778
5.2831 4.5044 1.6955
5.8246 4.2721 1.6876
6.2732 3.8918 1.6850
6.6078 3.4080 1.6846
6.8325 2.8636 1.6859
6.9654 2.2888 1.6888
7.0314 1.7008 1.6933
7.0607 1.1080 1.6984
7.0855 0.5133 1.7028
7.1374 -0.0809 1.7058
7.2458 -0.6680 1.7078
7.4336 -1.2351 1.7089
7.7131 -1.7631 1.7096
8.0854 -2.2305 1.7103
8.5413 -2.6173 1.7114
9.0635 -2.9095 1.7132
9.6308 -3.1028 1.7160
10.2233 -3.2014 1.7198
10.8254 -3.2145 1.7248
11.4229 -3.1365 1.7258
12.0180 -3.0275 1.7317
12.6066 -2.8797 1.7364
13.1895 -2.7058 1.7392
13.7705 -2.5238 1.7397
14.3530 -2.3471 1.7380
14.9364 -2.1771 1.7341
15.5139 -1.9940 1.7279
16.0633 -1.7470 1.7169
16.5288 -1.3759 1.6957
16.7795 -0.8511 1.6560
16.7174 -0.2830 1.6390
16.3555 0.1501 1.6231
15.8325 0.3587 1.6207
15.2681 0.3512 1.6201
14.7251 0.1911 1.6216
14.2132 -0.0544 1.6240
13.7187 -0.3353 1.6260
13.2267 -0.6216 1.6265
12.7293 -0.8979 1.6246
12.2226 -1.1543 1.6203
11.7009 -1.3733 1.6134
11.1558 -1.5064 1.6021
10.6048 -1.4724 1.5807
10.1493 -1.1876 1.5514
9.9238 -0.7075 1.5233
10.0014 -0.1873 1.5083
10.3259 0.2248 1.5100
10.7721 0.5053 1.5117
11.2674 0.6915 1.5137
11.7726 0.8514 1.5143
12.2616 1.0539 1.5125
12.6996 1.3481 1.5097
13.0453 1.7450 1.5079
13.2705 2.2205 1.5078
13.3717 2.7375 1.5095
13.3638 3.2655 1.5125
13.2700 3.7868 1.5168
13.1153 4.2953 1.5222
12.9218 4.7929 1.5291
12.7074 5.2848 1.5372
12.4840 5.7758 1.5454
12.2552 6.2674 1.5525
12.0165 6.7566 1.5582
11.7556 7.2363 1.5624
11.4560 7.6941 1.5654
11.1023 8.1124 1.5674
10.6869 8.4702 1.5691
10.2132 8.7472 1.5714
9.6952 8.9312 1.5747
9.1516 9.0231 1.5793
8.5985 9.0295 1.5838
8.0507 8.9491 1.5846
7.5069 8.8376 1.5887
6.9513 8.8185 1.5955
6.3956 8.8853 1.5948
5.8946 8.6748 1.5940
5.4467 8.3361 1.6112
4.9437 8.0797 1.6223
4.3971 7.9189 1.6360
3.8344 7.8020 1.6480
3.2678 7.6847 1.6581
2.7035 7.5429 1.6670
2.1473 7.3626 1.6750
1.6067 7.1331 1.6820
1.0915 6.8465 1.6883
0.6114 6.5009 1.6939
0.1748 6.0991 1.6990
-0.2090 5.6444 1.7036
-0.5284 5.1405 1.7082
-0.7736 4.5948 1.7133
-0.9418 4.0187 1.7190
-1.0357 3.4237 1.7252
-1.0581 2.8195 1.7321
-1.0124 2.2140 1.7397
-0.9051 1.6132 1.7488
-0.7491 1.0197 1.7587
-0.5610 0.4319 1.7681
-0.3559 -0.1535 1.7760
-0.1453 -0.7395 1.7821
0.0637 -1.3281 1.7863
0.2708 -1.9185 1.7887
0.4843 -2.5071 1.7893
0.7218 -3.0863 1.7879
1.0078 -3.6419 1.7844
1.3684 -4.1498 1.7788
1.8228 -4.5713 1.7711
2.3715 -4.8507 1.7615
2.9778 -4.9269 1.7510
3.5562 -4.7527 1.7330
4.0359 -4.3900 1.7247
4.3514 -3.8800 1.7204
4.4917 -3.2968 1.7190
4.4839 -2.6964 1.7195
4.3654 -2.1066 1.7216
4.1713 -1.5359 1.7253
3.9325 -0.9804 1.7301
3.6764 -0.4308 1.7347
3.4271 0.1235 1.7380
3.2075 0.6909 1.7395
3.0401 1.2760 1.7393
2.9462 1.8767 1.7375
2.9456 2.4835 1.7340
3.0569 3.0783 1.7290
3.2968 3.6310 1.7226
3.6731 4.0977 1.7150
4.1715 4.4249 1.7070
4.7476 4.5663 1.6997
5.3287 4.4926 1.6738
5.8588 4.2513 1.6680
6.2957 3.8677 1.6659
6.6206 3.3852 1.6658
6.8386 2.8451 1.6674
6.9678 2.2760 1.6705
7.0321 1.6942 1.6753
7.0609 1.1077 1.6806
7.0854 0.5192 1.6852
7.1361 -0.0690 1.6885
7.2416 -0.6506 1.6908
7.4245 -1.2130 1.6921
7.6970 -1.7382 1.6930
8.0609 -2.2049 1.6939
8.5076 -2.5937 1.6952
9.0208 -2.8904 1.6972
9.5800 -3.0899 1.7000
10.1655 -3.1959 1.7039
10.7619 -3.2170 1.7090
11.4224 -3.1332 2.3159
12.2177 -2.9286 2.3519
13.0180 -2.7421 2.3387
13.8000 -2.5164 2.3144
14.5652 -2.2714 2.2851
15.3272 -2.0521 2.2555
16.0523 -1.7751 2.2187
16.6131 -1.2642 2.1464
16.7977 -0.5567 2.0883
16.4576 0.0654 2.0524
15.8130 0.3471 2.0180
15.1134 0.2982 2.0124
14.4545 0.0541 2.0100
13.8340 -0.2759 2.0069
13.2261 -0.6260 2.0006
12.6169 -0.9661 1.9856
11.9988 -1.2762 1.9639
11.3529 -1.4915 1.9351
10.6844 -1.5224 1.8960
10.1341 -1.1832 1.8652
9.9227 -0.5886 1.8133
10.1239 -0.0005 1.7838
10.6031 0.3977 1.7899
11.1763 0.6458 1.7872
11.7708 0.8393 1.7848
12.3405 1.0910 1.7789
12.8276 1.4730 1.7719
13.1715 1.9849 1.7670
13.3459 2.5756 1.7648
13.3646 3.1916 1.7648
13.2624 3.8003 1.7667
13.0782 4.3909 1.7702
12.8468 4.9665 1.7752
12.5944 5.5352 1.7804
12.3341 6.1022 1.7847
12.0642 6.6661 1.7876
11.7692 7.2180 1.7889
11.4244 7.7402 1.7888
11.0078 8.2064 1.7879
10.5117 8.5856 1.7870
9.9474 8.8525 1.7871
9.3401 8.9991 1.7887
8.7153 9.0326 1.7899
8.0950 8.9532 1.7894
7.4776 8.8447 1.7937
6.8503 8.8425 1.7997
6.2263 8.8583 1.7707
5.7015 8.5292 1.7956
5.1722 8.1897 1.8033
4.5798 7.9699 1.8138
3.9593 7.8277 1.8240
3.3326 7.6988 1.8320
2.7091 7.5445 1.8388
2.0966 7.3441 1.8445
1.5056 7.0831 1.8492
0.9486 6.7530 1.8531
0.4377 6.3532 1.8564
-0.0162 5.8883 1.8593
-0.3996 5.3626 1.8620
-0.6985 4.7837 1.8650
-0.9063 4.1648 1.8688
-1.0248 3.5213 1.8733
-1.0583 2.8660 1.8785
-1.0110 2.2096 1.8847
-0.8919 1.5597 1.8923
-0.7183 0.9193 1.9004
-0.5107 0.2860 1.9076
-0.2874 -0.3443 1.9131
-0.0613 -0.9752 1.9165
0.1614 -1.6083 1.9181
0.3848 -2.2414 1.9177
0.6250 -2.8677 1.9152
0.9094 -3.4735 1.9106
1.2708 -4.0339 1.9036
1.7366 -4.5057 1.8951
2.3092 -4.8293 1.8767
2.9518 -4.9272 1.8595
3.5695 -4.7516 1.8400
4.0670 -4.3526 1.8305
4.3776 -3.7974 1.8251
4.4970 -3.1725 1.8228
4.4589 -2.5370 1.8225
4.3069 -1.9179 1.8241
4.0817 -1.3201 1.8273
3.8187 -0.7365 1.8309
3.5487 -0.1548 1.8337
3.2990 0.4367 1.8347
3.0967 1.0457 1.8338
2.9672 1.6734 1.8311
2.9341 2.3120 1.8267
3.0194 2.9435 1.8207
3.2438 3.5368 1.8131
3.6187 4.0438 1.8040
4.1318 4.4037 1.7944
4.7343 4.5619 1.7853
5.3486 4.4828 1.7842
5.9075 4.2148 1.7760
6.3568 3.7893 1.7728
6.6787 3.2609 1.7718
6.8837 2.6764 1.7727
6.9955 2.0661 1.7755
7.0456 1.4462 1.7794
7.0704 0.8232 1.7833
7.1068 0.1997 1.7859
7.1904 -0.4198 1.7872
7.3515 -1.0237 1.7876
7.6093 -1.5928 1.7873
7.9691 -2.1032 1.7869
8.4237 -2.5310 1.7869
8.9554 -2.8586 1.7876
9.5405 -3.0784 1.7893
10.1558 -3.1941 1.7922
10.7828 -3.2155 1.7964
11.3997 -3.1389 1.7784
12.0131 -3.0286 1.7836
12.6192 -2.8763 1.7875
13.2188 -2.6966 1.7894
13.8165 -2.5095 1.7891
14.4157 -2.3291 1.7864
15.0155 -2.1553 1.7815
15.6067 -1.9617 1.7719
16.1577 -1.6862 1.7563
16.5957 -1.2692 1.7344
16.7889 -0.7099 1.6875
16.6467 -0.1451 1.6721
16.2171 0.2356 1.6610
15.6588 0.3746 1.6550
15.0856 0.3090 1.6547
14.5423 0.1100 1.6563
14.0278 -0.1576 1.6583
13.5253 -0.4486 1.6593
13.0219 -0.7378 1.6584
12.5112 -1.0126 1.6550
11.9892 -1.2612 1.6491
11.4475 -1.4538 1.6392
10.8837 -1.5210 1.6195
10.3508 -1.3637 1.5882
9.9929 -0.9554 1.5680
9.9302 -0.4250 1.5373
10.1644 0.0528 1.5355
10.5741 0.3968 1.5363
11.0622 0.6208 1.5380
11.5747 0.7863 1.5391
12.0812 0.9684 1.5378
12.5500 1.2297 1.5348
12.9384 1.5976 1.5321
13.2099 2.0578 1.5311
13.3521 2.5732 1.5320
13.3757 3.1083 1.5344
13.3034 3.6405 1.5381
13.1611 4.1603 1.5431
12.9732 4.6677 1.5494
12.7597 5.1676 1.5571
12.5347 5.6655 1.5651
12.3041 6.1637 1.5722
12.0651 6.6605 1.5779
11.8063 7.1492 1.5821
11.5110 7.6180 1.5850
11.1626 8.0496 1.5869
10.7515 8.4225 1.5884
10.2795 8.7152 1.5903
9.7598 8.9137 1.5933
9.2118 9.0172 1.5975
8.6526 9.0323 1.6021
8.0974 8.9586 1.6025
7.5477 8.8446 1.6066
6.9862 8.8171 1.6135
6.4240 8.8844 1.6187
5.9097 8.6939 1.6095
5.4575 8.3510 1.6283
4.9522 8.0863 1.6390
4.4012 7.9204 1.6524
3.8331 7.8014 1.6642
3.2610 7.6828 1.6741
2.6914 7.5393 1.6828
2.1303 7.3563 1.6906
1.5856 7.1228 1.6973
1.0672 6.8310 1.7034
0.5850 6.4794 1.7088
0.1477 6.0707 1.7136
-0.2351 5.6086 1.7181
-0.5515 5.0969 1.7226
-0.7919 4.5436 1.7275
-0.9543 3.9607 1.7331
-1.0414 3.3597 1.7393
-1.0562 2.7503 1.7460
-1.0023 2.1406 1.7537
-0.8873 1.5363 1.7629
-0.7249 0.9394 1.7726
-0.5323 0.3479 1.7817
-0.3244 -0.2414 1.7891
-0.1124 -0.8317 1.7947
0.0975 -1.4245 1.7985
0.3062 -2.0188 1.8005
0.5237 -2.6103 1.8005
0.7694 -3.1902 1.7986
1.0692 -3.7425 1.7946
1.4490 -4.2404 1.7884
1.9260 -4.6409 1.7801
2.4944 -4.8847 1.7699
3.1051 -4.9118 1.6560
3.6407 -4.7037 1.6445
4.0810 -4.3399 1.6378
4.3679 -3.8474 1.6351
4.4955 -3.2914 1.6349
4.4889 -2.7200 1.6362
4.3808 -2.1578 1.6389
4.2020 -1.6123 1.6431
3.9789 -1.0812 1.6487
3.7358 -0.5568 1.6546
3.4941 -0.0296 1.6594
3.2736 0.5083 1.6626
3.0941 1.0619 1.6641
2.9750 1.6317 1.6640
2.9341 2.2119 1.6623
2.9881 2.7899 1.6592
3.1532 3.3447 1.6547
3.4415 3.8441 1.6489
3.8529 4.2442 1.6424
4.3646 4.4978 1.6357
4.9287 4.5706 1.6299
5.4832 4.4423 1.6344
5.9807 4.1654 1.6309
6.3822 3.7624 1.6297
6.6759 3.2747 1.6304
6.8701 2.7385 1.6326
6.9830 2.1781 1.6364
7.0382 1.6073 1.6417
7.0639 1.0323 1.6474
7.0893 0.4554 1.6524
7.1431 -0.1210 1.6560
7.2519 -0.6904 1.6585
7.4362 -1.2406 1.6603
7.7073 -1.7541 1.6617
8.0663 -2.2108 1.6630
8.5052 -2.5922 1.6646
9.0085 -2.8849 1.6670
9.5567 -3.0840 1.6701
10.1312 -3.1924 1.6743
10.7171 -3.2184 1.6796
11.2839 -3.1168 1.6215
11.8464 -3.0303 1.6299
12.4075 -2.9221 1.6363
12.9622 -2.7761 1.6412
13.5119 -2.6076 1.6442
14.0614 -2.4357 1.6451
14.6127 -2.2703 1.6438
15.1635 -2.1059 1.6404
15.7041 -1.9160 1.6344
16.2075 -1.6500 1.6246
16.6038 -1.2516 1.6094
16.7912 -0.7333 1.5833
16.6817 -0.2023 1.5514
16.3151 0.1885 1.5465
15.8124 0.3717 1.5402
15.2757 0.3581 1.5407
14.7586 0.2074 1.5428
14.2698 -0.0228 1.5460
13.7979 -0.2886 1.5492
13.3293 -0.5621 1.5512
12.8562 -0.8285 1.5511
12.3749 -1.0789 1.5486
11.8816 -1.3013 1.5437
11.3692 -1.4666 1.5358
10.8376 -1.5112 1.5224
10.3397 -1.3516 1.5015
9.9867 -0.9772 1.4697
9.9139 -0.4770 1.4603
10.1095 -0.0119 1.4529
10.4743 0.3389 1.4538
10.9250 0.5737 1.4562
11.4077 0.7381 1.4586
11.8933 0.8960 1.4592
12.3575 1.1071 1.4579
12.7668 1.4092 1.4560
13.0843 1.8056 1.4551
13.2875 2.2712 1.4560
13.3756 2.7724 1.4583
13.3630 3.2826 1.4619
13.2710 3.7863 1.4666
13.1218 4.2783 1.4725
12.9357 4.7602 1.4797
12.7291 5.2366 1.4883
12.5131 5.7123 1.4972
12.2919 6.1890 1.5052
12.0626 6.6645 1.5117
11.8148 7.1331 1.5168
11.5339 7.5842 1.5207
11.2050 8.0028 1.5235
10.8185 8.3700 1.5258
10.3747 8.6663 1.5283
9.8832 8.8771 1.5317
9.3610 8.9989 1.5363
8.8242 9.0372 1.5417
8.2861 8.9958 1.5442
7.7572 8.8835 1.5471
7.2209 8.8085 1.5526
6.6785 8.8518 1.5636
6.1444 8.8315 1.5398
5.7004 8.5217 1.5674
5.2445 8.2145 1.5781
4.7315 8.0063 1.5914
4.1885 7.8726 1.6052
3.6354 7.7624 1.6168
3.0808 7.6414 1.6270
2.5299 7.4916 1.6361
1.9884 7.3014 1.6441
1.4643 7.0612 1.6513
0.9671 6.7650 1.6579
0.5055 6.4121 1.6638
0.0876 6.0058 1.6691
-0.2773 5.5490 1.6740
-0.5779 5.0456 1.6791
-0.8060 4.5035 1.6846
-0.9600 3.9337 1.6907
-1.0426 3.3469 1.6973
-1.0564 2.7521 1.7045
-1.0048 2.1567 1.7125
-0.8945 1.5661 1.7221
-0.7381 0.9822 1.7323
-0.5514 0.4036 1.7421
-0.3489 -0.1731 1.7502
-0.1413 -0.7507 1.7566
0.0647 -1.3308 1.7612
0.2690 -1.9130 1.7640
0.4795 -2.4936 1.7650
0.7128 -3.0654 1.7640
0.9925 -3.6149 1.7609
1.3436 -4.1196 1.7558
1.7852 -4.5433 1.7487
2.3197 -4.8334 1.7396
2.9156 -4.9304 1.7296
3.5091 -4.8421 1.6932
3.9830 -4.4949 1.6918
4.3042 -4.0009 1.6895
4.4707 -3.4357 1.6879
4.4957 -2.8466 1.6881
4.4058 -2.2631 1.6899
4.2333 -1.6971 1.6934
4.0086 -1.1479 1.6984
3.7593 -0.6073 1.7036
3.5095 -0.0650 1.7078
3.2808 0.4877 1.7104
3.0950 1.0567 1.7113
2.9729 1.6426 1.7104
2.9338 2.2390 1.7080
2.9958 2.8321 1.7041
3.1761 3.3984 1.6988
3.4872 3.9017 1.6921
3.9263 4.2936 1.6847
4.4646 4.5242 1.6773
5.0465 4.5606 1.6711
5.6096 4.4180 1.6667
6.0892 4.0901 1.6654
6.4651 3.6467 1.6647
6.7353 3.1315 1.6653
6.9090 2.5754 1.6675
7.0047 1.9994 1.6715
7.0484 1.4152 1.6767
7.0713 0.8279 1.6819
7.1044 0.2394 1.6860
7.1778 -0.3464 1.6887
7.3176 -0.9205 1.6905
7.5420 -1.4675 1.6916
7.8580 -1.9674 1.6925
8.2623 -2.3993 1.6935
8.7425 -2.7456 1.6951
9.2797 -2.9964 1.6975
9.8533 -3.1510 1.7008
10.4452 -3.2158 1.7052
11.0444 -3.2148 1.8194
11.7188 -3.1096 1.9663
12.3868 -2.9428 1.9685
13.0474 -2.7471 1.9683
13.7049 -2.5426 1.9657
14.3633 -2.3459 1.9605
15.0209 -2.1577 1.9479
15.6666 -1.9493 1.9293
16.2559 -1.6322 1.9071
16.6805 -1.1364 1.8641
16.7914 -0.5116 1.8382
16.4928 0.0349 1.8039
15.9421 0.3229 1.7905
15.3221 0.3504 1.7834
14.7224 0.1832 1.7833
14.1600 -0.0870 1.7839
13.6176 -0.3961 1.7834
13.0774 -0.7080 1.7808
12.5307 -1.0055 1.7757
11.9722 -1.2738 1.7649
11.3926 -1.4755 1.7445
10.7908 -1.5127 1.7224
10.2473 -1.2899 1.6779
9.9435 -0.8022 1.6515
9.9839 -0.2362 1.6308
10.3298 0.2106 1.6290
10.8113 0.5117 1.6283
11.3454 0.7097 1.6289
11.8867 0.8881 1.6277
12.4008 1.1301 1.6238
12.8409 1.4856 1.6194
13.1595 1.9511 1.6167
13.3353 2.4871 1.6162
13.3763 3.0503 1.6175
13.3078 3.6121 1.6204
13.1602 4.1600 1.6245
12.9620 4.6938 1.6303
12.7366 5.2193 1.6371
12.4996 5.7423 1.6440
12.2568 6.2652 1.6498
12.0031 6.7847 1.6541
11.7235 7.2921 1.6569
11.3982 7.7722 1.6585
11.0102 8.2034 1.6593
10.5532 8.5605 1.6599
10.0351 8.8217 1.6614
9.4756 8.9785 1.6642
8.8959 9.0354 1.6681
8.3139 8.9963 1.6686
7.7411 8.8808 1.6715
7.1596 8.8165 1.6764
6.5747 8.8726 1.6863
6.0162 8.7621 1.6544
5.5484 8.4083 1.6857
5.0339 8.1190 1.6950
4.4675 7.9374 1.7076
3.8812 7.8116 1.7188
3.2904 7.6897 1.7281
2.7024 7.5426 1.7361
2.1236 7.3539 1.7432
1.5627 7.1116 1.7493
1.0307 6.8075 1.7546
0.5380 6.4402 1.7593
0.0940 6.0131 1.7635
-0.2905 5.5300 1.7673
-0.6025 4.9957 1.7713
-0.8333 4.4201 1.7758
-0.9820 3.8162 1.7810
-1.0522 3.1962 1.7869
-1.0470 2.5700 1.7933
-0.9713 1.9460 1.8010
-0.8354 1.3290 1.8100
-0.6561 0.7198 1.8191
-0.4514 0.1155 1.8270
-0.2358 -0.4877 1.8331
-0.0195 -1.0926 1.8374
0.1937 -1.6998 1.8397
0.4093 -2.3067 1.8402
0.6426 -2.9067 1.8387
0.9186 -3.4872 1.8351
1.2659 -4.0256 1.8294
1.7085 -4.4845 1.8213
2.2531 -4.8076 1.8109
2.8696 -4.9282 1.7997
3.4770 -4.7954 1.7804
3.9867 -4.4468 1.7719
4.3275 -3.9339 1.7669
4.4851 -3.3386 1.7648
4.4853 -2.7223 1.7646
4.3672 -2.1166 1.7662
4.1688 -1.5309 1.7695
3.9235 -0.9615 1.7738
3.6609 -0.3982 1.7777
3.4069 0.1704 1.7804
3.1861 0.7531 1.7811
3.0226 1.3542 1.7801
2.9391 1.9706 1.7774
2.9562 2.5909 1.7731
3.0939 3.1938 1.7672
3.3690 3.7444 1.7598
3.7858 4.1926 1.7514
4.3213 4.4815 1.7427
4.9205 4.5676 1.7350
5.5195 4.4249 1.7767
6.0493 4.1063 1.7713
6.4615 3.6466 1.7688
6.7478 3.0992 1.7685
6.9234 2.5063 1.7699
7.0143 1.8933 1.7732
7.0535 1.2733 1.7772
7.0778 0.6511 1.7809
7.1236 0.0291 1.7832
7.2256 -0.5865 1.7843
7.4113 -1.1821 1.7844
7.6961 -1.7369 1.7841
8.0819 -2.2265 1.7838
8.5583 -2.6283 1.7840
9.1056 -2.9271 1.7850
9.6998 -3.1185 1.7871
10.3186 -3.2084 1.7903
10.9427 -3.1987 1.7694
11.5585 -3.1140 1.7789
12.1700 -2.9929 1.7839
12.7739 -2.8319 1.7874
13.3723 -2.6486 1.7887
13.9699 -2.4623 1.7878
14.5693 -2.2845 1.7845
15.1680 -2.1097 1.7791
15.7539 -1.9042 1.7676
16.2848 -1.5969 1.7499
16.6772 -1.1402 1.7266
16.7898 -0.5633 1.6823
16.5559 -0.0332 1.6624
16.0787 0.2884 1.6562
15.5097 0.3739 1.6536
14.9424 0.2686 1.6540
14.4082 0.0464 1.6559
13.8989 -0.2308 1.6578
13.3975 -0.5231 1.6584
12.8929 -0.8095 1.6569
12.3801 -1.0789 1.6529
11.8542 -1.3169 1.6460
11.3064 -1.4860 1.6334
10.7419 -1.5062 1.6045
10.2389 -1.2825 1.5850
9.9464 -0.8273 1.5542
9.9635 -0.2934 1.5438
10.2535 0.1528 1.5346
10.6901 0.4623 1.5358
11.1879 0.6644 1.5376
11.7011 0.8268 1.5382
12.2016 1.0235 1.5364
12.6545 1.3100 1.5333
13.0167 1.7030 1.5309
13.2565 2.1802 1.5305
13.3681 2.7030 1.5317
13.3660 3.2387 1.5345
13.2743 3.7681 1.5385
13.1189 4.2844 1.5437
12.9232 4.7891 1.5505
12.7060 5.2879 1.5583
12.4796 5.7856 1.5662
12.2476 6.2836 1.5730
12.0052 6.7790 1.5783
11.7395 7.2640 1.5823
11.4329 7.7255 1.5849
11.0701 8.1449 1.5867
10.6441 8.5004 1.5882
10.1593 8.7713 1.5903
9.6313 8.9467 1.5936
9.0794 9.0285 1.5980
8.5199 9.0235 1.6014
7.9676 8.9301 1.6027
7.4158 8.8267 1.6073
6.8533 8.8304 1.6151
6.2922 8.8764 1.5947
5.8108 8.6046 1.6156
5.3507 8.2726 1.6274
4.8306 8.0383 1.6393
4.2738 7.8914 1.6527
3.7048 7.7767 1.6639
3.1337 7.6541 1.6736
2.5664 7.5028 1.6822
2.0089 7.3097 1.6897
1.4699 7.0642 1.6963
0.9593 6.7598 1.7023
0.4867 6.3960 1.7076
0.0608 5.9762 1.7123
-0.3084 5.5036 1.7168
-0.6088 4.9830 1.7213
-0.8325 4.4231 1.7265
-0.9786 3.8362 1.7322
-1.0503 3.2335 1.7385
-1.0505 2.6242 1.7454
-0.9834 2.0159 1.7534
-0.8574 1.4138 1.7628
-0.6877 0.8189 1.7725
-0.4911 0.2289 1.7814
-0.2818 -0.3598 1.7885
-0.0702 -0.9499 1.7938
0.1389 -1.5426 1.7972
0.3480 -2.1362 1.7988
0.5691 -2.7257 1.7985
0.8230 -3.3011 1.7962
1.1362 -3.8448 1.7918
1.5337 -4.3272 1.7852
2.0293 -4.7022 1.7765
2.6108 -4.9082 1.7662
3.2217 -4.8876 1.7512
3.7745 -4.6415 1.7379
4.1873 -4.2009 1.7324
4.4274 -3.6474 1.7295
4.5029 -3.0486 1.7288
4.4450 -2.4471 1.7298
4.2902 -1.8619 1.7324
4.0723 -1.2955 1.7367
3.8215 -0.7409 1.7414
3.5642 -0.1875 1.7455
3.3240 0.3746 1.7479
3.1241 0.9527 1.7485
2.9868 1.5486 1.7474
2.9331 2.1567 1.7447
2.9823 2.7638 1.7404
3.1530 3.3462 1.7346
3.4591 3.8670 1.7274
3.8996 4.2755 1.7194
4.4453 4.5185 1.7114
5.0385 4.5604 1.7045
5.6008 4.3613 1.7153
6.1050 4.0410 1.7097
6.4975 3.5924 1.7076
6.7665 3.0601 1.7081
6.9302 2.4854 1.7103
7.0155 1.8925 1.7142
7.0532 1.2930 1.7190
7.0764 0.6909 1.7235
7.1178 0.0886 1.7267
7.2089 -0.5089 1.7286
7.3759 -1.0900 1.7296
7.6347 -1.6365 1.7301
7.9892 -2.1264 1.7305
8.4323 -2.5380 1.7312
8.9476 -2.8553 1.7326
9.5138 -3.0715 1.7349
10.1093 -3.1894 1.7383
10.7174 -3.2178 1.7430
11.3257 -3.1690 1.7473
11.9281 -3.0585 1.7532
12.5232 -2.9055 1.7580
13.1130 -2.7286 1.7607
13.7012 -2.5444 1.7612
14.2908 -2.3654 1.7594
14.8815 -2.1937 1.7554
15.4672 -2.0116 1.7491
16.0273 -1.7708 1.7369
16.5015 -1.4004 1.7095
16.7703 -0.8774 1.6888
16.7229 -0.3032 1.6547
16.3664 0.1407 1.6341
15.8431 0.3585 1.6314
15.2751 0.3529 1.6309
14.7283 0.1922 1.6323
14.2131 -0.0549 1.6346
13.7153 -0.3375 1.6364
13.2201 -0.6255 1.6367
12.7194 -0.9032 1.6347
12.2094 -1.1608 1.6302
11.6840 -1.3796 1.6233
11.1351 -1.5111 1.6041
10.5834 -1.4647 1.5807
10.1307 -1.1687 1.5475
9.9204 -0.6792 1.5276
10.0185 -0.1620 1.5209
10.3532 0.2445 1.5153
10.8051 0.5195 1.5169
11.3034 0.7028 1.5188
11.8100 0.8643 1.5191
12.2980 1.0731 1.5172
12.7315 1.3766 1.5143
13.0690 1.7826 1.5126
13.2841 2.2646 1.5127
13.3751 2.7853 1.5144
13.3582 3.3148 1.5175
13.2573 3.8366 1.5218
13.0973 4.3454 1.5273
12.9004 4.8436 1.5344
12.6841 5.3367 1.5425
12.4594 5.8291 1.5506
12.2293 6.3220 1.5575
11.9882 6.8120 1.5630
11.7230 7.2912 1.5670
11.4169 7.7466 1.5698
11.0549 8.1597 1.5717
10.6309 8.5095 1.5734
10.1494 8.7758 1.5757
9.6257 8.9482 1.5792
9.0787 9.0287 1.5838
8.5241 9.0241 1.5874
7.9764 8.9325 1.5888
7.4299 8.8276 1.5933
6.8724 8.8266 1.6011
6.3156 8.8781 1.5891
5.8298 8.6244 1.6027
5.3754 8.2914 1.6160
4.8627 8.0506 1.6278
4.3112 7.8996 1.6413
3.7463 7.7846 1.6529
3.1786 7.6644 1.6628
2.6142 7.5170 1.6715
2.0588 7.3292 1.6793
1.5207 7.0904 1.6861
1.0097 6.7936 1.6922
0.5354 6.4378 1.6977
0.1062 6.0262 1.7026
-0.2682 5.5621 1.7072
-0.5759 5.0495 1.7118
-0.8082 4.4968 1.7170
-0.9635 3.9157 1.7228
-1.0448 3.3175 1.7291
-1.0548 2.7116 1.7360
-0.9973 2.1057 1.7438
-0.8800 1.5053 1.7531
-0.7167 0.9121 1.7630
-0.5241 0.3242 1.7722
-0.3170 -0.2619 1.7797
-0.1061 -0.8491 1.7854
0.1026 -1.4389 1.7893
0.3103 -2.0302 1.7913
0.5270 -2.6185 1.7915
0.7720 -3.1953 1.7897
1.0708 -3.7446 1.7857
1.4489 -4.2399 1.7797
1.9232 -4.6391 1.7715
2.4882 -4.8834 1.7616
3.0982 -4.9140 1.7457
3.6682 -4.7112 1.7362
4.1140 -4.3053 1.7301
4.3909 -3.7706 1.7267
4.4994 -3.1781 1.7256
4.4671 -2.5760 1.7263
4.3305 -1.9877 1.7285
4.1241 -1.4186 1.7325
3.8786 -0.8632 1.7373
3.6210 -0.3115 1.7416
3.3754 0.2469 1.7445
3.1647 0.8201 1.7456
3.0116 1.4111 1.7449
2.9371 2.0163 1.7426
2.9608 2.6243 1.7387
3.1015 3.2143 1.7333
3.3747 3.7527 1.7265
3.7843 4.1920 1.7186
4.3086 4.4782 1.7106
4.8959 4.5695 1.7034
5.4751 4.4400 1.7097
5.9943 4.1487 1.7050
6.4088 3.7226 1.7029
6.7050 3.2069 1.7029
6.8939 2.6422 1.7046
6.9981 2.0545 1.7081
7.0458 1.4579 1.7128
7.0697 0.8580 1.7175
7.1026 0.2572 1.7212
7.1765 -0.3409 1.7235
7.3194 -0.9268 1.7248
7.5503 -1.4839 1.7255
7.8765 -1.9912 1.7259
8.2940 -2.4265 1.7266
8.7889 -2.7719 1.7278
9.3409 -3.0176 1.7299
9.9283 -3.1638 1.7330
10.5325 -3.2181 1.7372
11.1222 -3.2120 1.7333
11.7904 -3.1253 1.9689
12.4534 -2.9360 1.9714
13.1111 -2.7273 1.9710
13.7690 -2.5212 1.9681
14.4287 -2.3262 1.9620
15.0873 -2.1396 1.9486
15.7301 -1.9225 1.9316
16.3120 -1.5928 1.9080
16.7152 -1.0760 1.8740
16.7712 -0.4412 1.8397
16.4370 0.0846 1.8053
15.8688 0.3394 1.7931
15.2466 0.3377 1.7873
14.6503 0.1531 1.7874
14.0903 -0.1253 1.7878
13.5477 -0.4368 1.7870
13.0059 -0.7483 1.7841
12.4568 -1.0438 1.7787
11.8955 -1.3077 1.7659
11.3103 -1.4933 1.7435
10.7064 -1.5103 1.7153
10.1836 -1.2435 1.6775
9.9215 -0.7310 1.6528
10.0249 -0.1738 1.6407
10.3933 0.2588 1.6340
10.8865 0.5448 1.6341
11.4255 0.7354 1.6345
11.9670 0.9189 1.6328
12.4749 1.1770 1.6286
12.9002 1.5525 1.6242
13.1975 2.0340 1.6218
13.3506 2.5789 1.6216
13.3715 3.1452 1.6231
13.2872 3.7069 1.6262
13.1285 4.2540 1.6305
12.9234 4.7875 1.6365
12.6943 5.3137 1.6434
12.4555 5.8383 1.6501
12.2107 6.3625 1.6555
11.9527 6.8821 1.6595
11.6652 7.3871 1.6620
11.3279 7.8609 1.6633
10.9253 8.2807 1.6639
10.4537 8.6210 1.6646
9.9241 8.8620 1.6663
9.3573 8.9980 1.6693
8.7742 9.0354 1.6733
8.1925 8.9751 1.6729
7.6182 8.8585 1.6767
7.0328 8.8205 1.6825
6.4459 8.8858 1.6906
5.9109 8.6884 1.6751
5.4377 8.3361 1.6922
4.9078 8.0707 1.7023
4.3334 7.9059 1.7148
3.7438 7.7841 1.7255
3.1516 7.6579 1.7344
2.5636 7.5019 1.7421
1.9868 7.3010 1.7489
1.4306 7.0437 1.7547
0.9060 6.7233 1.7598
0.4234 6.3400 1.7643
-0.0080 5.8977 1.7683
-0.3762 5.4001 1.7721
-0.6689 4.8531 1.7761
-0.8790 4.2678 1.7808
-1.0075 3.6574 1.7862
-1.0580 3.0337 1.7921
-1.0337 2.4061 1.7987
-0.9406 1.7824 1.8068
-0.7912 1.1664 1.8159
-0.6031 0.5577 1.8248
-0.3938 -0.0471 1.8322
-0.1769 -0.6516 1.8377
0.0390 -1.2583 1.8414
0.2523 -1.8668 1.8432
0.4711 -2.4738 1.8431
0.7139 -3.0710 1.8410
1.0074 -3.6434 1.8368
1.3801 -4.1649 1.8303
1.8527 -4.5927 1.8216
2.4240 -4.8651 1.8108
3.0495 -4.9179 1.7993
3.6389 -4.7229 1.7794
4.1028 -4.3155 1.7722
4.3896 -3.7698 1.7681
4.4991 -3.1630 1.7665
4.4617 -2.5470 1.7668
4.3169 -1.9460 1.7689
4.1014 -1.3652 1.7726
3.8480 -0.7982 1.7769
3.5851 -0.2338 1.7805
3.3379 0.3387 1.7826
3.1312 0.9272 1.7828
2.9888 1.5340 1.7812
2.9327 2.1538 1.7780
2.9835 2.7723 1.7732
3.1606 3.3646 1.7668
3.4787 3.8911 1.7590
3.9352 4.2980 1.7504
4.4973 4.5297 1.7419
5.1022 4.5506 1.7457
5.6786 4.3533 1.7432
6.1705 3.9977 1.7392
6.5436 3.5193 1.7377
6.7972 2.9677 1.7381
6.9490 2.3789 1.7402
7.0251 1.7742 1.7441
7.0581 1.1640 1.7485
7.0830 0.5518 1.7524
7.1343 -0.0597 1.7548
7.2444 -0.6639 1.7561
7.4382 -1.2466 1.7566
7.7290 -1.7873 1.7567
8.1173 -2.2627 1.7568
8.5924 -2.6515 1.7573
9.1350 -2.9397 1.7587
9.7219 -3.1238 1.7611
10.3323 -3.2095 1.7646
10.9488 -3.1986 1.7597
11.5610 -3.1147 1.7689
12.1690 -2.9935 1.7740
12.7695 -2.8332 1.7776
13.3647 -2.6510 1.7791
13.9591 -2.4656 1.7784
14.5552 -2.2884 1.7753
15.1509 -2.1145 1.7701
15.7341 -1.9106 1.7590
16.2664 -1.6103 1.7429
16.6611 -1.1604 1.7214
16.7897 -0.5888 1.6763
16.5750 -0.0538 1.6663
16.1073 0.2788 1.6527
15.5429 0.3769 1.6474
14.9763 0.2800 1.6478
14.4422 0.0633 1.6498
13.9337 -0.2109 1.6518
13.4339 -0.5019 1.6527
12.9315 -0.7882 1.6514
12.4212 -1.0582 1.6477
11.8984 -1.2990 1.6414
11.3545 -1.4760 1.6312
10.7915 -1.5129 1.6107
10.2793 -1.3120 1.5809
9.9640 -0.8726 1.5475
9.9528 -0.3400 1.5273
10.2178 0.1182 1.5260
10.6422 0.4390 1.5272
11.1341 0.6473 1.5292
11.6446 0.8088 1.5301
12.1454 0.9970 1.5287
12.6039 1.2696 1.5257
12.9775 1.6481 1.5233
13.2327 2.1142 1.5227
13.3602 2.6304 1.5238
13.3725 3.1632 1.5265
13.2924 3.6916 1.5304
13.1455 4.2073 1.5355
12.9556 4.7111 1.5420
12.7417 5.2081 1.5499
12.5172 5.7035 1.5579
12.2874 6.1993 1.5651
12.0485 6.6934 1.5707
11.7892 7.1790 1.5750
11.4925 7.6440 1.5779
11.1424 8.0710 1.5799
10.7299 8.4387 1.5814
10.2574 8.7261 1.5835
9.7384 8.9197 1.5866
9.1920 9.0192 1.5910
8.6350 9.0315 1.5956
8.0824 8.9556 1.5961
7.5349 8.8423 1.6002
6.9755 8.8175 1.6071
6.4155 8.8846 1.6114
5.9079 8.6867 1.5984
5.4595 8.3432 1.6206
4.9549 8.0831 1.6315
4.4054 7.9206 1.6451
3.8396 7.8031 1.6569
3.2700 7.6853 1.6670
2.7027 7.5427 1.6757
2.1436 7.3613 1.6837
1.6005 7.1301 1.6905
1.0832 6.8412 1.6967
0.6015 6.4929 1.7022
0.1640 6.0878 1.7071
-0.2199 5.6295 1.7116
-0.5384 5.1217 1.7162
-0.7818 4.5722 1.7212
-0.9475 3.9925 1.7268
-1.0384 3.3943 1.7330
-1.0573 2.7872 1.7398
-1.0077 2.1793 1.7474
-0.8967 1.5765 1.7566
-0.7375 0.9810 1.7664
-0.5471 0.3911 1.7756
-0.3405 -0.1965 1.7833
-0.1291 -0.7849 1.7891
0.0804 -1.3758 1.7932
0.2884 -1.9684 1.7953
0.5039 -2.5588 1.7956
0.7455 -3.1386 1.7939
1.0384 -3.6928 1.7902
1.4087 -4.1960 1.7843
1.8747 -4.6074 1.7762
2.4338 -4.8691 1.7664
3.0442 -4.9208 1.7556
3.6239 -4.7449 1.7367
4.0812 -4.3516 1.7313
4.3724 -3.8241 1.7277
4.4952 -3.2342 1.7263
4.4748 -2.6314 1.7268
4.3464 -2.0411 1.7290
4.1451 -1.4700 1.7328
3.9019 -0.9136 1.7376
3.6443 -0.3618 1.7420
3.3965 0.1959 1.7450
3.1817 0.7677 1.7462
3.0224 1.3574 1.7457
2.9400 1.9619 1.7435
2.9542 2.5706 1.7397
3.0838 3.1635 1.7344
3.3451 3.7084 1.7277
3.7431 4.1588 1.7199
4.2592 4.4604 1.7119
4.8439 4.5698 1.7046
5.4378 4.4455 1.7757
5.9817 4.1526 1.7688
6.4136 3.7129 1.7656
6.7170 3.1764 1.7651
6.9057 2.5888 1.7663
7.0058 1.9786 1.7694
7.0498 1.3603 1.7735
7.0738 0.7393 1.7773
7.1143 0.1182 1.7799
7.2061 -0.4979 1.7811
7.3780 -1.0966 1.7814
7.6473 -1.6580 1.7812
8.0177 -2.1580 1.7809
8.4808 -2.5737 1.7810
9.0179 -2.8882 1.7819
9.6055 -3.0957 1.7838
10.2208 -3.2006 1.7869
10.8463 -3.2121 1.7898
11.4685 -3.1321 1.7960
12.0867 -3.0141 1.8009
12.6970 -2.8544 1.8044
13.3015 -2.6705 1.8057
13.9047 -2.4822 1.8048
14.5096 -2.3019 1.8015
15.1143 -2.1266 1.7961
15.7070 -1.9235 1.7856
16.2507 -1.6261 1.7670
16.6613 -1.1751 1.7416
16.7843 -0.5959 1.7103
16.5652 -0.0540 1.6738
16.0920 0.2797 1.6673
15.5207 0.3735 1.6644
14.9492 0.2707 1.6647
14.4112 0.0478 1.6666
13.8986 -0.2311 1.6683
13.3940 -0.5252 1.6688
12.8862 -0.8133 1.6670
12.3702 -1.0840 1.6628
11.8408 -1.3228 1.6563
11.2891 -1.4892 1.6375
10.7226 -1.5000 1.6149
10.2237 -1.2656 1.5881
9.9430 -0.8019 1.5574
9.9688 -0.2662 1.5395
10.2747 0.1713 1.5387
10.7177 0.4743 1.5395
11.2182 0.6735 1.5412
11.7324 0.8369 1.5417
12.2320 1.0386 1.5397
12.6814 1.3326 1.5364
13.0369 1.7331 1.5342
13.2683 2.2157 1.5338
13.3714 2.7415 1.5351
13.3619 3.2784 1.5380
13.2643 3.8080 1.5420
13.1047 4.3243 1.5473
12.9063 4.8294 1.5542
12.6876 5.3289 1.5620
12.4602 5.8276 1.5698
12.2273 6.3266 1.5765
11.9830 6.8223 1.5817
11.7138 7.3067 1.5854
11.4022 7.7661 1.5879
11.0330 8.1812 1.5896
10.6002 8.5301 1.5911
10.1097 8.7925 1.5933
9.5776 8.9588 1.5966
9.0234 9.0318 1.6011
8.4631 9.0179 1.6037
7.9110 8.9173 1.6056
7.3570 8.8211 1.6104
6.7936 8.8375 1.6188
6.2332 8.8606 1.5976
5.7592 8.5674 1.6212
5.2922 8.2426 1.6320
4.7656 8.0188 1.6443
4.2057 7.8770 1.6573
3.6350 7.7624 1.6684
3.0630 7.6370 1.6778
2.4955 7.4810 1.6862
1.9389 7.2814 1.6936
1.4019 7.0282 1.7001
0.8950 6.7154 1.7059
0.4273 6.3434 1.7111
0.0075 5.9156 1.7157
-0.3536 5.4354 1.7201
-0.6443 4.9079 1.7247
-0.8574 4.3427 1.7299
-0.9931 3.7521 1.7357
-1.0547 3.1470 1.7421
-1.0449 2.5365 1.7491
-0.9684 1.9280 1.7572
-0.8348 1.3261 1.7667
-0.6599 0.7313 1.7764
-0.4603 0.1409 1.7850
-0.2499 -0.4486 1.7917
-0.0382 -1.0399 1.7967
0.1708 -1.6337 1.7998
0.3810 -2.2278 1.8011
0.6058 -2.8167 1.8005
0.8676 -3.3892 1.7978
1.1930 -3.9263 1.7930
1.6060 -4.3957 1.7861
2.1178 -4.7483 1.7770
2.7099 -4.9215 1.7665
3.3220 -4.8755 1.7533
3.8520 -4.5848 1.7372
4.2366 -4.1192 1.7323
4.4490 -3.5544 1.7297
4.5015 -2.9529 1.7292
4.4260 -2.3531 1.7304
4.2591 -1.7709 1.7333
4.0340 -1.2068 1.7377
3.7804 -0.6531 1.7425
3.5243 -0.0989 1.7463
3.2889 0.4655 1.7484
3.0974 1.0466 1.7487
2.9721 1.6451 1.7474
2.9336 2.2543 1.7444
3.0010 2.8595 1.7398
3.1927 3.4350 1.7338
3.5211 3.9415 1.7265
3.9813 4.3269 1.7184
4.5393 4.5393 1.7105
5.1337 4.5469 1.7069
5.6944 4.3461 1.7043
6.1736 3.9958 1.7009
6.5393 3.5284 1.6998
6.7903 2.9900 1.7006
6.9430 2.4149 1.7030
7.0215 1.8237 1.7071
7.0561 1.2264 1.7120
7.0795 0.6268 1.7165
7.1244 0.0272 1.7196
7.2216 -0.5668 1.7215
7.3962 -1.1431 1.7226
7.6626 -1.6831 1.7231
8.0239 -2.1650 1.7236
8.4720 -2.5677 1.7245
8.9901 -2.8758 1.7260
9.5570 -3.0835 1.7285
10.1517 -3.1942 1.7320
10.7578 -3.2168 1.7368
11.3909 -3.1406 1.8342
12.0233 -3.0266 1.8386
12.6475 -2.8682 1.8417
13.2649 -2.6820 1.8426
13.8803 -2.4898 1.8412
14.4973 -2.3060 1.8375
15.1140 -2.1273 1.8310
15.7186 -1.9221 1.8177
16.2719 -1.6180 1.7923
16.6750 -1.1524 1.7692
16.7836 -0.5570 1.7402
16.5380 -0.0190 1.7109
16.0420 0.2978 1.6997
15.4574 0.3698 1.6932
14.8796 0.2462 1.6935
14.3367 0.0090 1.6951
13.8175 -0.2785 1.6963
13.3045 -0.5773 1.6960
12.7872 -0.8677 1.6934
12.2609 -1.1383 1.6883
11.7192 -1.3700 1.6769
11.1530 -1.5076 1.6610
10.5840 -1.4643 1.6296
10.1184 -1.1574 1.5966
9.9138 -0.6480 1.5748
10.0427 -0.1214 1.5559
10.4077 0.2816 1.5633
10.8833 0.5494 1.5645
11.4000 0.7307 1.5657
11.9202 0.9027 1.5650
12.4131 1.1385 1.5619
12.8367 1.4805 1.5585
13.1483 1.9255 1.5566
13.3271 2.4385 1.5567
13.3792 2.9800 1.5585
13.3260 3.5228 1.5617
13.1948 4.0538 1.5662
13.0115 4.5713 1.5720
12.7983 5.0799 1.5793
12.5713 5.5853 1.5870
12.3383 6.0909 1.5940
12.0976 6.5953 1.5996
11.8385 7.0924 1.6037
11.5442 7.5707 1.6064
11.1968 8.0126 1.6081
10.7856 8.3963 1.6093
10.3113 8.6990 1.6109
9.7872 8.9057 1.6136
9.2331 9.0147 1.6176
8.6670 9.0328 1.6219
8.1048 8.9595 1.6221
7.5481 8.8455 1.6262
6.9797 8.8192 1.6327
6.4107 8.8847 1.6358
5.8948 8.6802 1.6289
5.4363 8.3352 1.6461
4.9219 8.0745 1.6568
4.3634 7.9118 1.6700
3.7891 7.7929 1.6814
3.2114 7.6717 1.6910
2.6370 7.5237 1.6994
2.0719 7.3343 1.7068
1.5247 7.0925 1.7133
1.0056 6.7909 1.7191
0.5245 6.4286 1.7242
0.0903 6.0089 1.7288
-0.2868 5.5353 1.7330
-0.5945 5.0123 1.7374
-0.8241 4.4489 1.7423
-0.9747 3.8574 1.7479
-1.0493 3.2496 1.7540
-1.0511 2.6349 1.7607
-0.9841 2.0212 1.7685
-0.8574 1.4139 1.7778
-0.6862 0.8141 1.7873
-0.4877 0.2192 1.7959
-0.2766 -0.3742 1.8028
-0.0634 -0.9690 1.8078
0.1472 -1.5663 1.8110
0.3580 -2.1644 1.8123
0.5818 -2.7578 1.8117
0.8403 -3.3362 1.8091
1.1606 -3.8809 1.8043
1.5679 -4.3606 1.7974
2.0751 -4.7267 1.7882
2.6664 -4.9161 1.7776
3.2807 -4.8742 1.7641
3.8262 -4.5974 1.7555
4.2252 -4.1362 1.7498
4.4460 -3.5682 1.7469
4.5017 -2.9611 1.7462
4.4262 -2.3553 1.7473
4.2576 -1.7675 1.7501
4.0300 -1.1982 1.7543
3.7738 -0.6393 1.7588
3.5156 -0.0798 1.7624
3.2794 0.4903 1.7642
3.0889 1.0775 1.7642
2.9669 1.6821 1.7625
2.9344 2.2969 1.7592
3.0112 2.9060 1.7543
3.2156 3.4823 1.7479
3.5595 3.9842 1.7402
4.0355 4.3575 1.7318
4.6054 4.5502 1.7237
5.2023 4.5268 1.7132
5.7604 4.3106 1.7136
6.2284 3.9399 1.7104
6.5800 3.4576 1.7095
6.8174 2.9093 1.7104
6.9585 2.3277 1.7129
7.0288 1.7319 1.7172
7.0596 1.1308 1.7220
7.0845 0.5279 1.7261
