x y
6.2952 8.4183
5.8622 8.0782
5.3293 7.8617
4.7806 7.6721
4.2119 7.5223
3.6388 7.3949
3.1173 7.3543
2.6339 7.3439
2.2049 7.1569
1.7961 6.9425
1.4129 6.6970
1.0291 6.4213
0.5933 6.1930
0.1506 5.9317
-0.2486 5.5820
-0.5552 5.0780
-0.7865 4.5352
-0.9435 3.9663
-1.0309 3.3827
-1.0497 2.7928
-1.0028 2.2045
-0.8990 1.6234
-0.7514 1.0517
-0.5744 0.4884
-0.3813 -0.0696
-0.1829 -0.6258
0.0141 -1.1825
0.2084 -1.7401
0.4054 -2.2967
0.6179 -2.8476
0.8655 -3.3835
1.1708 -3.8884
1.5536 -4.3370
2.0246 -4.6905
2.5757 -4.8954
3.1627 -4.8975
3.7064 -4.6772
4.1282 -4.2689
4.3871 -3.7410
4.4859 -3.1606
4.4520 -2.5720
4.3197 -1.9971
4.1217 -1.4410
3.8865 -0.8994
3.6385 -0.3635
3.4001 0.1767
3.1924 0.7293
3.0357 1.2983
2.9492 1.8820
2.9503 2.4718
3.0565 3.0516
3.2848 3.5946
3.6448 4.0600
4.1272 4.3959
4.6930 4.5537
5.2787 4.5088
5.8172 4.2731
6.2619 3.8877
6.5952 3.4019
6.8203 2.8569
6.9539 2.2823
7.0210 1.6958
7.0518 1.1061
7.0779 0.5162
7.1309 -0.0718
7.2395 -0.6519
7.4255 -1.2117
7.6997 -1.7338
8.0633 -2.1980
8.5085 -2.5844
9.0193 -2.8789
9.5748 -3.0772
10.1550 -3.1836
10.7446 -3.2071
11.3329 -3.1594
11.9139 -3.0548
12.4863 -2.9100
13.0525 -2.7423
13.6163 -2.5667
14.1811 -2.3946
14.7480 -2.2291
15.3130 -2.0576
15.8623 -1.8421
16.3565 -1.5223
16.7021 -1.0498
16.7654 -0.4931
16.5222 -0.0052
16.0342 0.2974
15.4505 0.3548
14.8765 0.2232
14.3360 -0.0134
13.8166 -0.2942
13.3027 -0.5850
12.7847 -0.8685
12.2570 -1.1335
11.7121 -1.3602
11.1390 -1.4969
10.5560 -1.4413
10.1107 -1.1281
9.9354 -0.6436
10.0704 -0.1194
10.4732 0.3046
10.9998 0.5685
11.5608 0.7526
12.1132 0.9599
12.6144 1.2692
13.0093 1.7050
13.2587 2.2379
13.3575 2.8185
13.3268 3.4072
13.1991 3.9832
13.0087 4.5420
12.7846 5.0883
12.5462 5.6285
12.3022 6.1662
12.0485 6.6994
11.7704 7.2202
11.4463 7.7134
11.0579 8.1573
10.5982 8.5264
10.0748 8.7976
9.5076 8.9584
8.9216 9.0248
8.3325 8.9922
7.7519 8.8860
7.1815 8.7339
6.6169 8.5607
6.0529 8.3858
5.4859 8.2211
4.9145 8.0720
4.3397 7.9371
3.7633 7.8088
3.1881 7.6750
2.6182 7.5207
2.0594 7.3302
1.5203 7.0901
1.0109 6.7921
0.5402 6.4360
0.1144 6.0275
-0.2575 5.5694
-0.5623 5.0642
-0.7916 4.5206
-0.9466 3.9512
-1.0323 3.3673
-1.0493 2.7774
-1.0008 2.1891
-0.8956 1.6083
-0.7471 1.0369
-0.5695 0.4737
-0.3762 -0.0842
-0.1777 -0.6404
0.0192 -1.1971
0.2135 -1.7547
0.4107 -2.3113
0.6239 -2.8619
0.8726 -3.3972
1.1798 -3.9011
1.5648 -4.3476
2.0381 -4.6981
2.5909 -4.8983
3.1779 -4.8945
3.7193 -4.6687
4.1371 -4.2562
4.3916 -3.7262
4.4866 -3.1451
4.4497 -2.5567
4.3152 -1.9823
4.1159 -1.4267
3.8800 -0.8853
3.6321 -0.3494
3.3942 0.1910
3.1875 0.7440
3.0325 1.3135
2.9480 1.8974
2.9516 2.4872
3.0609 3.0665
3.2925 3.6080
3.6560 4.0707
4.1412 4.4025
4.7084 4.5551
5.2937 4.5049
5.8302 4.2647
6.2721 3.8760
6.6024 3.3882
6.8248 2.8421
6.9564 2.2670
7.0222 1.6804
7.0524 1.0907
7.0788 0.5008
7.1329 -0.0871
7.2433 -0.6668
7.4315 -1.2259
7.7081 -1.7468
8.0739 -2.2092
8.5211 -2.5934
9.0334 -2.8853
9.5897 -3.0812
10.1704 -3.1852
10.6470 -2.9285
11.1839 -2.9196
11.7302 -2.9092
12.2887 -2.8193
12.8401 -2.6441
13.3682 -2.4274
13.8681 -2.1703
14.3482 -1.8873
14.9043 -1.7140
15.4314 -1.5381
15.8806 -1.3187
16.2368 -1.0882
16.5355 -0.8079
16.6534 -0.3863
16.4457 0.0694
15.9264 0.3264
15.3709 0.2865
14.8772 0.0683
14.4367 -0.2398
13.9754 -0.5552
13.4622 -0.8468
12.9378 -1.1342
12.3936 -1.3302
11.8297 -1.5644
11.2298 -1.7551
10.5692 -1.8670
9.8691 -1.5336
9.5046 -0.8353
9.6015 -0.0518
10.0856 0.5756
10.7076 0.9370
11.2871 0.9287
11.7725 0.9610
12.0604 1.3917
12.4287 1.6568
12.7565 1.9754
12.9687 2.4086
13.0159 2.9090
12.9004 3.3919
12.7560 3.8950
12.5741 4.4184
12.3549 4.9481
12.1185 5.4825
11.8761 6.0155
11.6274 6.5356
11.3618 7.0272
11.0635 7.4737
10.7186 7.8592
10.4491 8.2679
10.0116 8.5479
9.4929 8.7012
8.9480 8.7687
8.3983 8.7431
7.8435 8.6452
7.2872 8.4989
6.7275 8.3279
6.1616 8.1521
5.6006 7.9695
5.0614 7.7634
4.5020 7.5937
3.9283 7.4583
3.3595 7.3277
2.8053 7.1818
2.2710 7.0062
1.7627 6.7887
1.2864 6.5207
0.8459 6.1990
0.4456 5.8278
0.0967 5.4143
-0.2740 5.0574
-0.5051 4.5548
-0.6667 4.0219
-0.8237 3.5189
-0.7005 3.0105
-0.5831 2.5053
-0.5091 1.9634
-0.3866 1.4203
-0.2273 0.8754
-0.0438 0.3271
0.1521 -0.2260
0.3507 -0.7836
0.5468 -1.3431
0.7407 -1.8984
0.9397 -2.4404
1.1571 -2.9570
1.4097 -3.4332
1.6727 -3.8666
2.0144 -4.2176
2.4342 -4.3879
2.8556 -4.4742
3.2619 -4.4029
3.6147 -4.1878
3.8861 -3.8519
4.0102 -3.4128
4.0362 -2.9287
3.9662 -2.4214
3.8167 -1.9061
3.6111 -1.3868
3.5445 -0.8502
3.5976 -0.2981
3.3726 0.2437
3.1700 0.7982
3.0210 1.3693
2.9442 1.9543
2.9573 2.5439
3.0776 3.1209
3.3218 3.6569
3.6979 4.1093
4.1933 4.4256
4.7652 4.5592
5.3485 4.4895
5.8774 4.2329
6.3089 3.8326
6.6284 3.3375
6.8411 2.7876
6.9651 2.2107
7.0261 1.6235
7.0546 1.0337
7.0823 0.4439
7.1407 -0.1436
7.2578 -0.7219
7.4542 -1.2782
7.7395 -1.7943
8.1138 -2.2499
8.5680 -2.6257
9.0855 -2.9084
9.6450 -3.0951
10.2271 -3.1907
10.8171 -3.2048
11.4047 -3.1493
11.9846 -3.0388
12.5560 -2.8903
13.1217 -2.7209
13.6854 -2.5452
14.2506 -2.3740
14.8175 -2.2089
15.3817 -2.0346
15.9272 -1.8099
16.4095 -1.4729
16.7274 -0.9819
16.7513 -0.4270
16.4736 0.0440
15.9645 0.3173
15.3784 0.3470
14.8084 0.1983
14.2714 -0.0464
13.7534 -0.3299
13.2394 -0.6204
12.7205 -0.9023
12.1912 -1.1640
11.6434 -1.3834
11.0668 -1.5029
10.4891 -1.4158
10.0733 -1.0753
9.9350 -0.5786
10.1082 -0.0584
10.5337 0.3447
11.0679 0.5933
11.6298 0.7748
12.1786 0.9913
12.6697 1.3161
13.0482 1.7662
13.2787 2.3076
13.3601 2.8910
13.3156 3.4789
13.1785 4.0528
12.9825 4.6097
12.7558 5.1549
12.5165 5.6947
12.2718 6.2321
12.0160 6.7643
11.7335 7.2827
11.4023 7.7711
11.0052 8.2072
10.5370 8.5654
10.0070 8.8233
9.4362 8.9713
8.8490 9.0259
8.2606 8.9825
7.6814 8.8692
7.1119 8.7133
6.5477 8.5390
5.9835 8.3648
5.4159 8.2019
4.8440 8.0548
4.2689 7.9212
3.6925 7.7930
3.1177 7.6575
2.5488 7.4995
1.9919 7.3036
1.4559 7.0567
0.9508 6.7514
0.4854 6.3885
0.0655 5.9739
-0.2988 5.5097
-0.5946 4.9992
-0.8145 4.4517
-0.9608 3.8800
-1.0381 3.2950
-1.0468 2.7049
-0.9907 2.1173
-0.8794 1.5375
-0.7265 0.9673
-0.5463 0.4050
-0.3519 -0.1526
-0.1534 -0.7087
0.0432 -1.2655
0.2374 -1.8232
0.4357 -2.3794
0.6521 -2.9288
0.9068 -3.4613
1.2226 -3.9596
1.6181 -4.3968
2.1023 -4.7319
2.6626 -4.9097
3.2486 -4.8785
3.7785 -4.6268
4.1775 -4.1960
4.4115 -3.6565
4.4885 -3.0726
4.4377 -2.4852
4.2936 -1.9130
4.0883 -1.3595
3.8497 -0.8194
3.6019 -0.2834
3.3667 0.2582
3.1653 0.8131
3.0180 1.3846
2.9433 1.9698
2.9590 2.5594
3.0824 3.1357
3.3300 3.6701
3.7096 4.1196
4.2076 4.4317
4.7808 4.5600
5.3634 4.4850
5.8902 4.2240
6.3188 3.8205
6.6353 3.3236
6.8454 2.7726
6.9674 2.1953
7.0272 1.6080
7.0552 1.0182
7.0833 0.4283
7.1429 -0.1590
7.2619 -0.7370
7.4606 -1.2924
7.7483 -1.8072
8.1248 -2.2609
8.5810 -2.6344
9.0998 -2.9146
9.6601 -3.0987
10.2427 -3.1921
10.8326 -3.2042
11.4201 -3.1470
11.9998 -3.0353
12.5710 -2.8860
13.1366 -2.7163
13.7003 -2.5406
14.2655 -2.3696
14.8325 -2.2045
15.3964 -2.0295
15.9410 -1.8027
16.4206 -1.4620
16.7321 -0.9673
16.7477 -0.4130
16.4627 0.0542
15.9495 0.3210
15.3631 0.3450
14.7940 0.1928
14.2577 -0.0535
13.7400 -0.3375
13.2259 -0.6280
12.7068 -0.9094
12.1772 -1.1705
11.6287 -1.3882
11.0513 -1.5038
10.4752 -1.4098
10.0659 -1.0638
9.9355 -0.5647
10.1169 -0.0456
10.5468 0.3529
11.0825 0.5984
11.6445 0.7796
12.1924 0.9982
12.6813 1.3263
13.0562 1.7794
13.2827 2.3225
13.3604 2.9064
13.3130 3.4941
13.1739 4.0676
12.9769 4.6241
12.7496 5.1690
12.5102 5.7088
12.2653 6.2461
12.0091 6.7781
11.7255 7.2959
11.3928 7.7833
10.9939 8.2177
10.5238 8.5735
9.9925 8.8286
9.4210 8.9739
8.8336 9.0259
8.2453 8.9803
7.6663 8.8656
7.0971 8.7089
6.5329 8.5344
5.9687 8.3604
5.4010 8.1978
4.8290 8.0512
4.2538 7.9178
3.6774 7.7896
3.1027 7.6537
2.5341 7.4949
1.9776 7.2979
1.4422 7.0495
0.9381 6.7426
0.4738 6.3783
0.0552 5.9623
-0.3075 5.4969
-0.6013 4.9853
-0.8193 4.4370
-0.9637 3.8649
-1.0392 3.2796
-1.0461 2.6894
-0.9884 2.1020
-0.8759 1.5225
-0.7221 0.9525
-0.5414 0.3903
-0.3467 -0.1671
-0.1482 -0.7233
0.0483 -1.2801
0.2425 -1.8378
0.4411 -2.3939
0.6581 -2.9430
0.9142 -3.4748
1.2318 -3.9720
1.6296 -4.4071
2.1161 -4.7389
2.6779 -4.9117
3.2636 -4.8747
3.7909 -4.6175
4.1857 -4.1829
4.4154 -3.6415
4.4886 -3.0571
4.4350 -2.4700
4.2889 -1.8983
4.0824 -1.3453
3.8433 -0.8054
3.5955 -0.2694
3.3609 0.2725
3.1607 0.8278
3.0150 1.3997
2.9425 1.9853
2.9608 2.5747
3.0873 3.1504
3.3383 3.6832
3.7213 4.1298
4.2219 4.4375
4.7962 4.5606
5.3782 4.4804
5.9028 4.2150
6.3285 3.8085
6.6421 3.3097
6.8497 2.7577
6.9696 2.1800
7.0282 1.5925
7.0558 1.0027
7.0844 0.4129
7.1452 -0.1743
7.2660 -0.7519
7.4670 -1.3065
7.7570 -1.8200
8.1358 -2.2718
8.5939 -2.6430
9.1140 -2.9206
9.6752 -3.1023
10.2581 -3.1934
10.8481 -3.2035
11.4354 -3.1447
12.0148 -3.0318
12.5859 -2.8818
13.1513 -2.7117
13.7151 -2.5360
14.2804 -2.3652
14.8473 -2.2002
15.4110 -2.0245
15.9547 -1.7955
16.4315 -1.4510
16.7366 -0.9528
16.7439 -0.3992
16.4517 0.0641
15.9345 0.3245
15.3478 0.3429
14.7796 0.1873
14.2440 -0.0606
13.7266 -0.3451
13.2124 -0.6355
12.6931 -0.9165
12.1632 -1.1768
11.6140 -1.3929
11.0360 -1.5045
10.4615 -1.4037
10.0587 -1.0521
9.9363 -0.5508
10.1257 -0.0329
10.5600 0.3610
11.0972 0.6036
11.6592 0.7844
12.2062 1.0052
12.6928 1.3367
13.0641 1.7928
13.2865 2.3376
13.3606 2.9219
13.3104 3.5094
13.1694 4.0824
12.9712 4.6385
12.7434 5.1833
12.5038 5.7229
12.2587 6.2602
12.0021 6.7920
11.7175 7.3092
11.3833 7.7955
10.9824 8.2282
10.5106 8.5816
9.9779 8.8338
9.4057 8.9765
8.8181 9.0258
8.2300 8.9781
7.6513 8.8619
7.0822 8.7044
6.5181 8.5298
5.9538 8.3559
5.3860 8.1938
4.8140 8.0475
4.2387 7.9144
3.6623 7.7862
3.0877 7.6499
2.5193 7.4903
1.9632 7.2920
1.4285 7.0422
0.9254 6.7337
0.4622 6.3681
0.0449 5.9508
-0.3162 5.4841
-0.6080 4.9713
-0.8240 4.4223
-0.9666 3.8496
-1.0402 3.2641
-1.0454 2.6739
-0.9861 2.0867
-0.8723 1.5074
-0.7176 0.9376
-0.5364 0.3757
-0.3415 -0.1818
-0.1430 -0.7379
0.0534 -1.2948
0.2476 -1.8524
0.4464 -2.4084
0.6643 -2.9572
0.9216 -3.4884
1.2412 -3.9844
1.6413 -4.4174
2.1300 -4.7457
2.6933 -4.9136
3.2786 -4.8706
3.8032 -4.6081
4.1939 -4.1697
4.4192 -3.6265
4.4887 -3.0416
4.4322 -2.4547
4.2841 -1.8835
4.0764 -1.3309
3.8368 -0.7913
3.5890 -0.2553
3.3552 0.2869
3.1561 0.8426
3.0121 1.4150
2.9417 2.0007
2.9626 2.5901
3.0922 3.1651
3.3466 3.6962
3.7330 4.1398
4.2363 4.4433
4.8117 4.5611
5.3929 4.4756
5.9154 4.2059
6.3382 3.7964
6.6489 3.2957
6.8538 2.7428
6.9718 2.1646
7.0291 1.5771
7.0564 0.9872
7.0854 0.3975
7.1475 -0.1896
7.2702 -0.7668
7.4735 -1.3206
7.7658 -1.8327
8.1468 -2.2827
8.6068 -2.6515
9.1283 -2.9266
9.6903 -3.1058
10.2735 -3.1946
10.8636 -3.2028
11.4507 -3.1424
12.0299 -3.0283
12.6008 -2.8775
13.1661 -2.7071
13.7299 -2.5315
14.2952 -2.3608
14.8622 -2.1958
15.4257 -2.0194
15.9684 -1.7882
16.4423 -1.4399
16.7409 -0.9382
16.7398 -0.3853
16.4405 0.0740
15.9194 0.3280
15.3325 0.3407
14.7652 0.1817
14.2303 -0.0678
13.7131 -0.3527
13.1989 -0.6430
12.6794 -0.9237
12.1491 -1.1832
11.5992 -1.3975
11.0205 -1.5051
10.4478 -1.3973
10.0516 -1.0402
9.9373 -0.5367
10.1349 -0.0201
10.5736 0.3692
11.1121 0.6087
11.6742 0.7894
12.2203 1.0125
12.7045 1.3473
13.0721 1.8064
13.2904 2.3529
13.3608 2.9377
13.3076 3.5250
13.1647 4.0975
12.9654 4.6532
12.7371 5.1977
12.4973 5.7374
12.2521 6.2745
11.9949 6.8060
11.7093 7.3227
11.3735 7.8079
10.9707 8.2388
10.4971 8.5898
9.9630 8.8390
9.3901 8.9791
8.8023 9.0257
8.2144 8.9758
7.6359 8.8581
7.0671 8.6999
6.5031 8.5250
5.9387 8.3514
5.3708 8.1896
4.7986 8.0438
4.2232 7.9110
3.6468 7.7827
3.0724 7.6460
2.5042 7.4856
1.9486 7.2861
1.4146 7.0347
0.9124 6.7247
0.4504 6.3575
0.0344 5.9389
-0.3249 5.4709
-0.6148 4.9571
-0.8287 4.4072
-0.9695 3.8341
-1.0413 3.2483
-1.0446 2.6582
-0.9837 2.0711
-0.8686 1.4921
-0.7131 0.9225
-0.5313 0.3607
-0.3362 -0.1966
-0.1377 -0.7528
0.0586 -1.3097
0.2528 -1.8673
0.4519 -2.4232
0.6705 -2.9717
0.9293 -3.5023
1.2508 -3.9969
1.6532 -4.4277
2.1442 -4.7525
2.7090 -4.9153
3.2938 -4.8664
3.8156 -4.5984
4.2021 -4.1562
4.4230 -3.6112
4.4887 -3.0258
4.4293 -2.4392
4.2792 -1.8685
4.0703 -1.3164
3.8302 -0.7770
3.5825 -0.2409
3.3493 0.3015
3.1514 0.8577
3.0092 1.4305
2.9410 2.0165
2.9646 2.6058
3.0973 3.1801
3.3553 3.7095
3.7451 4.1500
4.2510 4.4490
4.8275 4.5614
5.4079 4.4706
5.9281 4.1965
6.3480 3.7840
6.6557 3.2815
6.8580 2.7276
6.9740 2.1490
7.0301 1.5613
7.0570 0.9714
7.0865 0.3817
7.1498 -0.2052
7.2746 -0.7820
7.4801 -1.3349
7.7749 -1.8456
8.1582 -2.2937
8.6200 -2.6601
9.1429 -2.9326
9.7057 -3.1093
10.2893 -3.1959
10.8793 -3.2020
11.4663 -3.1400
12.0453 -3.0246
12.6160 -2.8731
13.1812 -2.7024
13.7450 -2.5268
14.3104 -2.3564
14.8774 -2.1914
15.4406 -2.0142
15.9823 -1.7807
16.4532 -1.4285
16.7451 -0.9232
16.7355 -0.3712
16.4289 0.0839
15.9038 0.3313
15.3168 0.3382
14.7504 0.1758
14.2162 -0.0752
13.6993 -0.3606
13.1850 -0.6508
12.6653 -0.9310
12.1346 -1.1898
11.5840 -1.4022
11.0046 -1.5056
10.4340 -1.3906
10.0446 -1.0280
9.9385 -0.5224
10.1442 -0.0074
10.5871 0.3772
11.1270 0.6138
11.6892 0.7944
12.2342 1.0198
12.7160 1.3580
13.0799 1.8201
13.2941 2.3682
13.3608 2.9535
13.3048 3.5404
13.1600 4.1125
12.9596 4.6678
12.7308 5.2122
12.4909 5.7517
12.2454 6.2888
11.9878 6.8201
11.7011 7.3361
11.3636 7.8202
10.9590 8.2493
10.4835 8.5978
9.9481 8.8441
9.3746 8.9816
8.7865 9.0255
8.1988 8.9734
7.6207 8.8543
7.0520 8.6954
6.4881 8.5203
5.9236 8.3469
5.3556 8.1856
4.7833 8.0401
4.2079 7.9076
3.6315 7.7792
3.0572 7.6421
2.4892 7.4808
1.9340 7.2801
1.4008 7.0272
0.8996 6.7156
0.4387 6.3470
0.0241 5.9271
-0.3336 5.4578
-0.6215 4.9428
-0.8334 4.3922
-0.9723 3.8186
-1.0422 3.2326
-1.0438 2.6424
-0.9813 2.0555
-0.8650 1.4768
-0.7085 0.9074
-0.5262 0.3458
-0.3309 -0.2115
-0.1324 -0.7676
0.0638 -1.3245
0.2580 -1.8822
0.4574 -2.4380
0.6768 -2.9861
0.9369 -3.5160
1.2604 -4.0094
1.6651 -4.4380
2.1585 -4.7592
2.7246 -4.9169
3.3089 -4.8620
3.8279 -4.5885
4.2102 -4.1427
4.4267 -3.5958
4.4886 -3.0101
4.4263 -2.4237
4.2742 -1.8536
4.0642 -1.3019
3.8236 -0.7627
3.5760 -0.2266
3.3435 0.3162
3.1468 0.8728
3.0063 1.4460
2.9404 2.0322
2.9667 2.6214
3.1025 3.1949
3.3640 3.7226
3.7572 4.1601
4.2657 4.4546
4.8432 4.5617
5.4228 4.4655
5.9407 4.1871
6.3576 3.7716
6.6624 3.2672
6.8621 2.7124
6.9762 2.1334
7.0311 1.5456
7.0576 0.9557
7.0876 0.3660
7.1523 -0.2208
7.2789 -0.7971
7.4868 -1.3491
7.7840 -1.8585
8.1695 -2.3046
8.6333 -2.6686
9.1575 -2.9386
9.7210 -3.1127
10.3050 -3.1970
10.8950 -3.2012
11.4818 -3.1375
12.0606 -3.0210
12.6311 -2.8688
13.1962 -2.6977
13.7600 -2.5222
14.3255 -2.3519
14.8925 -2.1869
15.4554 -2.0090
15.9961 -1.7731
16.4639 -1.4170
16.7490 -0.9082
16.7310 -0.3572
16.4171 0.0936
15.8883 0.3344
15.3012 0.3357
14.7357 0.1700
14.2022 -0.0826
13.6855 -0.3684
13.1712 -0.6584
12.6512 -0.9383
12.1201 -1.1962
11.5689 -1.4068
10.9888 -1.5059
10.4205 -1.3838
10.0379 -1.0158
9.9400 -0.5083
10.1537 0.0051
10.6006 0.3850
11.1417 0.6189
11.7040 0.7994
12.2480 1.0271
12.7274 1.3687
13.0876 1.8337
13.2977 2.3834
13.3608 2.9691
13.3020 3.5558
13.1552 4.1274
12.9538 4.6823
12.7246 5.2265
12.4844 5.7659
12.2388 6.3029
11.9806 6.8340
11.6929 7.3494
11.3539 7.8324
10.9473 8.2596
10.4701 8.6057
9.9333 8.8491
9.3592 8.9840
8.7709 9.0252
8.1834 8.9710
7.6055 8.8505
7.0371 8.6908
6.4732 8.5157
5.9086 8.3424
5.3405 8.1815
4.7681 8.0365
4.1926 7.9042
3.6163 7.7758
3.0420 7.6382
2.4743 7.4761
1.9196 7.2741
1.3870 7.0197
0.8868 6.7066
0.4271 6.3366
0.0138 5.9153
-0.3421 5.4447
-0.6281 4.9287
-0.8380 4.3772
-0.9750 3.8032
-1.0432 3.2170
-1.0429 2.6268
-0.9788 2.0401
-0.8613 1.4616
-0.7040 0.8925
-0.5212 0.3310
-0.3257 -0.2262
-0.1272 -0.7823
0.0689 -1.3393
0.2631 -1.8969
0.4629 -2.4526
0.6831 -3.0005
0.9446 -3.5296
1.2700 -4.0217
1.6770 -4.4481
2.1727 -4.7658
2.7402 -4.9184
3.3238 -4.8575
3.8400 -4.5787
4.2181 -4.1292
4.4302 -3.5806
4.4884 -2.9945
4.4233 -2.4084
4.2693 -1.8388
4.0581 -1.2875
3.8170 -0.7485
3.5696 -0.2123
3.3377 0.3307
3.1423 0.8877
3.0035 1.4613
2.9398 2.0478
2.9688 2.6369
3.1078 3.2096
3.3727 3.7356
3.7693 4.1699
4.2804 4.4600
4.8589 4.5617
5.4375 4.4604
5.9531 4.1777
6.3671 3.7592
6.6689 3.2531
6.8661 2.6973
6.9783 2.1179
7.0320 1.5300
7.0582 0.9401
7.0888 0.3504
7.1547 -0.2362
7.2833 -0.8121
7.4935 -1.3633
7.7931 -1.8712
8.1809 -2.3153
8.6465 -2.6770
9.1720 -2.9444
9.7363 -3.1161
10.3205 -3.1981
10.9106 -3.2003
11.4973 -3.1350
12.0758 -3.0174
12.6461 -2.8644
13.2112 -2.6931
13.7750 -2.5176
14.3405 -2.3475
14.9074 -2.1825
15.4701 -2.0037
16.0097 -1.7655
16.4745 -1.4054
16.7527 -0.8934
16.7263 -0.3435
16.4053 0.1031
15.8730 0.3373
15.2858 0.3330
14.7212 0.1641
14.1884 -0.0898
13.6720 -0.3760
13.1576 -0.6660
12.6374 -0.9454
12.1059 -1.2026
11.5540 -1.4113
10.9732 -1.5060
10.4074 -1.3770
10.0314 -1.0037
9.9416 -0.4943
10.1632 0.0173
10.6140 0.3927
11.1564 0.6238
11.7187 0.8043
12.2617 1.0344
12.7386 1.3795
13.0951 1.8472
13.3012 2.3985
13.3606 2.9846
13.2991 3.5710
13.1505 4.1421
12.9480 4.6967
12.7184 5.2407
12.4781 5.7801
12.2322 6.3170
11.9736 6.8477
11.6848 7.3626
11.3441 7.8444
10.9357 8.2699
10.4567 8.6135
9.9186 8.8540
9.3439 8.9864
8.7554 9.0248
8.1681 8.9685
7.5905 8.8467
7.0222 8.6863
6.4584 8.5110
5.8938 8.3380
5.3255 8.1775
4.7530 8.0329
4.1775 7.9008
3.6011 7.7723
3.0270 7.6344
2.4595 7.4714
1.9053 7.2682
1.3735 7.0123
0.8742 6.6976
0.4156 6.3261
0.0037 5.9036
-0.3506 5.4317
-0.6345 4.9146
-0.8425 4.3624
-0.9777 3.7880
-1.0440 3.2015
-1.0420 2.6114
-0.9764 2.0248
-0.8576 1.4465
-0.6994 0.8777
-0.5162 0.3164
-0.3205 -0.2408
-0.1220 -0.7969
0.0740 -1.3539
0.2683 -1.9116
0.4683 -2.4671
0.6893 -3.0147
0.9522 -3.5431
1.2796 -4.0339
1.6889 -4.4581
2.1868 -4.7721
2.7556 -4.9197
3.3386 -4.8528
3.8520 -4.5688
4.2258 -4.1158
4.4336 -3.5655
4.4881 -2.9790
4.4202 -2.3932
4.2644 -1.8241
4.0521 -1.2732
3.8105 -0.7344
3.5632 -0.1982
3.3320 0.3451
3.1378 0.9026
3.0008 1.4766
2.9393 2.0633
2.9709 2.6522
3.1131 3.2242
3.3814 3.7484
3.7814 4.1796
4.2950 4.4652
4.8744 4.5616
5.4521 4.4551
5.9654 4.1682
6.3765 3.7468
6.6754 3.2390
6.8701 2.6823
6.9803 2.1026
7.0329 1.5145
7.0588 0.9246
7.0899 0.3350
7.1572 -0.2515
7.2877 -0.8270
7.5002 -1.3772
7.8021 -1.8838
8.1922 -2.3259
8.6596 -2.6852
9.1864 -2.9501
9.7514 -3.1194
10.3360 -3.1991
10.9261 -3.1994
11.5126 -3.1325
12.0908 -3.0137
12.6610 -2.8601
13.2260 -2.6885
13.7898 -2.5130
14.3553 -2.3432
14.9223 -2.1782
15.4847 -1.9985
16.0232 -1.7579
16.4848 -1.3939
16.7561 -0.8788
16.7214 -0.3300
16.3935 0.1123
15.8579 0.3400
15.2707 0.3303
14.7070 0.1583
14.1749 -0.0970
13.6586 -0.3836
13.1441 -0.6735
12.6237 -0.9525
12.0918 -1.2088
11.5392 -1.4156
10.9579 -1.5060
10.3944 -1.3700
10.0252 -0.9916
9.9435 -0.4804
10.1728 0.0294
10.6275 0.4003
11.1711 0.6287
11.7333 0.8093
12.2753 1.0418
12.7496 1.3902
13.1024 1.8608
13.3045 2.4136
13.3604 3.0000
13.2962 3.5862
13.1458 4.1568
12.9423 4.7110
12.7122 5.2548
12.4717 5.7942
12.2257 6.3310
11.9665 6.8615
11.6766 7.3757
11.3343 7.8564
10.9240 8.2800
10.4433 8.6212
9.9039 8.8588
9.3286 8.9887
8.7400 9.0244
8.1528 8.9661
7.5755 8.8428
7.0074 8.6819
6.4436 8.5064
5.8790 8.3336
5.3106 8.1735
4.7380 8.0293
4.1624 7.8974
3.5861 7.7689
3.0120 7.6305
2.4448 7.4666
1.8911 7.2622
1.3599 7.0048
0.8617 6.6885
0.4042 6.3157
-0.0064 5.8918
-0.3590 5.4187
-0.6410 4.9005
-0.8469 4.3476
-0.9803 3.7727
-1.0448 3.1861
-1.0411 2.5959
-0.9739 2.0095
-0.8539 1.4315
-0.6949 0.8629
-0.5111 0.3017
-0.3153 -0.2553
-0.1168 -0.8115
0.0791 -1.3685
0.2734 -1.9262
0.4738 -2.4816
0.6955 -3.0288
0.9599 -3.5566
1.2892 -4.0460
1.7008 -4.4679
2.2009 -4.7784
2.7711 -4.9208
3.3533 -4.8480
3.8637 -4.5588
4.2333 -4.1023
4.4368 -3.5504
4.4877 -2.9635
4.4171 -2.3781
4.2594 -1.8094
4.0460 -1.2590
3.8040 -0.7204
3.5568 -0.1841
3.3264 0.3595
3.1334 0.9174
2.9982 1.4918
2.9389 2.0788
2.9731 2.6675
3.1184 3.2387
3.3902 3.7611
3.7936 4.1892
4.3096 4.4702
4.8898 4.5614
5.4666 4.4497
5.9775 4.1586
6.3857 3.7344
6.6818 3.2249
6.8739 2.6673
6.9823 2.0872
7.0338 1.4991
7.0594 0.9092
7.0911 0.3196
7.1597 -0.2668
7.2922 -0.8418
7.5069 -1.3911
7.8113 -1.8962
8.2035 -2.3365
8.6727 -2.6934
9.2008 -2.9558
9.7666 -3.1225
10.3514 -3.2001
10.9415 -3.1985
11.5278 -3.1300
12.1059 -3.0101
12.6758 -2.8557
13.2407 -2.6839
13.8046 -2.5085
14.3702 -2.3388
14.9371 -2.1738
15.4993 -1.9932
15.8093 -1.5556
16.0665 -1.1779
16.4066 -0.9598
16.6291 -0.6021
16.5945 -0.1366
16.1916 0.2356
15.6291 0.3362
15.1035 0.1880
14.6432 -0.0871
14.2031 -0.4088
13.7079 -0.7078
13.1888 -0.9986
12.6516 -1.2108
12.1024 -1.4566
11.5199 -1.6714
10.8953 -1.8289
10.1781 -1.7646
9.6233 -1.1939
9.4978 -0.4181
9.8220 0.3112
10.4081 0.7932
11.0280 1.0554
11.5015 1.2063
11.9877 1.3990
12.3929 1.6317
12.7289 1.9395
12.9457 2.3686
13.0184 2.8688
12.9151 3.3551
12.7682 3.8533
12.5904 4.3762
12.3734 4.9054
12.1378 5.4396
11.8957 5.9731
11.6477 6.4947
11.3841 6.9893
11.0889 7.4399
10.7481 7.8309
10.4539 8.2220
9.9952 8.4702
9.4920 8.6217
8.9595 8.6900
8.4223 8.6673
7.8757 8.5723
7.3242 8.4283
6.7661 8.2582
6.1999 8.0820
5.6255 7.9139
5.0770 7.7688
4.5182 7.5980
3.9446 7.4619
3.3762 7.3364
2.8221 7.2004
2.2864 7.0291
1.7805 6.8081
1.2976 6.5612
0.8271 6.3163
0.3589 6.0625
-0.0877 5.7508
-0.4378 5.2909
-0.7005 4.7627
-0.8320 4.2096
-0.8401 3.6626
-0.7424 3.1438
-0.5936 2.6513
-0.5343 2.1099
-0.4238 1.5671
-0.2732 1.0228
-0.0950 0.4756
0.0986 -0.0761
0.2972 -0.6327
0.4942 -1.1921
0.5162 -1.7420
0.4118 -2.2851
0.6131 -2.8359
0.8596 -3.3723
1.1635 -3.8781
1.5444 -4.3281
2.0135 -4.6843
2.5632 -4.8930
3.1502 -4.8998
3.6958 -4.6841
4.1207 -4.2792
4.3833 -3.7531
4.4853 -3.1733
4.4539 -2.5846
4.3233 -2.0093
4.1264 -1.4528
3.8917 -0.9110
3.6439 -0.3750
3.4050 0.1650
3.1964 0.7173
3.0384 1.2859
2.9502 1.8693
2.9492 2.4591
3.0530 3.0394
3.2785 3.5836
3.6357 4.0512
4.1158 4.3904
4.6804 4.5524
5.2664 4.5119
5.8065 4.2799
6.2535 3.8972
6.5892 3.4131
6.8165 2.8691
6.9518 2.2948
7.0201 1.7085
7.0513 1.1188
7.0772 0.5289
7.1293 -0.0592
7.2364 -0.6395
7.4205 -1.2000
7.6928 -1.7231
8.0545 -2.1888
8.4982 -2.5771
9.0078 -2.8736
9.5625 -3.0740
10.1424 -3.1822
10.7319 -3.2074
11.3203 -3.1611
11.9015 -3.0575
12.4741 -2.9134
13.0403 -2.7460
13.6041 -2.5704
14.1689 -2.3982
14.7358 -2.2326
15.3009 -2.0615
15.8509 -1.8476
16.3470 -1.5307
16.6972 -1.0615
16.7674 -0.5048
16.5303 -0.0141
16.0462 0.2935
15.4631 0.3558
14.8884 0.2274
14.3472 -0.0077
13.8276 -0.2880
13.3136 -0.5788
12.7958 -0.8626
12.2684 -1.1281
11.7240 -1.3560
11.1516 -1.4955
10.5680 -1.4454
10.1176 -1.1370
9.9360 -0.6548
10.0643 -0.1301
10.4629 0.2974
10.9880 0.5640
11.5488 0.7487
12.1018 0.9546
12.6046 1.2612
13.0024 1.6945
13.2550 2.2259
13.3568 2.8059
13.3286 3.3947
13.2026 3.9711
13.0132 4.5303
12.7896 5.0767
12.5514 5.6170
12.3075 6.1548
12.0541 6.6882
11.7767 7.2093
11.4539 7.7034
11.0669 8.1486
10.6087 8.5195
10.0865 8.7929
9.5200 8.9560
8.9341 9.0245
8.3450 8.9938
7.7642 8.8888
7.1935 8.7374
6.6289 8.5645
6.0650 8.3894
5.4980 8.2244
4.9267 8.0751
4.3519 7.9399
3.7755 7.8116
3.2003 7.6780
2.6303 7.5243
2.0712 7.3348
1.5315 7.0958
1.0214 6.7991
0.5498 6.4442
0.1229 6.0367
-0.2503 5.5797
-0.5565 5.0754
-0.7875 4.5325
-0.9441 3.9635
-1.0312 3.3798
-1.0497 2.7900
-1.0024 2.2016
-0.8984 1.6206
-0.7506 1.0489
-0.5735 0.4857
-0.3804 -0.0723
-0.1820 -0.6285
0.0150 -1.1852
0.2093 -1.7428
0.4064 -2.2995
0.6190 -2.8503
0.8668 -3.3861
1.1725 -3.8908
1.5556 -4.3390
2.0271 -4.6920
2.5785 -4.8960
3.1655 -4.8970
3.7088 -4.6756
4.1298 -4.2665
4.3879 -3.7383
4.4861 -3.1577
4.4516 -2.5692
4.3188 -1.9943
4.1206 -1.4383
3.8853 -0.8968
3.6373 -0.3609
3.3990 0.1794
3.1915 0.7321
3.0351 1.3012
2.9489 1.8849
2.9505 2.4747
3.0573 3.0544
3.2862 3.5971
3.6469 4.0620
4.1298 4.3971
4.6959 4.5540
5.2815 4.5081
5.8197 4.2716
6.2638 3.8855
6.5965 3.3993
6.8211 2.8542
6.9543 2.2794
7.0212 1.6929
7.0519 1.1032
7.0781 0.5133
7.1313 -0.0746
7.2402 -0.6546
7.4266 -1.2144
