x y v
9.2125 9.0033 1.3008
8.7567 9.0279 1.3082
8.2981 9.0078 1.3160
7.8413 8.9402 1.3243
7.3894 8.8308 1.3334
6.9419 8.6925 1.3432
6.4951 8.5406 1.3535
6.0445 8.3883 1.3644
5.5867 8.2454 1.3768
5.1196 8.1171 1.3915
4.6438 8.0010 1.4073
4.1610 7.8907 1.4226
3.6729 7.7798 1.4370
3.1817 7.6613 1.4503
2.6900 7.5268 1.4626
2.2017 7.3669 1.4741
1.7222 7.1715 1.4850
1.2589 6.9325 1.4955
0.8189 6.6462 1.5055
0.4086 6.3133 1.5148
0.0344 5.9359 1.5235
-0.2964 5.5162 1.5317
-0.5750 5.0570 1.5397
-0.7934 4.5632 1.5479
-0.9478 4.0427 1.5564
-1.0393 3.5044 1.5653
-1.0715 2.9562 1.5742
-1.0477 2.4044 1.5834
-0.9706 1.8541 1.5934
-0.8431 1.3092 1.6056
-0.6794 0.7692 1.6189
-0.4958 0.2308 1.6319
-0.3030 -0.3092 1.6440
-0.1075 -0.8524 1.6549
0.0882 -1.3994 1.6646
0.2857 -1.9492 1.6730
0.4924 -2.4984 1.6801
0.7217 -3.0408 1.6856
0.9926 -3.5655 1.6894
1.3261 -4.0536 1.6914
1.7406 -4.4748 1.6915
2.2432 -4.7836 1.6895
2.8142 -4.9235 1.6860
3.3770 -4.8725 1.5464
3.8581 -4.6344 1.5440
4.2209 -4.2371 1.5457
4.4449 -3.7461 1.5484
4.5366 -3.2126 1.5520
4.5154 -2.6699 1.5565
4.4052 -2.1359 1.5617
4.2299 -1.6173 1.5681
4.0116 -1.1123 1.5768
3.7756 -0.6116 1.5864
3.5426 -0.1058 1.5957
3.3283 0.4115 1.6039
3.1485 0.9445 1.6109
3.0201 1.4942 1.6167
2.9601 2.0573 1.6213
2.9855 2.6242 1.6246
3.1129 3.1778 1.6266
3.3565 3.6910 1.6274
3.7221 4.1254 1.6270
4.1975 4.4344 1.6259
4.7456 4.5765 1.6249
5.2875 4.5174 1.4797
5.7645 4.3100 1.4894
6.1851 4.0035 1.4917
6.5234 3.6066 1.4952
6.7696 3.1449 1.4998
6.9298 2.6446 1.5054
7.0198 2.1247 1.5120
7.0595 1.5956 1.5208
7.0777 1.0619 1.5306
7.1004 0.5251 1.5400
7.1476 -0.0132 1.5483
7.2382 -0.5486 1.5555
7.3891 -1.0725 1.5619
7.6130 -1.5718 1.5676
7.9154 -2.0299 1.5730
8.2944 -2.4295 1.5782
8.7405 -2.7554 1.5835
9.2391 -2.9980 1.5892
9.7733 -3.1550 1.5954
10.3272 -3.2307 1.6021
10.8886 -3.2305 1.6012
11.4435 -3.1419 1.6115
11.9980 -3.0292 1.6220
12.5501 -2.8898 1.6319
13.1005 -2.7314 1.6407
13.6511 -2.5636 1.6482
14.2036 -2.3940 1.6540
14.7577 -2.2237 1.6582
15.3093 -2.0420 1.6605
15.8465 -1.8209 1.6604
16.3356 -1.5108 1.6559
16.6928 -1.0621 1.6448
16.7926 -0.5051 1.6312
16.5758 0.0127 1.6223
16.1219 0.3427 1.6197
15.5673 0.4410 1.6211
15.0089 0.3484 1.6245
14.4839 0.1297 1.6300
13.9863 -0.1516 1.6368
13.4952 -0.4486 1.6431
12.9973 -0.7383 1.6482
12.4876 -1.0098 1.6515
11.9620 -1.2506 1.6528
11.4139 -1.4337 1.6514
10.8423 -1.4937 1.6442
10.3006 -1.3266 1.6287
9.9428 -0.8984 1.6130
9.9038 -0.3455 1.6056
10.1627 0.1464 1.6048
10.6068 0.4861 1.6087
11.1296 0.6962 1.6152
11.6710 0.8618 1.6197
12.2005 1.0643 1.6217
12.6821 1.3622 1.6218
13.0667 1.7769 1.6218
13.3135 2.2861 1.6234
13.4122 2.8446 1.6267
13.3814 3.4129 1.6313
13.2529 3.9696 1.6369
13.0598 4.5100 1.6437
12.8301 5.0391 1.6526
12.5856 5.5652 1.6625
12.3355 6.0924 1.6722
12.0762 6.6188 1.6806
11.7956 7.1371 1.6877
11.4758 7.6347 1.6934
11.0989 8.0926 1.6981
10.6555 8.4882 1.7016
10.1430 8.7905 1.7052
9.5770 8.9793 1.7100
8.9834 9.0567 1.7157
8.3828 9.0358 1.7218
7.7881 8.9331 1.7289
7.2033 8.7727 1.7370
6.6241 8.5829 1.7459
6.0428 8.3892 1.7559
5.4524 8.2113 1.7681
4.8516 8.0538 1.7815
4.2426 7.9098 1.7946
3.6285 7.7680 1.8066
3.0131 7.6148 1.8173
2.4018 7.4331 1.8270
1.8034 7.2039 1.8359
1.2300 6.9116 1.8441
0.6941 6.5502 1.8516
0.2074 6.1212 1.8585
-0.2178 5.6282 1.8647
-0.5667 5.0761 1.8708
-0.8259 4.4744 1.8772
-0.9915 3.8379 1.8841
-1.0676 3.1821 1.8914
-1.0599 2.5193 1.8990
-0.9715 1.8594 1.9081
-0.8134 1.2088 1.9191
-0.6117 0.5661 1.9306
-0.3886 -0.0737 1.9411
-0.1582 -0.7146 1.9504
0.0727 -1.3585 1.9582
0.3052 -2.0044 1.9645
0.5505 -2.6476 1.9692
0.8315 -3.2774 1.9719
1.1800 -3.8726 1.9725
1.6294 -4.3944 1.9703
2.1989 -4.7767 1.9647
2.8625 -4.9324 1.9565
3.4943 -4.7970 1.8107
4.0126 -4.4399 1.8070
4.3653 -3.9196 1.8054
4.5271 -3.3111 1.8065
4.5200 -2.6799 1.8096
4.3866 -2.0608 1.8140
4.1677 -1.4639 1.8206
3.9043 -0.8823 1.8287
3.6320 -0.3015 1.8367
3.3768 0.2898 1.8436
3.1622 0.8992 1.8491
3.0130 1.5293 1.8530
2.9549 2.1750 1.8554
3.0129 2.8209 1.8563
3.2110 3.4378 1.8553
3.5662 3.9781 1.8526
4.0725 4.3770 1.8487
4.6852 4.5706 1.8446
5.3216 4.5175 1.8332
5.9014 4.2497 1.8321
6.3722 3.8177 1.8327
6.7099 3.2739 1.8350
6.9206 2.6675 1.8389
7.0262 2.0322 1.8451
7.0672 1.3865 1.8529
7.0914 0.7370 1.8606
7.1378 0.0864 1.8671
7.2409 -0.5595 1.8722
7.4313 -1.1866 1.8762
7.7289 -1.7715 1.8794
8.1386 -2.2851 1.8823
8.6494 -2.7000 1.8854
9.2375 -2.9982 1.8892
9.8743 -3.1758 1.8938
10.5342 -3.2394 1.8994
11.1650 -3.1807 1.7669
11.7756 -3.0738 1.7763
12.3828 -2.9330 1.7854
12.9863 -2.7655 1.7934
13.5883 -2.5836 1.7999
14.1914 -2.3986 1.8047
14.7960 -2.2138 1.8077
15.3975 -2.0171 1.8084
15.9803 -1.7724 1.8058
16.4927 -1.4094 1.7959
16.8031 -0.8750 1.7768
16.7607 -0.2681 1.7595
16.3767 0.1999 1.7514
15.8076 0.4107 1.7495
15.1990 0.3790 1.7511
14.6202 0.1788 1.7555
14.0759 -0.1080 1.7613
13.5441 -0.4215 1.7664
13.0089 -0.7325 1.7704
12.4620 -1.0247 1.7729
11.8977 -1.2827 1.7732
11.3070 -1.4686 1.7698
10.6934 -1.4850 1.7578
10.1561 -1.2121 1.7370
9.8962 -0.6786 1.7201
10.0111 -0.0988 1.7118
10.4247 0.3228 1.7078
10.9788 0.5479 1.7174
11.5506 0.7355 1.7213
12.1144 0.9486 1.7238
12.6409 1.2412 1.7235
13.0728 1.6584 1.7215
13.3456 2.1920 1.7204
13.4337 2.7861 1.7238
13.3837 3.3873 1.7284
13.2414 3.9757 1.7337
13.0372 4.5481 1.7404
12.7969 5.1094 1.7491
12.5427 5.6682 1.7585
12.2835 6.2281 1.7673
12.0130 6.7858 1.7747
11.7114 7.3299 1.7807
11.3694 7.8521 1.7865
11.0016 8.3581 1.7890
10.5339 8.7715 1.7899
9.9716 9.0455 1.7942
9.3604 9.1892 1.7994
8.7311 9.2208 1.8053
8.1015 9.1612 1.8115
7.4807 9.0273 1.8190
6.8673 8.8517 1.8273
6.2555 8.6601 1.8365
5.6444 8.4550 1.8477
5.0339 8.2352 1.8604
4.4089 8.0453 1.8729
3.7691 7.8935 1.8847
3.1248 7.7439 1.8953
2.4843 7.5653 1.9046
1.8574 7.3353 1.9130
1.2566 7.0372 1.9207
0.6982 6.6616 1.9281
0.1923 6.2143 1.9341
-0.2399 5.6929 1.9400
-0.5927 5.1121 1.9466
-0.8802 4.4949 1.9504
-1.0361 3.8304 1.9566
-1.0827 3.1464 1.9640
-1.0518 2.4587 1.9716
-0.9472 1.7754 1.9808
-0.7775 1.1015 1.9915
-0.5659 0.4354 2.0024
-0.3337 -0.2278 2.0122
-0.0950 -0.8920 2.0206
0.1439 -1.5589 2.0275
0.3869 -2.2267 2.0329
0.6502 -2.8883 2.0364
0.9630 -3.5288 2.0378
1.3626 -4.1183 2.0367
1.8827 -4.6015 2.0320
2.5261 -4.8914 2.0237
3.2233 -4.8908 1.9888
3.8467 -4.5876 1.9900
4.2928 -4.0605 1.9849
4.5103 -3.4047 1.9838
4.5202 -2.7123 1.9855
4.3755 -2.0330 1.9892
4.1301 -1.3807 1.9955
3.8386 -0.7447 2.0027
3.5440 -0.1074 2.0093
3.2783 0.5446 2.0145
3.0731 1.2195 2.0179
2.9610 1.9164 2.0196
2.9747 2.6220 2.0194
3.1461 3.3054 2.0171
3.5007 3.9117 2.0125
4.0363 4.3612 2.0061
4.6997 4.5724 1.9994
5.3808 4.4825 1.9751
5.9865 4.1469 1.9825
6.4738 3.6570 1.9811
6.8033 3.0490 1.9826
6.9832 2.3794 1.9866
7.0554 1.6871 1.9933
7.0832 0.9887 2.0004
7.1202 0.2885 2.0065
7.2105 -0.4084 2.0110
7.3940 -1.0878 2.0141
7.6983 -1.7227 2.0162
8.1317 -2.2781 2.0179
8.6809 -2.7201 2.0200
9.3165 -3.0276 2.0228
10.0033 -3.1974 2.0267
10.7115 -3.2364 2.0321
11.4354 -3.1548 2.0518
12.1397 -3.0091 2.0593
12.8355 -2.8169 2.0658
13.5275 -2.6044 2.0705
14.2206 -2.3910 2.0732
14.9163 -2.1840 2.0739
15.6066 -1.9605 2.0724
16.2495 -1.6320 2.0634
16.7063 -1.0881 2.0409
16.7618 -0.3946 2.0137
16.3682 0.1700 1.9959
15.7221 0.4085 1.9893
15.0337 0.3375 1.9895
14.3909 0.0711 1.9940
13.7838 -0.2747 1.9985
13.1824 -0.6329 2.0016
12.5709 -0.9752 2.0026
11.9418 -1.2836 2.0014
11.2785 -1.5015 1.9948
10.5908 -1.4787 1.9741
10.0519 -1.0777 1.9441
9.9190 -0.4297 1.9232
10.2175 0.1601 1.9150
10.7671 0.5370 1.9181
11.3989 0.7651 1.9226
12.0356 0.9830 1.9237
12.6219 1.3094 1.9207
13.0795 1.7964 1.9171
13.3446 2.4090 1.9160
13.4104 3.0744 1.9177
13.3155 3.7383 1.9215
13.1121 4.3798 1.9272
12.8489 5.0022 1.9349
12.5633 5.6179 1.9432
12.2694 6.2327 1.9508
11.9603 6.8427 1.9569
11.6139 7.4343 1.9615
11.2019 7.9834 1.9646
10.7027 8.4550 1.9661
10.1110 8.8037 1.9679
9.4531 9.0040 1.9709
8.7660 9.0609 1.9752
8.0778 8.9937 1.9805
7.4025 8.8339 1.9873
6.7382 8.6233 1.9952
6.0740 8.4024 2.0047
5.4002 8.2001 2.0160
4.7152 8.0222 2.0280
4.0224 7.8591 2.0392
3.3262 7.6942 2.0491
2.6328 7.5052 2.0578
1.9524 7.2655 2.0655
1.3006 6.9512 2.0722
0.6949 6.5515 2.0781
0.1521 6.0670 2.0834
-0.3099 5.5028 2.0881
-0.6703 4.8671 2.0928
-0.9160 4.1771 2.0981
-1.0474 3.4543 2.1039
-1.0716 2.7178 2.1103
-0.9925 1.9827 2.1182
-0.8258 1.2589 2.1279
-0.6048 0.5460 2.1380
-0.3579 -0.1621 2.1471
-0.1031 -0.8706 2.1546
0.1516 -1.5815 2.1606
0.4104 -2.2929 2.1649
0.6940 -2.9959 2.1672
1.0394 -3.6708 2.1671
1.4930 -4.2762 2.1637
2.0903 -4.7341 2.1557
2.8098 -4.9337 2.1437
3.5340 -4.7852 2.1275
4.1126 -4.3295 2.1184
4.4471 -3.6744 2.1140
4.5329 -2.9426 2.1136
4.4238 -2.2122 2.1159
4.1838 -1.5113 2.1212
3.8800 -0.8328 2.1276
3.5660 -0.1564 2.1336
3.2814 0.5347 2.1379
3.0641 1.2508 2.1403
2.9531 1.9908 2.1408
2.9874 2.7376 2.1391
3.2047 3.4507 2.1347
3.6308 4.0584 2.1276
4.2486 4.4622 2.1187
4.9738 4.5774 2.1102
5.6367 4.3738 1.9666
6.1990 3.9822 1.9644
6.6194 3.4412 1.9646
6.8846 2.8081 1.9671
7.0168 2.1324 1.9724
7.0661 1.4428 1.9796
7.0917 0.7492 1.9865
7.1414 0.0547 1.9922
7.2574 -0.6331 1.9963
7.4758 -1.2965 1.9991
7.8182 -1.9055 2.0012
8.2860 -2.4252 2.0031
8.8604 -2.8252 2.0055
9.5097 -3.0900 2.0087
10.2000 -3.2212 2.0129
10.9048 -3.2274 2.0186
11.6077 -3.1551 2.0264
12.2978 -2.9861 2.0342
12.9802 -2.7791 2.0406
13.6617 -2.5627 2.0451
14.3462 -2.3517 2.0476
15.0331 -2.1468 2.0482
15.7114 -1.9161 2.0462
16.3308 -1.5650 2.0360
16.7405 -0.9975 2.0128
16.7364 -0.3113 1.9873
16.3063 0.2157 1.9718
15.6552 0.4165 1.9666
14.9769 0.3236 1.9675
14.3454 0.0496 1.9722
13.7467 -0.2956 1.9768
13.1517 -0.6498 1.9799
12.5461 -0.9871 1.9810
11.9225 -1.2896 1.9799
11.2652 -1.5016 1.9734
10.5847 -1.4760 1.9533
10.0511 -1.0793 1.9242
9.9153 -0.4384 1.9040
10.2042 0.1490 1.8962
10.7444 0.5280 1.8992
11.3691 0.7561 1.9040
12.0009 0.9684 1.9054
12.5870 1.2823 1.9028
13.0519 1.7537 1.8993
13.3305 2.3535 1.8982
13.4118 3.0109 1.8998
13.3308 3.6703 1.9035
13.1385 4.3085 1.9090
12.8824 4.9270 1.9167
12.6010 5.5375 1.9250
12.3108 6.1471 1.9329
12.0078 6.7533 1.9394
11.6719 7.3440 1.9443
11.2753 7.8971 1.9477
10.7961 8.3810 1.9496
10.2244 8.7513 1.9513
9.5812 8.9777 1.9542
8.9027 9.0602 1.9584
8.2186 9.0163 1.9636
7.5456 8.8737 1.9702
6.8849 8.6722 1.9779
6.2269 8.4521 1.9869
5.5609 8.2456 1.9980
4.8836 8.0637 2.0100
4.1974 7.8995 2.0216
3.5066 7.7382 2.0319
2.8166 7.5595 2.0410
2.1362 7.3380 2.0490
1.4792 7.0483 2.0561
0.8630 6.6756 2.0623
0.3041 6.2182 2.0679
-0.1806 5.6806 2.0728
-0.5712 5.0693 2.0775
-0.8513 4.3982 2.0827
-1.0172 3.6882 2.0885
-1.0751 2.9591 2.0947
-1.0302 2.2267 2.1020
-0.8906 1.5031 2.1113
-0.6856 0.7915 2.1215
-0.4464 0.0867 2.1311
-0.1944 -0.6169 2.1393
0.0591 -1.3227 2.1460
0.3135 -2.0304 2.1510
0.5829 -2.7340 2.1542
0.8981 -3.4189 2.1552
1.3027 -4.0540 2.1533
1.8395 -4.5781 2.1474
2.5154 -4.8915 2.1369
3.2506 -4.8822 2.0975
3.8970 -4.5404 2.0993
4.3384 -3.9615 2.0928
4.5258 -3.2578 2.0910
4.4935 -2.5285 2.0924
4.3044 -1.8213 2.0965
4.0238 -1.1424 2.1028
3.7119 -0.4745 2.1093
3.4117 0.2010 2.1146
3.1595 0.8972 2.1182
2.9929 1.6193 2.1198
2.9496 2.3588 2.1194
3.0674 3.0889 2.1167
3.3796 3.7565 2.1114
3.8961 4.2771 2.1036
4.5709 4.5539 2.0949
5.2962 4.5248 2.0945
5.9557 4.2205 2.0866
6.4624 3.6996 2.0854
6.7980 3.0535 2.0866
6.9801 2.3469 2.0903
7.0539 1.6183 2.0965
7.0850 0.8841 2.1029
7.1312 0.1486 2.1081
7.2442 -0.5807 2.1115
7.4690 -1.2840 2.1134
7.8322 -1.9268 2.1145
8.3347 -2.4679 2.1153
8.9526 -2.8730 2.1169
9.6475 -3.1269 2.1195
10.3811 -3.2330 2.1234
11.1370 -3.1769 2.3701
11.9580 -3.0328 2.3847
12.7686 -2.8312 2.3889
13.5704 -2.5925 2.3911
14.3720 -2.3521 2.3911
15.1774 -2.1253 2.3893
15.9588 -1.8344 2.3812
16.5833 -1.3021 2.3540
16.7611 -0.5250 2.3094
16.3505 0.1406 2.2753
15.6100 0.3903 2.2611
14.8358 0.2553 2.2598
14.1214 -0.0833 2.2628
13.4386 -0.4852 2.2647
12.7549 -0.8863 2.2645
12.0549 -1.2569 2.2620
11.3102 -1.5147 2.2518
10.5393 -1.4560 2.2210
10.0049 -0.9316 2.1757
10.0185 -0.1955 2.1457
10.5015 0.3636 2.1390
11.1781 0.6800 2.1423
11.8897 0.9172 2.1435
12.5557 1.2564 2.1384
13.0728 1.7895 2.1313
13.3546 2.4748 2.1277
13.3972 3.2155 2.1280
13.2570 3.9462 2.1312
13.0032 4.6482 2.1372
12.6985 5.3326 2.1442
12.3778 6.0124 2.1508
12.0439 6.6881 2.1561
11.6736 7.3463 2.1598
11.2297 7.9577 2.1614
10.6794 8.4744 2.1613
10.0198 8.8404 2.1614
9.2888 9.0289 2.1632
8.5328 9.0500 2.1665
7.7835 8.9333 2.1716
7.0509 8.7276 2.1783
6.3257 8.4876 2.1867
5.5937 8.2586 2.1968
4.8497 8.0572 2.2076
4.0966 7.8767 2.2178
3.3397 7.6975 2.2267
2.5868 7.4915 2.2344
1.8511 7.2238 2.2407
1.1527 6.8663 2.2460
0.5137 6.4085 2.2505
-0.0444 5.8530 2.2542
-0.4969 5.2074 2.2576
-0.8217 4.4876 2.2615
-1.0125 3.7197 2.2660
-1.0756 2.9290 2.2712
-1.0158 2.1360 2.2779
-0.8505 1.3549 2.2866
-0.6185 0.5875 2.2956
-0.3546 -0.1729 2.3036
-0.0814 -0.9328 2.3100
0.1912 -1.6948 2.3147
0.4702 -2.4560 2.3175
0.7844 -3.2038 2.3182
1.1844 -3.9083 2.3157
1.7282 -4.5040 2.3083
2.4369 -4.8754 2.2950
3.2262 -4.8882 2.2595
3.9173 -4.5169 2.2534
4.3678 -3.8799 2.2444
4.5292 -3.1161 2.2413
4.4521 -2.3376 2.2421
4.2142 -1.5899 2.2465
3.8969 -0.8695 2.2522
3.5645 -0.1538 2.2573
3.2643 0.5775 2.2607
3.0414 1.3365 2.2620
2.9425 2.1207 2.2610
3.0139 2.9062 2.2573
3.2989 3.6384 2.2504
3.8173 4.2225 2.2403
4.5237 4.5429 2.2287
5.2826 4.5182 2.0655
5.9341 4.2043 2.0724
6.4505 3.7002 2.0703
6.7953 3.0653 2.0712
6.9809 2.3653 2.0749
7.0546 1.6422 2.0812
7.0841 0.9132 2.0877
7.1276 0.1829 2.0930
7.2352 -0.5419 2.0967
7.4513 -1.2426 2.0988
7.8030 -1.8861 2.0999
8.2928 -2.4319 2.1009
8.8989 -2.8456 2.1025
9.5843 -3.1107 2.1052
10.3109 -3.2294 2.1090
11.0564 -3.1927 2.1719
11.8056 -3.0561 2.1795
12.5495 -2.8825 2.1856
13.2865 -2.6747 2.1900
14.0208 -2.4531 2.1925
14.7570 -2.2363 2.1928
15.4910 -2.0130 2.1911
16.1829 -1.6902 2.1817
16.6860 -1.1335 2.1560
16.7551 -0.4039 2.1232
16.3309 0.1825 2.1010
15.6418 0.4054 2.0926
14.9223 0.2962 2.0924
14.2551 -0.0052 2.0966
13.6203 -0.3745 2.1001
12.9870 -0.7483 2.1018
12.3417 -1.1013 2.1014
11.6720 -1.4030 2.0978
10.9567 -1.5399 2.0834
10.2803 -1.3186 2.0518
9.9280 -0.7199 2.0198
10.0731 -0.0460 2.0029
10.5781 0.4292 2.0018
11.2223 0.7029 2.0062
11.8900 0.9213 2.0079
12.5183 1.2315 2.0046
13.0224 1.7130 1.9996
13.3244 2.3397 1.9971
13.4093 3.0310 1.9979
13.3174 3.7234 2.0012
13.1068 4.3918 2.0067
12.8324 5.0396 2.0142
12.5348 5.6801 2.0219
12.2280 6.3192 2.0288
11.9024 6.9513 2.0342
11.5316 7.5596 2.0380
11.0843 8.1147 2.0400
10.5381 8.5724 2.0408
9.8983 8.8864 2.0423
9.2013 9.0402 2.0453
8.4859 9.0466 2.0494
7.7775 8.9317 2.0551
7.0840 8.7371 2.0623
6.3976 8.5095 2.0707
5.7053 8.2893 2.0810
5.0014 8.0945 2.0924
4.2879 7.9209 2.1037
3.5691 7.7533 2.1136
2.8510 7.5695 2.1223
2.1431 7.3408 2.1298
1.4608 7.0388 2.1363
0.8231 6.6477 2.1420
0.2486 6.1658 2.1469
-0.2433 5.5979 2.1512
-0.6304 4.9525 2.1554
-0.8969 4.2469 2.1602
-1.0420 3.5047 2.1656
-1.0728 2.7470 2.1716
-0.9934 1.9905 2.1792
-0.8219 1.2460 2.1886
-0.5939 0.5130 2.1983
-0.3395 -0.2148 2.2068
-0.0775 -0.9427 2.2139
0.1841 -1.6732 2.2192
0.4517 -2.4030 2.2228
0.7500 -3.1218 2.2244
1.1215 -3.8051 2.2233
1.6172 -4.4013 2.2182
2.2664 -4.8159 2.2079
3.0215 -4.9287 2.1940
3.6712 -4.7247 1.9078
4.1657 -4.2848 1.9034
4.4535 -3.6883 1.9024
4.5392 -3.0300 1.9039
4.4632 -2.3687 1.9071
4.2716 -1.7291 1.9123
4.0103 -1.1117 1.9195
3.7246 -0.5022 1.9271
3.4480 0.1143 1.9339
3.2082 0.7481 1.9390
3.0337 1.4042 1.9426
2.9536 2.0790 1.9445
2.9971 2.7571 1.9447
3.1920 3.4071 1.9429
3.5587 3.9758 1.9390
4.0909 4.3895 1.9337
4.7359 4.5763 1.9283
5.3730 4.4879 1.7885
5.9314 4.2095 1.7879
6.3894 3.7860 1.7886
6.7193 3.2555 1.7911
6.9247 2.6635 1.7952
7.0279 2.0433 1.8015
7.0677 1.4127 1.8095
7.0902 0.7784 1.8175
7.1323 0.1425 1.8244
7.2264 -0.4898 1.8300
7.4011 -1.1062 1.8343
7.6769 -1.6857 1.8380
8.0602 -2.2017 1.8412
8.5430 -2.6275 1.8446
9.1052 -2.9440 1.8485
9.7202 -3.1444 1.8531
10.3627 -3.2339 1.8585
10.9948 -3.2062 1.7248
11.5924 -3.1091 1.7346
12.1875 -2.9811 1.7442
12.7792 -2.8248 1.7529
13.3689 -2.6506 1.7603
13.9589 -2.4697 1.7660
14.5507 -2.2887 1.7700
15.1420 -2.1025 1.7721
15.7230 -1.8859 1.7719
16.2618 -1.5829 1.7670
16.6689 -1.1264 1.7540
16.7964 -0.5378 1.7371
16.5682 0.0132 1.7254
16.0776 0.3514 1.7212
15.4846 0.4310 1.7218
14.8967 0.3056 1.7251
14.3476 0.0537 1.7309
13.8230 -0.2514 1.7371
13.3004 -0.5640 1.7424
12.7687 -0.8640 1.7460
12.2229 -1.1394 1.7476
11.6568 -1.3699 1.7468
11.0618 -1.5004 1.7411
10.4661 -1.4173 1.7255
10.0148 -1.0370 1.7055
9.8904 -0.4664 1.6932
10.1125 0.0742 1.6899
10.5617 0.4532 1.6928
11.1077 0.6834 1.6988
11.6765 0.8591 1.7030
12.2317 1.0753 1.7042
12.7305 1.3992 1.7033
13.1155 1.8510 1.7026
13.3448 2.3988 1.7038
13.4143 2.9899 1.7069
13.3503 3.5837 1.7115
13.1907 4.1616 1.7172
12.9712 4.7223 1.7247
12.7224 5.2740 1.7339
12.4636 5.8248 1.7433
12.1982 6.3759 1.7519
11.9168 6.9220 1.7591
11.6016 7.4519 1.7648
11.2314 7.9469 1.7693
10.7916 8.3827 1.7725
10.2757 8.7260 1.7756
9.6965 8.9498 1.7796
9.0820 9.0512 1.7847
8.4571 9.0437 1.7904
7.8376 8.9449 1.7972
7.2290 8.7815 1.8050
6.6271 8.5849 1.8136
6.0231 8.3841 1.8236
5.4098 8.2005 1.8357
4.7858 8.0382 1.8487
4.1538 7.8892 1.8612
3.5174 7.7411 1.8726
2.8808 7.5780 1.8827
2.2506 7.3803 1.8918
1.6375 7.1272 1.9001
1.0551 6.8042 1.9077
0.5171 6.4076 1.9146
0.0360 5.9403 1.9208
-0.3733 5.4065 1.9265
-0.6943 4.8133 1.9323
-0.9166 4.1742 1.9386
-1.0411 3.5065 1.9454
-1.0738 2.8257 1.9525
-1.0192 2.1436 1.9605
-0.8832 1.4696 1.9707
-0.6903 0.8055 1.9818
-0.4671 0.1468 1.9924
-0.2317 -0.5114 2.0017
0.0058 -1.1721 2.0096
0.2435 -1.8353 2.0160
0.4904 -2.4972 2.0207
0.7677 -3.1482 2.0235
1.1082 -3.7688 2.0241
1.5490 -4.3214 2.0218
2.1154 -4.7392 2.0160
2.7882 -4.9298 2.0069
3.4567 -4.8801 1.7906
4.0096 -4.6398 1.7574
4.3474 -4.1298 1.7631
4.5041 -3.5341 1.7664
4.5255 -2.9167 1.7695
4.4373 -2.3037 1.7734
4.2603 -1.7083 1.7788
4.0211 -1.1323 1.7866
3.7559 -0.5644 1.7950
3.4950 0.0087 1.8028
3.2619 0.5961 1.8092
3.0797 1.2032 1.8142
2.9727 1.8293 1.8178
2.9647 2.4650 1.8198
3.0789 3.0905 1.8202
3.3365 3.6711 1.8190
3.7465 4.1542 1.8162
4.2902 4.4758 1.8125
4.9112 4.5830 1.8092
5.4652 4.4446 1.5327
5.9358 4.1878 1.5351
6.3385 3.8336 1.5373
6.6485 3.3944 1.5409
6.8605 2.8985 1.5458
6.9868 2.3720 1.5516
7.0477 1.8312 1.5594
7.0718 1.2844 1.5688
7.0905 0.7340 1.5782
7.1272 0.1814 1.5867
7.2026 -0.3700 1.5940
7.3360 -0.9125 1.6003
7.5425 -1.4337 1.6059
7.8305 -1.9166 1.6111
8.2001 -2.3426 1.6160
8.6430 -2.6944 1.6210
9.1445 -2.9601 1.6264
9.6864 -3.1357 1.6324
10.2513 -3.2250 1.6388
10.8256 -3.2346 1.6463
11.3948 -3.1459 1.6526
11.9637 -3.0321 1.6628
12.5303 -2.8922 1.6725
13.0949 -2.7320 1.6810
13.6593 -2.5611 1.6882
14.2252 -2.3877 1.6937
14.7925 -2.2134 1.6974
15.3568 -2.0264 1.6993
15.9041 -1.7947 1.6985
16.3939 -1.4626 1.6927
16.7285 -0.9824 1.6798
16.7762 -0.4072 1.6655
16.4991 0.0945 1.6570
16.0027 0.3817 1.6550
15.4289 0.4317 1.6565
14.8657 0.2983 1.6603
14.3392 0.0514 1.6663
13.8350 -0.2438 1.6728
13.3323 -0.5460 1.6786
12.8207 -0.8365 1.6829
12.2958 -1.1045 1.6852
11.7524 -1.3336 1.6854
11.1830 -1.4820 1.6817
10.6005 -1.4576 1.6701
10.1086 -1.1634 1.6521
9.8846 -0.6439 1.6387
10.0001 -0.0910 1.6344
10.3720 0.3374 1.6355
10.8763 0.6065 1.6414
11.4234 0.7847 1.6469
11.9715 0.9645 1.6499
12.4884 1.2201 1.6503
12.9263 1.5935 1.6498
13.2354 2.0787 1.6504
13.3916 2.6333 1.6529
13.4048 3.2111 1.6569
13.3052 3.7826 1.6621
13.1275 4.3373 1.6683
12.9030 4.8778 1.6766
12.6575 5.4125 1.6862
12.4048 5.9477 1.6958
12.1448 6.4830 1.7045
11.8669 7.0123 1.7117
11.5534 7.5239 1.7176
11.1850 7.9994 1.7222
10.7495 8.4161 1.7258
10.2421 8.7430 1.7291
9.6758 8.9553 1.7335
9.0767 9.0515 1.7390
8.4677 9.0444 1.7449
7.8636 8.9501 1.7518
7.2696 8.7931 1.7597
6.6824 8.6027 1.7684
6.0938 8.4059 1.7782
5.4965 8.2241 1.7902
4.8886 8.0631 1.8034
4.2723 7.9166 1.8164
3.6508 7.7730 1.8283
3.0280 7.6183 1.8389
2.4093 7.4351 1.8485
1.8038 7.2035 1.8572
1.2238 6.9077 1.8653
0.6824 6.5412 1.8727
0.1917 6.1056 1.8794
-0.2355 5.6048 1.8855
-0.5838 5.0438 1.8915
-0.8399 4.4329 1.8978
-1.0005 3.7878 1.9046
-1.0702 3.1241 1.9118
-1.0548 2.4543 1.9193
-0.9570 1.7885 1.9287
-0.7910 1.1324 1.9397
-0.5837 0.4839 1.9509
-0.3570 -0.1621 1.9612
-0.1241 -0.8095 1.9701
0.1090 -1.4599 1.9776
0.3447 -2.1119 1.9835
0.5966 -2.7596 1.9878
0.8898 -3.3907 1.9900
1.2579 -3.9813 1.9900
1.7343 -4.4864 1.9869
2.3327 -4.8321 1.9803
3.0123 -4.9293 1.9715
3.6561 -4.7144 1.9509
4.1618 -4.2643 1.9453
4.4574 -3.6558 1.9433
4.5398 -2.9829 1.9444
4.4522 -2.3089 1.9475
4.2465 -1.6587 1.9529
3.9740 -1.0307 1.9601
3.6819 -0.4085 1.9674
3.4040 0.2227 1.9736
3.1694 0.8730 1.9782
3.0084 1.5465 1.9811
2.9519 2.2370 1.9823
3.0306 2.9248 1.9816
3.2733 3.5718 1.9788
3.6963 4.1152 1.9739
4.2805 4.4740 1.9677
4.9552 4.5809 1.9620
5.5456 4.4017 1.7111
6.0567 4.0919 1.7113
6.4731 3.6636 1.7125
6.7687 3.1434 1.7157
6.9486 2.5705 1.7203
7.0361 1.9741 1.7272
7.0692 1.3691 1.7356
7.0900 0.7605 1.7440
7.1308 0.1502 1.7514
7.2194 -0.4572 1.7575
7.3814 -1.0510 1.7625
7.6353 -1.6132 1.7668
7.9887 -2.1203 1.7706
8.4365 -2.5481 1.7744
8.9626 -2.8775 1.7787
9.5441 -3.0996 1.7835
10.1574 -3.2169 1.7891
10.7838 -3.2363 1.7959
11.2245 -3.0845 1.0724
11.5788 -2.9490 1.1010
11.9608 -2.8815 1.1165
12.3509 -2.8315 1.1305
12.7443 -2.7718 1.1433
13.1387 -2.6929 1.1552
13.5331 -2.5953 1.1663
13.9278 -2.4845 1.1765
14.3239 -2.3659 1.1855
14.7214 -2.2425 1.1932
15.1193 -2.1119 1.1996
15.5137 -1.9653 1.2045
15.8964 -1.7875 1.2076
16.2513 -1.5585 1.2086
16.5490 -1.2598 1.2073
16.7442 -0.8879 1.2041
16.7890 -0.4724 1.2007
16.6608 -0.0759 1.1990
16.3817 0.2336 1.1999
16.0054 0.4162 1.2029
15.5885 0.4684 1.2071
15.1700 0.4112 1.2120
14.7682 0.2737 1.2173
14.3857 0.0840 1.2234
14.0157 -0.1342 1.2315
13.6474 -0.3611 1.2405
13.2737 -0.5852 1.2493
12.8920 -0.8013 1.2570
12.5010 -1.0054 1.2634
12.0988 -1.1910 1.2682
11.6823 -1.3457 1.2711
11.2494 -1.4475 1.2719
10.8059 -1.4613 1.2698
10.3808 -1.3431 1.2644
10.0416 -1.0669 1.2576
9.8704 -0.6672 1.2532
9.9059 -0.2341 1.2532
10.1210 0.1454 1.2563
10.4553 0.4296 1.2610
10.8537 0.6201 1.2674
11.2785 0.7518 1.2747
11.7087 0.8742 1.2808
12.1306 1.0276 1.2854
12.5269 1.2405 1.2888
12.8738 1.5282 1.2918
13.1459 1.8887 1.2952
13.3261 2.3043 1.2994
13.4107 2.7512 1.3045
13.4087 3.2082 1.3102
13.3356 3.6616 1.3166
13.2091 4.1057 1.3235
13.0458 4.5405 1.3310
12.8600 4.9693 1.3402
12.6627 5.3970 1.3513
12.4608 5.8270 1.3632
12.2546 6.2595 1.3745
12.0397 6.6918 1.3847
11.8077 7.1191 1.3937
11.5483 7.5338 1.4016
11.2507 7.9250 1.4085
10.9068 8.2792 1.4146
10.5155 8.5833 1.4198
10.0781 8.8197 1.4253
9.6035 8.9747 1.4317
9.1072 9.0494 1.4389
8.6027 9.0531 1.4462
8.0988 8.9944 1.4539
7.6005 8.8853 1.4623
7.1078 8.7412 1.4714
6.6173 8.5790 1.4811
6.1240 8.4139 1.4915
5.6237 8.2578 1.5036
5.1139 8.1177 1.5178
4.5953 7.9909 1.5328
4.0699 7.8704 1.5473
3.5400 7.7482 1.5606
3.0080 7.6150 1.5728
2.4778 7.4599 1.5840
1.9549 7.2705 1.5945
1.4473 7.0350 1.6045
0.9639 6.7465 1.6139
0.5130 6.4042 1.6227
0.1020 6.0105 1.6309
-0.2602 5.5681 1.6385
-0.5633 5.0802 1.6459
-0.7975 4.5530 1.6535
-0.9585 3.9961 1.6616
-1.0486 3.4204 1.6699
-1.0718 2.8353 1.6784
-1.0320 2.2479 1.6872
-0.9313 1.6645 1.6978
-0.7791 1.0880 1.7101
-0.5948 0.5162 1.7228
-0.3948 -0.0548 1.7347
-0.1887 -0.6280 1.7455
0.0183 -1.2046 1.7550
0.2259 -1.7843 1.7632
0.4406 -2.3642 1.7700
0.6758 -2.9382 1.7751
0.9523 -3.4950 1.7786
1.2945 -4.0148 1.7801
1.7246 -4.4638 1.7794
2.2521 -4.7897 1.7762
2.8540 -4.9272 1.7713
3.4561 -4.8148 1.7651
3.9732 -4.4847 1.7615
4.3356 -3.9904 1.7603
4.5158 -3.4036 1.7616
4.5313 -2.7882 1.7647
4.4199 -2.1808 1.7691
4.2206 -1.5939 1.7752
3.9697 -1.0240 1.7833
3.7032 -0.4580 1.7917
3.4469 0.1158 1.7993
3.2227 0.7053 1.8055
3.0536 1.3147 1.8102
2.9633 1.9419 1.8136
2.9754 2.5760 1.8154
3.1130 3.1951 1.8156
3.3960 3.7617 1.8141
3.8299 4.2208 1.8111
4.3901 4.5089 1.8075
5.0148 4.5779 1.8044
5.6335 4.4399 1.8218
6.1570 4.0813 1.8228
6.5507 3.5812 1.8252
6.8184 3.0018 1.8285
6.9761 2.3815 1.8332
7.0478 1.7430 1.8404
7.0773 1.0982 1.8484
7.1075 0.4506 1.8557
7.1747 -0.1963 1.8617
7.3119 -0.8336 1.8663
7.5457 -1.4433 1.8699
7.8899 -1.9994 1.8730
8.3424 -2.4727 1.8760
8.8865 -2.8390 1.8794
9.4958 -3.0860 1.8835
10.1422 -3.2155 1.8885
10.8032 -3.2344 1.8950
11.4163 -3.1418 1.7673
12.0242 -3.0190 1.7767
12.6285 -2.8662 1.7855
13.2301 -2.6922 1.7929
13.8314 -2.5087 1.7988
14.4342 -2.3245 1.8029
15.0374 -2.1376 1.8051
15.6328 -1.9265 1.8051
16.1926 -1.6374 1.8008
16.6330 -1.1956 1.7880
16.8011 -0.6052 1.7700
16.6016 -0.0318 1.7567
16.1179 0.3334 1.7513
15.5175 0.4309 1.7514
14.9178 0.3124 1.7544
14.3578 0.0599 1.7601
13.8239 -0.2495 1.7661
13.2928 -0.5675 1.7711
12.7525 -0.8726 1.7744
12.1977 -1.1522 1.7758
11.6217 -1.3844 1.7746
11.0157 -1.5074 1.7678
10.4159 -1.3981 1.7505
9.9851 -0.9831 1.7299
9.9028 -0.3965 1.7180
10.1660 0.1353 1.7149
10.6429 0.4945 1.7186
11.2036 0.7130 1.7245
11.7805 0.8931 1.7281
12.3366 1.1292 1.7285
12.8236 1.4846 1.7272
13.1818 1.9682 1.7266
13.3752 2.5385 1.7281
13.4091 3.1414 1.7314
13.3154 3.7401 1.7362
13.1337 4.3207 1.7421
12.9000 4.8852 1.7503
12.6437 5.4433 1.7595
12.3796 6.0015 1.7686
12.1070 6.5588 1.7766
11.8128 7.1079 1.7832
11.4766 7.6345 1.7883
11.0774 8.1169 1.7923
10.6035 8.5270 1.7950
10.0535 8.8292 1.7982
9.4497 9.0050 1.8025
8.8212 9.0607 1.8078
8.1900 9.0115 1.8138
7.5682 8.8794 1.8209
6.9566 8.6953 1.8291
6.3482 8.4912 1.8381
5.7338 8.2946 1.8491
5.1084 8.1197 1.8617
4.4735 7.9635 1.8745
3.8323 7.8151 1.8864
3.1886 7.6599 1.8970
2.5480 7.4796 1.9064
1.9191 7.2527 1.9149
1.3150 6.9601 1.9227
0.7500 6.5931 1.9298
0.2374 6.1524 1.9362
-0.2089 5.6420 1.9419
-0.5722 5.0672 1.9475
-0.8381 4.4393 1.9535
-1.0029 3.7752 1.9600
-1.0717 3.0920 1.9669
-1.0504 2.4032 1.9743
-0.9421 1.7195 1.9836
-0.7653 1.0464 1.9945
-0.5487 0.3808 2.0053
-0.3142 -0.2825 2.0150
-0.0748 -0.9475 2.0232
0.1643 -1.6153 2.0300
0.4083 -2.2836 2.0352
0.6748 -2.9448 2.0385
0.9939 -3.5829 2.0397
1.4034 -4.1661 2.0383
1.9358 -4.6363 2.0333
2.5890 -4.9039 2.0247
3.2799 -4.8829 1.8816
3.8698 -4.6121 1.8683
4.2853 -4.1134 1.8664
4.4991 -3.4991 1.8670
4.5320 -2.8478 1.8692
4.4236 -2.2030 1.8730
4.2152 -1.5809 1.8789
3.9496 -0.9780 1.8865
3.6684 -0.3791 1.8942
3.4015 0.2291 1.9009
3.1748 0.8554 1.9061
3.0159 1.5035 1.9096
2.9527 2.1685 1.9116
3.0124 2.8338 1.9119
3.2214 3.4674 1.9102
3.5974 4.0163 1.9067
4.1312 4.4094 1.9018
4.7697 4.5792 1.8970
5.3945 4.4721 1.7800
5.9454 4.1852 1.7791
6.4004 3.7629 1.7795
6.7280 3.2347 1.7821
6.9301 2.6450 1.7862
7.0301 2.0273 1.7926
7.0681 1.3998 1.8007
7.0903 0.7685 1.8087
7.1329 0.1357 1.8157
7.2274 -0.4935 1.8213
7.4019 -1.1068 1.8257
7.6763 -1.6837 1.8294
8.0571 -2.1978 1.8328
8.5367 -2.6228 1.8362
9.0953 -2.9397 1.8401
9.7068 -3.1413 1.8448
10.3462 -3.2329 1.8502
10.9833 -3.2128 1.6293
11.5430 -3.0968 1.6406
12.1076 -2.9827 1.6508
12.6707 -2.8459 1.6603
13.2317 -2.6888 1.6686
13.7922 -2.5205 1.6755
14.3540 -2.3491 1.6807
14.9165 -2.1747 1.6842
15.4742 -1.9828 1.6857
16.0100 -1.7374 1.6843
16.4753 -1.3810 1.6773
16.7624 -0.8781 1.6638
16.7492 -0.3065 1.6506
16.4260 0.1614 1.6437
15.9116 0.4060 1.6425
15.3397 0.4218 1.6447
14.7858 0.2679 1.6488
14.2676 0.0123 1.6551
13.7683 -0.2836 1.6616
13.2685 -0.5829 1.6674
12.7592 -0.8693 1.6715
12.2361 -1.1321 1.6737
11.6940 -1.3534 1.6737
11.1257 -1.4886 1.6696
10.5492 -1.4431 1.6573
10.0766 -1.1270 1.6396
9.8809 -0.6003 1.6274
10.0185 -0.0560 1.6240
10.4003 0.3590 1.6253
10.9057 0.6188 1.6315
11.4501 0.7939 1.6369
11.9941 0.9748 1.6398
12.5058 1.2329 1.6403
12.9379 1.6079 1.6399
13.2414 2.0926 1.6406
13.3934 2.6448 1.6432
13.4043 3.2193 1.6473
13.3039 3.7873 1.6525
13.1269 4.3387 1.6587
12.9037 4.8761 1.6671
12.6597 5.4079 1.6767
12.4084 5.9402 1.6864
12.1501 6.4726 1.6951
11.8742 6.9993 1.7025
11.5636 7.5088 1.7085
11.1991 7.9835 1.7132
10.7685 8.4007 1.7168
10.2668 8.7305 1.7202
9.7055 8.9474 1.7246
9.1104 9.0490 1.7301
8.5045 9.0475 1.7360
7.9027 8.9585 1.7429
7.3110 8.8055 1.7507
6.7263 8.6173 1.7594
6.1409 8.4211 1.7691
5.5472 8.2383 1.7810
4.9429 8.0766 1.7942
4.3299 7.9299 1.8073
3.7115 7.7873 1.8193
3.0912 7.6352 1.8302
2.4743 7.4565 1.8399
1.8693 7.2320 1.8487
1.2882 6.9450 1.8569
0.7440 6.5881 1.8644
0.2485 6.1622 1.8713
-0.1857 5.6712 1.8775
-0.5436 5.1196 1.8835
-0.8113 4.5168 1.8898
-0.9840 3.8777 1.8966
-1.0657 3.2182 1.9037
-1.0622 2.5510 1.9112
-0.9765 1.8865 1.9203
-0.8196 1.2313 1.9312
-0.6176 0.5842 1.9425
-0.3936 -0.0597 1.9530
-0.1619 -0.7045 1.9622
0.0705 -1.3523 1.9700
0.3043 -2.0021 1.9762
0.5512 -2.6491 1.9808
0.8342 -3.2823 1.9835
1.1856 -3.8805 1.9839
1.6393 -4.4038 1.9815
2.2145 -4.7842 1.9757
2.8835 -4.9331 1.9672
3.5423 -4.7742 1.9510
4.0813 -4.3647 1.9448
4.4187 -3.7788 1.9422
4.5387 -3.1124 1.9428
4.4793 -2.4361 1.9456
4.2926 -1.7812 1.9504
4.0291 -1.1503 1.9575
3.7380 -0.5287 1.9649
3.4553 0.0995 1.9714
3.2100 0.7452 1.9763
3.0325 1.4139 1.9795
2.9534 2.1017 1.9811
3.0033 2.7920 1.9808
3.2119 3.4507 1.9784
3.5996 4.0201 1.9739
4.1558 4.4213 1.9679
4.8200 4.5812 1.9620
5.4516 4.4338 1.8382
6.0091 4.1154 1.8376
6.4654 3.6653 1.8373
6.7826 3.1076 1.8395
6.9657 2.4908 1.8439
7.0460 1.8497 1.8509
7.0751 1.2012 1.8587
7.1008 0.5498 1.8661
7.1600 -0.1016 1.8722
7.2860 -0.7451 1.8770
7.5069 -1.3636 1.8806
7.8384 -1.9316 1.8837
8.2806 -2.4196 1.8866
8.8181 -2.8018 1.8898
9.4248 -3.0642 1.8938
10.0720 -3.2070 1.8986
10.7361 -3.2372 1.9048
11.4016 -3.1880 1.9126
12.0573 -3.0467 1.9214
12.7052 -2.8615 1.9292
13.3507 -2.6597 1.9353
13.9979 -2.4571 1.9397
14.6480 -2.2598 1.9421
15.2973 -2.0583 1.9426
15.9290 -1.8091 1.9399
16.4831 -1.4253 1.9285
16.8046 -0.8464 1.9058
16.7216 -0.2011 1.8843
16.2671 0.2596 1.8739
15.6380 0.4192 1.8711
14.9933 0.3206 1.8729
14.3904 0.0634 1.8777
13.8166 -0.2587 1.8827
13.2468 -0.5911 1.8866
12.6681 -0.9099 1.8888
12.0765 -1.2050 1.8891
11.4608 -1.4431 1.8857
10.8105 -1.5157 1.8729
10.2165 -1.2740 1.8486
9.9098 -0.7245 1.8263
10.0213 -0.1083 1.8162
10.4580 0.3405 1.8137
11.0354 0.6042 1.8201
11.6445 0.7932 1.8240
12.2449 1.0100 1.8252
12.7918 1.3358 1.8223
13.2058 1.8158 1.8196
13.4267 2.4092 1.8179
13.4429 3.0438 1.8217
13.3280 3.6712 1.8265
13.1357 4.2815 1.8321
12.8954 4.8773 1.8398
12.6319 5.4665 1.8486
12.3633 6.0568 1.8571
12.0858 6.6460 1.8643
11.7807 7.2238 1.8698
11.4170 7.7683 1.8740
11.0072 8.2810 1.8774
10.5306 8.7220 1.8698
9.9317 8.9844 1.8755
9.2898 9.1215 1.8802
8.6321 9.1440 1.8852
7.9777 9.0579 1.8910
7.3341 8.8992 1.8983
6.6973 8.7052 1.9061
6.0665 8.4830 1.9159
5.4311 8.2630 1.9274
4.7815 8.0732 1.9399
4.1232 7.8987 1.9519
3.4589 7.7311 1.9626
2.7939 7.5526 1.9721
2.1367 7.3372 1.9805
1.5007 7.0591 1.9880
0.9021 6.7031 1.9948
0.3562 6.2671 2.0009
-0.1222 5.7552 2.0063
-0.5151 5.1731 2.0115
-0.8061 4.5319 2.0170
-0.9894 3.8498 2.0230
-1.0696 3.1458 2.0295
-1.0531 2.4350 2.0366
-0.9434 1.7296 2.0456
-0.7614 1.0354 2.0561
-0.5378 0.3495 2.0665
-0.2959 -0.3338 2.0757
-0.0494 -1.0187 2.0834
0.1967 -1.7063 2.0896
0.4495 -2.3935 2.0940
0.7299 -3.0710 2.0966
1.0730 -3.7193 2.0969
1.5206 -4.2986 2.0940
2.1027 -4.7369 2.0871
2.7992 -4.9322 2.0766
3.4865 -4.8204 1.9312
4.0421 -4.4566 1.9145
4.3913 -3.8900 1.9132
4.5316 -3.2377 1.9142
4.4988 -2.5695 1.9168
4.3374 -1.9184 1.9211
4.0912 -1.2918 1.9279
3.8075 -0.6781 1.9355
3.5240 -0.0615 1.9425
3.2696 0.5700 1.9481
3.0731 1.2233 1.9520
2.9642 1.8975 1.9543
2.9724 2.5806 1.9548
3.1264 3.2454 1.9534
3.4502 3.8440 1.9500
3.9466 4.3060 1.9448
4.5746 4.5545 1.9390
5.2464 4.5384 1.9298
5.8647 4.2755 1.9282
6.3646 3.8264 1.9279
6.7182 3.2536 1.9296
6.9325 2.6138 1.9331
7.0341 1.9444 1.9393
7.0725 1.2656 1.9466
7.1005 0.5836 1.9536
7.1612 -0.0983 1.9591
7.2942 -0.7712 1.9632
7.5318 -1.4155 1.9661
7.8910 -2.0015 1.9684
8.3696 -2.4955 1.9706
8.9474 -2.8703 1.9733
9.5932 -3.1134 1.9769
10.2754 -3.2280 1.9815
10.9687 -3.2261 1.9778
11.6550 -3.1316 1.9850
12.3312 -2.9665 1.9930
13.0012 -2.7683 1.9995
13.6700 -2.5593 2.0043
14.3412 -2.3533 2.0072
15.0143 -2.1515 2.0081
15.6795 -1.9259 2.0065
16.2932 -1.5916 1.9978
16.7201 -1.0522 1.9768
16.7614 -0.3787 1.9524
16.3789 0.1693 1.9370
15.7547 0.4097 1.9315
15.0849 0.3548 1.9319
14.4566 0.1064 1.9365
13.8651 -0.2261 1.9415
13.2812 -0.5749 1.9452
12.6884 -0.9106 1.9471
12.0799 -1.2171 1.9468
11.4436 -1.4572 1.9428
10.7728 -1.5153 1.9279
10.1766 -1.2349 1.9011
9.9044 -0.6483 1.8781
10.0661 -0.0248 1.8676
10.5364 0.4203 1.8681
11.1347 0.6829 1.8733
11.7601 0.8818 1.8764
12.3625 1.1407 1.8755
12.8789 1.5409 1.8722
13.2360 2.0860 1.8703
13.3991 2.7174 1.8710
13.3854 3.3710 1.8741
13.2404 4.0107 1.8788
13.0121 4.6283 1.8856
12.7432 5.2325 1.8939
12.4607 5.8338 1.9023
12.1700 6.4343 1.9097
11.8590 7.0271 1.9157
11.5039 7.5964 1.9201
11.0789 8.1169 1.9230
10.5669 8.5523 1.9248
9.9696 8.8613 1.9271
9.3164 9.0263 1.9308
8.6415 9.0571 1.9354
7.9690 8.9732 1.9412
7.3094 8.8064 1.9484
6.6592 8.5964 1.9565
6.0076 8.3805 1.9663
5.3459 8.1845 1.9779
4.6734 8.0118 1.9900
3.9932 7.8524 2.0015
3.3099 7.6903 2.0116
2.6292 7.5045 2.0205
1.9611 7.2694 2.0284
1.3200 6.9624 2.0354
0.7230 6.5728 2.0416
0.1857 6.1012 2.0472
-0.2750 5.5522 2.0521
-0.6393 4.9333 2.0571
-0.8932 4.2595 2.0625
-1.0360 3.5516 2.0685
-1.0742 2.8281 2.0749
-1.0125 2.1038 2.0826
-0.8613 1.3893 2.0923
-0.6512 0.6861 2.1027
-0.4114 -0.0115 2.1122
-0.1611 -0.7087 2.1204
0.0898 -1.4084 2.1269
0.3426 -2.1095 2.1319
0.6129 -2.8056 2.1350
0.9321 -3.4811 2.1359
1.3434 -4.1038 2.1339
1.8869 -4.6109 2.1279
2.5650 -4.9027 2.1176
3.2952 -4.8762 2.1006
3.9313 -4.5244 2.0907
4.3538 -3.9349 2.0851
4.5269 -3.2299 2.0837
4.4872 -2.5034 2.0853
4.2955 -1.7995 2.0895
4.0147 -1.1233 2.0959
3.7039 -0.4575 2.1023
3.4056 0.2161 2.1077
3.1557 0.9106 2.1113
2.9916 1.6308 2.1129
2.9507 2.3680 2.1125
3.0702 3.0954 2.1099
3.3831 3.7601 2.1046
3.8990 4.2780 2.0969
4.5719 4.5535 2.0884
5.2800 4.5221 1.7948
5.8390 4.2313 1.8054
6.3244 3.8298 1.8049
6.6856 3.3135 1.8065
6.9121 2.7240 1.8102
7.0251 2.1002 1.8162
7.0670 1.4647 1.8242
7.0883 0.8252 1.8321
7.1280 0.1840 1.8390
7.2186 -0.4540 1.8445
7.3898 -1.0766 1.8489
7.6629 -1.6630 1.8524
8.0452 -2.1858 1.8555
8.5292 -2.6179 1.8588
9.0943 -2.9392 1.8625
9.7133 -3.1428 1.8671
10.3606 -3.2337 1.8724
11.0161 -3.2157 1.8802
11.6678 -3.1156 1.8889
12.3125 -2.9630 1.8974
12.9522 -2.7799 1.9047
13.5904 -2.5836 1.9104
14.2301 -2.3866 1.9143
14.8716 -2.1919 1.9163
15.5086 -1.9820 1.9161
16.1152 -1.6999 1.9115
16.6036 -1.2533 1.8969
16.8002 -0.6337 1.8753
16.5897 -0.0275 1.8586
16.0687 0.3446 1.8512
15.4307 0.4212 1.8505
14.8033 0.2681 1.8534
14.2200 -0.0166 1.8590
13.6591 -0.3482 1.8642
13.0971 -0.6810 1.8679
12.5236 -0.9956 1.8697
11.9326 -1.2763 1.8694
11.3126 -1.4803 1.8650
10.6670 -1.4914 1.8498
10.1186 -1.1765 1.8255
