x y
6.3144 8.4242
6.0073 8.1373
5.6038 7.9684
5.1944 7.8088
4.7737 7.6688
4.3409 7.5527
3.9029 7.4528
3.4693 7.3576
3.0437 7.2583
2.6275 7.1448
2.2240 7.0048
1.8389 6.8362
1.4669 6.6503
1.1055 6.4637
0.7470 6.2787
0.3897 6.0856
0.0433 5.8605
-0.2628 5.5619
-0.5008 5.1804
-0.6954 4.7750
-0.8105 4.3543
-0.8457 3.9339
-0.8199 3.5236
-0.7336 3.1330
-0.6023 2.7650
-0.5679 2.3543
-0.5050 1.9413
-0.4141 1.5276
-0.3004 1.1130
-0.1694 0.6969
-0.0268 0.2784
0.1224 -0.1428
0.2738 -0.5669
0.4245 -0.9929
0.5732 -1.4190
0.7208 -1.8421
0.8707 -2.2582
1.0282 -2.6622
1.2004 -3.0480
1.3948 -3.4086
1.6022 -3.7414
1.8112 -4.0521
2.1103 -4.2689
2.4312 -4.3867
2.7522 -4.4674
3.0699 -4.4571
3.3668 -4.3554
3.6235 -4.1690
3.8249 -3.9102
3.9611 -3.5953
4.0292 -3.2426
4.0326 -2.8671
3.9787 -2.4804
3.8771 -2.0885
3.7382 -1.6945
3.5721 -1.2976
3.3893 -0.8957
3.2098 -0.4846
3.0498 -0.0615
2.8857 0.3751
2.7313 0.8253
2.5919 1.2806
2.8104 1.6810
2.9387 2.0857
2.9563 2.5349
3.0360 2.9772
3.1855 3.4009
3.4105 3.7896
3.7122 4.1219
4.0832 4.3742
4.5057 4.5246
4.9528 4.5590
5.3935 4.4754
5.7995 4.2844
6.1511 4.0051
6.4388 3.6602
6.6612 3.2698
6.8224 2.8501
6.9305 2.4136
6.9963 1.9687
7.0326 1.5203
7.0531 1.0709
7.0722 0.6214
7.1036 0.1726
7.1608 -0.2735
7.2555 -0.7132
7.3962 -1.1402
7.5880 -1.5469
7.8321 -1.9243
8.1272 -2.2634
8.4687 -2.5557
8.8493 -2.7948
9.2598 -2.9781
9.6909 -3.1059
10.1342 -3.1813
10.5831 -3.2083
11.0325 -3.1919
11.4791 -3.1379
11.9209 -3.0532
12.3576 -2.9453
12.7902 -2.8219
13.2204 -2.6902
13.6499 -2.5562
14.0802 -2.4247
14.5117 -2.2975
14.9437 -2.1718
15.3731 -2.0375
15.7924 -1.8748
16.1851 -1.6565
16.5175 -1.3555
16.7332 -0.9638
16.7697 -0.5194
16.6037 -0.1059
16.2727 0.1931
15.8506 0.3412
15.4024 0.3499
14.9640 0.2526
14.5456 0.0880
14.1435 -0.1138
13.7500 -0.3318
13.3585 -0.5536
12.9651 -0.7717
12.5671 -0.9814
12.1621 -1.1773
11.7460 -1.3482
11.3136 -1.4706
10.8662 -1.5026
10.4337 -1.3904
10.0929 -1.1040
9.9384 -0.6870
10.0076 -0.2468
10.2572 0.1241
10.6156 0.3936
11.0254 0.5779
11.4527 0.7185
11.8791 0.8618
12.2879 1.0488
12.6568 1.3048
12.9608 1.6350
13.1816 2.0259
13.3132 2.4552
13.3603 2.9020
13.3345 3.3507
13.2504 3.7924
13.1236 4.2239
12.9682 4.6461
12.7960 5.0617
12.6154 5.4738
12.4310 5.8841
12.2434 6.2931
12.0488 6.6987
11.8403 7.0973
11.6082 7.4826
11.3430 7.8458
11.0382 8.1763
10.6917 8.4626
10.3066 8.6942
9.8901 8.8631
9.4531 8.9684
9.0066 9.0215
8.5571 9.0149
8.1109 8.9590
7.6707 8.8666
7.2362 8.7499
6.8056 8.6197
6.3762 8.4853
5.9460 8.3536
5.5138 8.2288
5.0790 8.1132
4.6419 8.0066
4.2032 7.9065
3.7640 7.8090
3.3255 7.7083
2.8894 7.5980
2.4579 7.4708
2.0340 7.3203
1.6217 7.1405
1.2256 6.9275
0.8500 6.6801
0.4983 6.3998
0.1727 6.0895
-0.1226 5.7503
-0.3818 5.3828
-0.5994 4.9893
-0.7727 4.5744
-0.9026 4.1439
-0.9916 3.7030
-1.0408 3.2559
-1.0501 2.8063
-1.0210 2.3574
-0.9571 1.9122
-0.8638 1.4721
-0.7473 1.0376
-0.6139 0.6080
-0.4697 0.1818
-0.3199 -0.2424
-0.1686 -0.6661
-0.0183 -1.0902
0.1301 -1.5149
0.2781 -1.9398
0.4298 -2.3633
0.5915 -2.7832
0.7719 -3.1952
0.9811 -3.5934
1.2292 -3.9685
1.5238 -4.3080
1.8698 -4.5946
2.2662 -4.8054
2.7014 -4.9145
3.1495 -4.9000
3.5736 -4.7551
3.9366 -4.4922
4.2126 -4.1386
4.3914 -3.7270
4.4771 -3.2861
4.4816 -2.8368
4.4199 -2.3915
4.3072 -1.9562
4.1578 -1.5319
3.9842 -1.1168
3.7979 -0.7073
3.6090 -0.2990
3.4271 0.1125
3.2616 0.5308
3.1216 0.9582
3.0158 1.3954
2.9526 1.8406
2.9395 2.2900
2.9843 2.7373
3.0949 3.1728
3.2781 3.5830
3.5382 3.9489
3.8730 4.2478
4.2702 4.4562
4.7076 4.5550
5.1557 4.5353
5.5836 4.4009
5.9667 4.1671
6.2899 3.8553
6.5477 3.4874
6.7416 3.0819
6.8775 2.6533
6.9649 2.2122
7.0156 1.7653
7.0430 1.3162
7.0611 0.8667
7.0841 0.4174
7.1256 -0.0305
7.1986 -0.4744
7.3133 -0.9092
7.4769 -1.3280
7.6924 -1.7225
7.9600 -2.0837
8.2770 -2.4024
8.6373 -2.6711
9.0327 -2.8850
9.4536 -3.0429
9.8912 -3.1464
10.3377 -3.1993
10.7874 -3.2059
11.2359 -3.1716
11.6804 -3.1028
12.1199 -3.0066
12.5546 -2.8907
12.9859 -2.7627
13.4155 -2.6293
13.8452 -2.4960
14.2761 -2.3665
14.7080 -2.2407
15.1394 -2.1128
15.5655 -1.9686
15.9756 -1.7843
16.3464 -1.5312
16.6341 -1.1878
16.7748 -0.7641
16.7185 -0.3221
16.4697 0.0477
16.0877 0.2791
15.6474 0.3608
15.2009 0.3164
14.7714 0.1841
14.3614 -0.0006
13.9642 -0.2117
13.5722 -0.4326
13.1802 -0.6534
12.7850 -0.8683
12.3841 -1.0726
11.9748 -1.2591
11.5519 -1.4119
11.1114 -1.4995
10.6644 -1.4725
10.2614 -1.2814
9.9954 -0.9250
9.9431 -0.4831
10.1030 -0.0664
10.4105 0.2589
10.7979 0.4857
11.2186 0.6444
11.6475 0.7806
12.0682 0.9394
12.4619 1.1558
12.8043 1.4461
13.0721 1.8063
13.2523 2.2175
13.3445 2.6571
13.3568 3.1063
13.3026 3.5525
13.1972 3.9897
13.0558 4.4167
12.8915 4.8355
12.7146 5.2492
12.5320 5.6603
12.3463 6.0702
12.1562 6.4779
11.9564 6.8810
11.7384 7.2745
11.4923 7.6509
11.2097 8.0006
10.8859 8.3125
10.5212 8.5752
10.1207 8.7790
9.6934 8.9182
9.2511 8.9994
8.8024 9.0257
8.3538 8.9948
7.9101 8.9208
7.4727 8.8159
7.0403 8.6918
6.6105 8.5587
6.1810 8.4249
5.7500 8.2958
5.3166 8.1751
4.8807 8.0637
4.4428 7.9605
4.0037 7.8622
3.5647 7.7640
3.1270 7.6598
2.6926 7.5427
2.2642 7.4057
1.8450 7.2425
1.4395 7.0480
1.0522 6.8194
0.6871 6.5567
0.3470 6.2624
0.0345 5.9390
-0.2452 5.5868
-0.4860 5.2071
-0.6836 4.8032
-0.8061 4.3829
-0.8451 3.9623
-0.8236 3.5510
-0.7411 3.1588
-0.6122 2.7893
-0.5711 2.3823
-0.5102 1.9694
-0.4210 1.5557
-0.3087 1.1412
-0.1788 0.7252
-0.0368 0.3069
0.1121 -0.1141
0.2635 -0.5380
0.4143 -0.9640
0.5631 -1.3901
0.7108 -1.8135
0.8603 -2.2303
1.0171 -2.6352
1.1881 -3.0225
1.3807 -3.3851
1.6017 -3.7151
1.8548 -4.0023
1.8993 -4.4072
2.1238 -4.7427
2.5478 -4.8898
2.9952 -4.9198
3.4320 -4.8195
3.8199 -4.5950
4.1280 -4.2692
4.3405 -3.8740
4.4574 -3.4405
4.4883 -2.9923
4.4478 -2.5446
4.3510 -2.1055
4.2128 -1.6775
4.0462 -1.2596
3.8632 -0.8486
3.6740 -0.4404
3.4886 -0.0305
3.3164 0.3851
3.1665 0.8092
3.0480 1.2431
2.9692 1.6858
2.9379 2.1344
2.9618 2.5833
3.0487 3.0243
3.2062 3.4450
3.4395 3.8287
3.7493 4.1535
4.1269 4.3957
4.5535 4.5341
5.0015 4.5556
5.4396 4.4596
5.8405 4.2580
6.1854 3.9706
6.4660 3.6198
6.6815 3.2254
6.8365 2.8035
6.9394 2.3657
7.0014 1.9202
7.0353 1.4716
7.0550 1.0222
7.0747 0.5727
7.1083 0.1241
7.1691 -0.3216
7.2684 -0.7602
7.4145 -1.1854
7.6119 -1.5893
7.8617 -1.9631
8.1621 -2.2974
8.5082 -2.5842
8.8925 -2.8174
9.3057 -2.9946
9.7385 -3.1166
10.1827 -3.1864
10.6318 -3.2085
11.0811 -3.1877
11.5272 -3.1301
11.9684 -3.0425
12.4047 -2.9325
12.8369 -2.8079
13.2670 -2.6757
13.6965 -2.5418
14.1269 -2.4107
14.5586 -2.2840
14.9905 -2.1580
15.4192 -2.0217
15.8366 -1.8544
16.2248 -1.6283
16.5477 -1.3172
16.7468 -0.9170
16.7613 -0.4714
16.5746 -0.0668
16.2300 0.2165
15.8024 0.3484
15.3541 0.3438
14.9176 0.2374
14.5014 0.0674
14.1006 -0.1369
13.7076 -0.3558
13.3161 -0.5775
12.9222 -0.7950
12.5236 -1.0035
12.1176 -1.1974
11.7000 -1.3644
11.2656 -1.4794
10.8177 -1.4983
10.3905 -1.3678
10.0658 -1.0636
9.9352 -0.6384
10.0272 -0.2022
10.2920 0.1582
10.6583 0.4171
11.0713 0.5945
11.4992 0.7331
11.9246 0.8793
12.3302 1.0729
12.6933 1.3371
12.9890 1.6748
13.2001 2.0709
13.3222 2.5031
13.3608 2.9507
13.3280 3.3990
13.2385 3.8397
13.1079 4.2701
12.9502 4.6914
12.7767 5.1065
12.5955 5.5183
12.4109 5.9285
12.2228 6.3372
12.0271 6.7423
11.8165 7.1399
11.5812 7.5232
11.3120 7.8834
11.0027 8.2096
10.6518 8.4905
10.2628 8.7156
9.8436 8.8775
9.4051 8.9766
8.9579 9.0237
8.5085 9.0110
8.0629 8.9505
7.6233 8.8549
7.1894 8.7362
6.7590 8.6052
6.3296 8.4708
5.8993 8.3396
5.4668 8.2158
5.0317 8.1012
4.5944 7.9955
4.1557 7.8959
3.7165 7.7984
3.2781 7.6970
2.8424 7.5851
2.4115 7.4558
1.9887 7.3023
1.5779 7.1191
1.1838 6.9024
0.8107 6.6513
0.4617 6.3676
0.1392 6.0541
-0.1525 5.7119
-0.4074 5.3414
-0.6203 4.9453
-0.7889 4.5284
-0.9142 4.0965
-0.9989 3.6548
-1.0437 3.2073
-1.0487 2.7575
-1.0157 2.3090
-0.9484 1.8642
-0.8522 1.4248
-0.7335 0.9909
-0.5987 0.5617
-0.4536 0.1358
-0.3035 -0.2883
-0.1522 -0.7120
-0.0022 -1.1362
0.1461 -1.5610
0.2943 -1.9857
0.4467 -2.4091
0.6099 -2.8283
0.7930 -3.2392
1.0060 -3.6353
1.2587 -4.0072
1.5588 -4.3419
1.9104 -4.6216
2.3118 -4.8226
2.7499 -4.9192
3.1973 -4.8905
3.6165 -4.7319
3.9711 -4.4577
4.2367 -4.0963
4.4050 -3.6802
4.4813 -3.2376
4.4779 -2.7882
4.4098 -2.3438
4.2925 -1.9097
4.1399 -1.4865
3.9645 -1.0723
3.7774 -0.6631
3.5888 -0.2547
3.4082 0.1574
3.2450 0.5766
3.1083 1.0051
3.0068 1.4433
2.9486 1.8892
2.9414 2.3387
2.9930 2.7852
3.1111 3.2188
3.3026 3.6251
3.5710 3.9850
3.9133 4.2752
4.3161 4.4725
4.7562 4.5587
5.2035 4.5261
5.6277 4.3800
6.0048 4.1367
6.3210 3.8178
6.5718 3.4450
6.7590 3.0364
6.8891 2.6060
6.9719 2.1640
7.0194 1.7167
7.0452 1.2675
7.0631 0.8180
7.0874 0.3687
7.1318 -0.0789
7.2088 -0.5220
7.3286 -0.9555
7.4977 -1.3721
7.7189 -1.7634
7.9921 -2.1204
8.3141 -2.4340
8.6786 -2.6970
9.0772 -2.9048
9.5004 -3.0567
9.9392 -3.1545
10.3864 -3.2021
10.8361 -3.2041
11.2843 -3.1657
11.7283 -3.0936
12.1672 -2.9949
12.6014 -2.8773
13.0325 -2.7484
13.4621 -2.6147
13.8378 -2.4146
14.0822 -2.0484
14.4567 -1.8450
14.8847 -1.7199
15.2929 -1.5891
15.6637 -1.4384
15.9744 -1.2538
16.2437 -1.0894
16.4827 -0.8867
16.6379 -0.5834
16.5149 -0.2225
16.2418 0.0496
15.8733 0.1960
15.4654 0.2169
15.0528 0.1350
14.6898 -0.0584
14.3576 -0.3018
14.0021 -0.5398
13.6127 -0.7619
13.2167 -0.9834
12.8077 -1.1358
12.3964 -1.3285
11.9702 -1.5103
11.5241 -1.6713
11.0551 -1.8010
10.6582 -1.5993
10.4397 -1.2311
10.1750 -0.9677
10.0776 -0.6099
10.1672 -0.2413
10.4229 0.0376
10.7705 0.1539
11.1375 0.2972
11.3859 0.6368
11.6199 1.0052
12.0283 0.9219
12.4257 1.1317
12.7742 1.4147
13.0499 1.7689
13.2388 2.1761
13.3392 2.6139
13.3588 3.0628
13.3103 3.5097
13.2092 3.9479
13.0706 4.3758
12.9081 4.7953
12.7321 5.2093
12.5498 5.6206
12.3644 6.0306
12.1749 6.4386
11.9764 6.8423
11.7605 7.2370
11.5176 7.6155
11.2388 7.9683
10.9190 8.2843
10.5582 8.5522
10.1608 8.7621
9.7356 8.9076
9.2942 8.9937
8.8458 9.0259
8.3970 8.9999
7.9527 8.9295
7.5147 8.8271
7.0819 8.7043
6.6520 8.5717
6.2225 8.4377
5.7917 8.3080
5.3586 8.1864
4.9229 8.0741
4.4852 7.9702
4.0462 7.8716
3.6071 7.7737
3.1692 7.6704
2.7344 7.5548
2.3052 7.4200
1.8850 7.2596
1.4779 7.0683
1.0887 6.8430
0.7214 6.5835
0.3787 6.2922
0.0634 5.9715
-0.2197 5.6221
-0.4645 5.2449
-0.6665 4.8431
-0.8241 4.4219
-0.9390 3.9872
-1.0138 3.5437
-1.0486 3.0953
-1.0439 2.6455
-1.0019 2.1977
-0.9269 1.7542
-0.8245 1.3161
-0.7012 0.8835
-0.5633 0.4553
-0.4165 0.0300
-0.2658 -0.3939
-0.1146 -0.8177
0.0349 -1.2420
0.1829 -1.6669
0.3317 -2.0915
0.4860 -2.5141
0.6533 -2.9317
0.8429 -3.3396
1.0649 -3.7307
1.3288 -4.0947
1.6415 -4.4176
2.0061 -4.6800
2.4184 -4.8574
2.8619 -4.9243
3.3059 -4.8629
3.7121 -4.6734
4.0462 -4.3745
4.2877 -3.9965
4.4323 -3.5715
4.4873 -3.1256
4.4663 -2.6767
4.3846 -2.2346
4.2573 -1.8032
4.0978 -1.3826
3.9186 -0.9700
3.7302 -0.5614
3.5426 -0.1525
3.3655 0.2611
3.2081 0.6825
3.0794 1.1135
2.9879 1.5538
2.9417 2.0011
2.9485 2.4506
3.0159 2.8950
3.1517 3.3233
3.3622 3.7200
3.6498 4.0648
4.0088 4.3339
4.4234 4.5049
4.8683 4.5617
5.3125 4.4998
5.7268 4.3277
6.0896 4.0634
6.3897 3.7291
6.6242 3.3459
6.7964 2.9307
6.9137 2.4966
6.9866 2.0528
7.0274 1.6048
7.0498 1.1555
7.0680 0.7059
7.0961 0.2569
7.1475 -0.1899
7.2343 -0.6312
7.3660 -1.0612
7.5479 -1.4723
7.7822 -1.8560
8.0680 -2.2029
8.4012 -2.5046
8.7751 -2.7540
9.1808 -2.9479
9.6086 -3.0860
10.0502 -3.1709
10.4984 -3.2067
10.9481 -3.1980
11.3954 -3.1507
11.8381 -3.0712
12.2758 -2.9670
12.7091 -2.8460
13.1396 -2.7153
13.5691 -2.5814
13.9991 -2.4491
14.4305 -2.3212
14.8625 -2.1957
15.2927 -2.0642
15.7148 -1.9088
16.1145 -1.7032
16.4619 -1.4192
16.7047 -1.0435
16.7785 -0.6035
16.6494 -0.1771
16.3443 0.1481
15.9336 0.3248
15.4867 0.3576
15.0450 0.2771
14.6228 0.1226
14.2183 -0.0741
13.8237 -0.2902
13.4323 -0.5119
13.0394 -0.7312
12.6424 -0.9429
12.2390 -1.1419
11.8254 -1.3188
11.3964 -1.4529
10.9508 -1.5059
10.5110 -1.4247
10.1453 -1.1705
9.9503 -0.7708
9.9786 -0.3264
10.1998 0.0618
10.5428 0.3504
10.9462 0.5480
11.3719 0.6933
11.7997 0.8326
12.2132 1.0088
12.5916 1.2509
12.9096 1.5677
13.1468 1.9487
13.2951 2.3725
13.3574 2.8174
13.3443 3.2666
13.2700 3.7100
13.1501 4.1435
12.9990 4.5672
12.8293 4.9839
12.6497 5.3964
12.4659 5.8070
12.2791 6.2163
12.0863 6.6228
11.8810 7.0231
11.6541 7.4115
11.3958 7.7796
11.0987 8.1171
10.7600 8.4126
10.3817 8.6552
9.9704 8.8364
9.5363 8.9528
9.0911 9.0159
8.6416 9.0204
8.1944 8.9727
7.7530 8.8862
7.3176 8.7732
6.8864 8.6448
6.4570 8.5106
6.0271 8.3779
5.5953 8.2516
5.1610 8.1342
4.7243 8.0260
4.2859 7.9250
3.8467 7.8274
3.4079 7.7278
2.9712 7.6198
2.5386 7.4964
2.1130 7.3507
1.6982 7.1768
1.2987 6.9702
0.9189 6.7292
0.5625 6.4549
0.2318 6.1501
-0.0696 5.8163
-0.3360 5.4541
-0.5618 5.0652
-0.7435 4.6539
-0.8814 4.2258
-0.9779 3.7865
-1.0346 3.3404
-1.0513 2.8909
-1.0293 2.4417
-0.9716 1.9956
-0.8834 1.5545
-0.7707 1.1190
-0.6400 0.6885
-0.4974 0.2618
-0.3483 -0.1627
-0.1970 -0.5864
-0.0464 -1.0103
0.1023 -1.4350
0.2502 -1.8599
0.4007 -2.2838
0.5599 -2.7046
0.7360 -3.1186
0.9391 -3.5199
1.1791 -3.9002
1.4645 -4.2475
1.8007 -4.5457
2.1881 -4.7727
2.6175 -4.9029
3.0658 -4.9127
3.4974 -4.7920
3.8744 -4.5495
4.1680 -4.2106
4.3651 -3.8074
4.4676 -3.3703
4.4863 -2.9213
4.4358 -2.4746
4.3316 -2.0372
4.1881 -1.6109
4.0182 -1.1944
3.8335 -0.7841
3.6443 -0.3760
3.4603 0.0346
3.2910 0.4514
3.1455 0.8770
3.0327 1.3124
2.9609 1.7563
2.9378 2.2054
2.9711 2.6537
3.0687 3.0924
3.2378 3.5085
3.4834 3.8845
3.8047 4.1978
4.1916 4.4249
4.6236 4.5454
5.0720 4.5481
5.5059 4.4344
5.9351 4.3872
6.4111 4.3654
6.7687 3.9731
7.0386 3.5232
7.2317 3.0478
7.3594 2.5636
7.4364 2.0815
7.3140 1.6643
7.4937 1.3109
7.5118 0.8599
7.5347 0.4233
7.5752 0.0014
7.6437 -0.4043
7.7485 -0.7921
7.7787 -1.1695
7.9127 -1.5379
8.1447 -1.8717
8.4323 -2.1569
8.7516 -2.4069
9.0938 -2.6215
9.4700 -2.7852
9.8736 -2.8747
10.2820 -2.9019
10.6982 -2.9090
11.1113 -2.9203
11.5255 -2.9222
11.9469 -2.8875
12.3604 -2.9223
12.7904 -2.8219
13.2206 -2.6901
13.6501 -2.5562
14.0803 -2.4247
14.5119 -2.2975
14.9439 -2.1718
15.3732 -2.0374
15.7925 -1.8748
16.1852 -1.6564
16.5176 -1.3554
16.7333 -0.9637
16.7697 -0.5193
16.6036 -0.1058
16.2726 0.1932
15.8505 0.3412
15.4023 0.3499
14.9638 0.2526
14.5455 0.0879
14.1434 -0.1138
13.7499 -0.3319
13.3584 -0.5536
12.9650 -0.7718
12.5669 -0.9815
12.1620 -1.1774
11.7459 -1.3482
11.3135 -1.4706
10.8661 -1.5026
10.4335 -1.3904
10.0928 -1.1039
9.9384 -0.6869
10.0076 -0.2467
10.2573 0.1241
10.6157 0.3937
11.0255 0.5780
11.4528 0.7186
11.8792 0.8619
12.2880 1.0489
12.6569 1.3049
12.9609 1.6351
13.1816 2.0260
13.3132 2.4553
13.3603 2.9021
13.3345 3.3508
13.2504 3.7925
13.1236 4.2240
12.9681 4.6462
12.7960 5.0618
12.6153 5.4739
12.4310 5.8843
12.2434 6.2932
12.0488 6.6988
11.8402 7.0974
11.6081 7.4827
11.3429 7.8459
11.0381 8.1763
10.6916 8.4627
10.3065 8.6942
9.8900 8.8632
9.4530 8.9684
9.0065 9.0215
8.5570 9.0149
8.1108 8.9590
7.6705 8.8666
7.2361 8.7498
6.8054 8.6197
6.3760 8.4853
5.9459 8.3535
5.5136 8.2287
5.0788 8.1132
4.6418 8.0065
4.2031 7.9065
3.7639 7.8090
3.3254 7.7083
2.8893 7.5979
2.4577 7.4708
2.0339 7.3203
1.6216 7.1404
1.2255 6.9275
0.8499 6.6800
0.4982 6.3997
0.1726 6.0894
-0.1227 5.7502
-0.3818 5.3827
-0.5994 4.9892
-0.7728 4.5743
-0.9027 4.1437
-0.9916 3.7029
-1.0408 3.2558
-1.0501 2.8061
-1.0210 2.3573
-0.9571 1.9121
-0.8638 1.4720
-0.7473 1.0375
-0.6139 0.6078
-0.4696 0.1817
-0.3198 -0.2425
-0.1685 -0.6662
-0.0183 -1.0903
0.1301 -1.5150
0.2782 -1.9399
0.4298 -2.3635
0.5915 -2.7833
0.7719 -3.1954
0.9812 -3.5935
1.2292 -3.9686
1.5239 -4.3080
1.8699 -4.5947
2.2663 -4.8054
2.7015 -4.9145
3.1496 -4.9000
3.5737 -4.7550
3.9367 -4.4921
4.2127 -4.1385
4.3914 -3.7269
4.4771 -3.2860
4.4816 -2.8367
4.4198 -2.3914
4.3071 -1.9560
4.1577 -1.5318
3.9842 -1.1167
3.7979 -0.7072
3.6089 -0.2989
3.4270 0.1126
3.2615 0.5309
3.1215 0.9583
3.0158 1.3955
2.9526 1.8407
2.9395 2.2901
2.9843 2.7374
3.0949 3.1730
3.2782 3.5831
3.5383 3.9490
3.8731 4.2479
4.2703 4.4563
4.7078 4.5551
5.1558 4.5353
5.5838 4.4008
5.9669 4.1670
6.2900 3.8552
6.5478 3.4873
6.7416 3.0818
6.8775 2.6532
6.9649 2.2121
7.0156 1.7651
7.0430 1.3161
7.0611 0.8665
7.0841 0.4172
7.1257 -0.0307
7.1986 -0.4745
7.3134 -0.9093
7.4769 -1.3281
7.6925 -1.7226
7.9601 -2.0838
8.2771 -2.4025
8.6374 -2.6712
9.0328 -2.8851
9.4537 -3.0429
9.8913 -3.1465
10.3379 -3.1993
10.7876 -3.2059
11.2360 -3.1716
11.6805 -3.1028
12.1200 -3.0066
12.5547 -2.8907
12.9860 -2.7627
13.4156 -2.6292
13.8453 -2.4959
14.2762 -2.3664
14.7082 -2.2406
15.1395 -2.1128
15.5656 -1.9686
15.9757 -1.7843
16.3465 -1.5311
16.6341 -1.1877
16.7749 -0.7640
16.7184 -0.3219
16.4696 0.0478
16.0876 0.2792
15.6473 0.3608
15.2008 0.3164
14.7713 0.1841
14.3613 -0.0006
13.9640 -0.2118
13.5721 -0.4327
13.1801 -0.6535
12.7849 -0.8684
12.3840 -1.0727
11.9747 -1.2591
11.5517 -1.4119
11.1113 -1.4995
10.6642 -1.4725
10.2613 -1.2813
9.9954 -0.9249
9.9431 -0.4830
10.1030 -0.0663
10.4106 0.2590
10.7980 0.4858
11.2188 0.6445
11.6476 0.7806
12.0683 0.9394
12.4620 1.1558
12.8044 1.4462
13.0721 1.8064
13.2524 2.2176
13.3445 2.6572
13.3568 3.1064
13.3026 3.5527
13.1972 3.9898
13.0557 4.4168
12.8914 4.8356
12.7146 5.2493
12.5319 5.6605
12.3463 6.0703
12.1562 6.4780
11.9563 6.8811
11.7383 7.2746
11.4922 7.6510
11.2096 8.0007
10.8858 8.3126
10.5211 8.5752
10.1206 8.7791
9.6933 8.9182
9.2510 8.9994
8.8022 9.0257
8.3536 8.9948
7.9100 8.9208
7.4726 8.8159
7.0401 8.6918
6.6104 8.5587
6.1808 8.4248
5.7498 8.2958
5.3164 8.1751
4.8805 8.0637
4.4426 7.9605
4.0036 7.8622
3.5645 7.7640
3.1269 7.6598
2.6925 7.5427
2.2640 7.4057
1.8449 7.2425
1.4393 7.0480
1.0521 6.8193
0.6870 6.5566
0.3469 6.2624
0.1103 5.9115
-0.2101 5.6353
-0.4564 5.2591
-0.6599 4.8581
-0.7965 4.4391
-0.8433 4.0179
-0.8302 3.6048
-0.7552 3.2097
-0.6312 2.8373
-0.5768 2.4372
-0.5200 2.0244
-0.4344 1.6108
-0.3248 1.1964
-0.1969 0.7806
-0.0562 0.3627
0.0921 -0.0579
0.2433 -0.4815
0.3943 -0.9072
0.5434 -1.3335
0.6911 -1.7575
0.8401 -2.1754
0.9956 -2.5822
0.9080 -2.9895
0.8767 -3.4049
1.1050 -3.7924
1.3765 -4.1507
1.6975 -4.4652
2.0705 -4.7155
2.4894 -4.8765
2.9354 -4.9233
3.3759 -4.8404
3.7724 -4.6314
4.0923 -4.3172
4.3179 -3.9294
4.4471 -3.4994
4.4887 -3.0521
4.4567 -2.6038
4.3665 -2.1633
4.2331 -1.7338
4.0696 -1.3147
3.8881 -0.9030
3.6992 -0.4947
3.5127 -0.0853
3.3382 0.3294
3.1849 0.7522
3.0617 1.1848
2.9771 1.6265
2.9390 2.0745
2.9552 2.5238
3.0332 2.9664
3.1809 3.3908
3.4040 3.7805
3.7039 4.1145
4.0733 4.3691
4.4949 4.5222
4.9417 4.5596
5.3829 4.4788
5.7901 4.2902
6.1431 4.0129
6.4324 3.6694
6.6565 3.2798
6.8191 2.8607
6.9284 2.4246
6.9951 1.9798
7.0319 1.5314
7.0527 1.0820
7.0716 0.6325
7.1026 0.1837
7.1590 -0.2626
7.2526 -0.7024
7.3922 -1.1299
7.5826 -1.5371
7.8254 -1.9154
8.1194 -2.2555
8.4598 -2.5491
8.8395 -2.7896
9.2494 -2.9742
9.6800 -3.1034
10.1231 -3.1800
10.5720 -3.2082
11.0214 -3.1928
11.4681 -3.1397
11.9100 -3.0557
12.3469 -2.9482
12.7796 -2.8251
13.2098 -2.6935
13.6393 -2.5595
14.0695 -2.4279
14.5011 -2.3006
14.9331 -2.1750
15.3625 -2.0410
15.7822 -1.8794
16.1759 -1.6628
16.5104 -1.3640
16.7298 -0.9744
16.7713 -0.5304
16.6101 -0.1150
16.2823 0.1875
15.8616 0.3393
15.4135 0.3511
14.9746 0.2560
14.5557 0.0926
14.1533 -0.1085
13.7597 -0.3263
13.3682 -0.5481
12.9748 -0.7664
12.5770 -0.9764
12.1722 -1.1727
11.7565 -1.3444
11.3245 -1.4685
10.8773 -1.5033
10.4436 -1.3953
10.0994 -1.1131
9.9395 -0.6981
10.0034 -0.2571
10.2495 0.1161
10.6059 0.3881
11.0150 0.5741
11.4421 0.7152
11.8687 0.8579
12.2781 1.0434
12.6484 1.2976
12.9543 1.6260
13.1772 2.0156
13.3110 2.4443
13.3601 2.8909
13.3359 3.3397
13.2531 3.7816
13.1271 4.2134
12.9723 4.6357
12.8004 5.0515
12.6199 5.4636
12.4356 5.8740
12.2481 6.2830
12.0538 6.6888
11.8457 7.0876
11.6143 7.4733
11.3500 7.8371
11.0462 8.1686
10.7008 8.4562
10.3165 8.6892
9.9007 8.8598
9.4640 8.9664
9.0177 9.0209
8.5682 9.0157
8.1218 8.9609
7.6815 8.8692
7.2469 8.7530
6.8162 8.6230
6.3868 8.4887
5.9567 8.3567
5.5245 8.2318
5.0897 8.1159
4.6527 8.0091
4.2141 7.9090
3.7749 7.8114
3.3364 7.7109
2.9001 7.6009
2.4685 7.4742
2.0443 7.3244
1.6317 7.1453
1.2351 6.9332
0.8590 6.6866
0.5066 6.4071
0.1804 6.0975
-0.1157 5.7591
-0.3758 5.3922
-0.5945 4.9993
-0.7690 4.5849
-0.8999 4.1546
-0.9899 3.7140
-1.0400 3.2670
-1.0503 2.8174
-1.0222 2.3685
-0.9591 1.9231
-0.8665 1.4829
-0.7504 1.0483
-0.6174 0.6185
-0.4733 0.1923
-0.3236 -0.2319
-0.1723 -0.6556
-0.0220 -1.0797
0.1264 -1.5044
0.2745 -1.9293
0.4259 -2.3529
0.5873 -2.7729
0.7671 -3.1852
0.9755 -3.5838
1.2225 -3.9596
1.5159 -4.3001
1.8606 -4.5883
2.2559 -4.8013
2.6903 -4.9132
3.1385 -4.9019
3.5637 -4.7602
3.9286 -4.4999
4.2069 -4.1482
4.3881 -3.7376
4.4760 -3.2972
4.4824 -2.8479
4.4221 -2.4024
4.3104 -1.9668
4.1618 -1.5423
3.9887 -1.1270
3.8026 -0.7174
3.6136 -0.3091
3.4314 0.1022
3.2654 0.5203
3.1246 0.9475
3.0180 1.3844
2.9536 1.8295
2.9392 2.2789
2.9825 2.7263
3.0913 3.1623
3.2727 3.5733
3.5309 3.9406
3.8639 4.2414
4.2598 4.4523
4.6966 4.5540
5.1447 4.5373
5.5735 4.4055
5.9580 4.1739
6.2827 3.8638
6.5422 3.4970
6.7375 3.0923
6.8747 2.6641
6.9632 2.2232
7.0147 1.7763
7.0425 1.3273
7.0607 0.8778
7.0833 0.4285
7.1243 -0.0195
7.1963 -0.4635
7.3099 -0.8986
7.4722 -1.3179
7.6865 -1.7131
7.9528 -2.0752
8.2686 -2.3951
8.6279 -2.6652
9.0226 -2.8804
9.4430 -3.0397
9.8802 -3.1445
10.3266 -3.1985
10.7763 -3.2063
11.2248 -3.1729
11.6695 -3.1049
12.1091 -3.0093
12.5439 -2.8938
12.9752 -2.7660
13.4049 -2.6326
13.8346 -2.4992
14.2654 -2.3696
14.6974 -2.2438
15.1288 -2.1161
15.5551 -1.9726
15.9658 -1.7896
16.3380 -1.5385
16.6284 -1.1974
16.7320 -0.7858
16.6570 -0.4415
16.5550 -0.0559
16.2144 0.2245
15.7877 0.3409
15.3696 0.2835
14.9882 0.1275
14.6437 -0.0911
14.3107 -0.3358
13.9494 -0.5709
13.5583 -0.7927
13.1615 -1.0137
12.7572 -1.2284
12.3420 -1.4319
11.9063 -1.6158
11.4579 -1.6922
10.9843 -1.8164
10.4598 -1.8764
10.0700 -1.4996
10.0297 -1.0218
9.9347 -0.5884
10.0584 -0.1680
10.3958 0.0275
10.7433 0.1447
11.1083 0.2846
11.4019 0.5659
11.6375 0.9347
11.9901 0.9377
12.3912 1.1097
12.7452 1.3859
13.0283 1.7342
13.2254 2.1375
13.3336 2.5734
13.3600 3.0219
13.3172 3.4694
13.2202 3.9085
13.0844 4.3373
12.9235 4.7574
12.7484 5.1718
12.5665 5.5833
12.3814 5.9934
12.1924 6.4017
11.9950 6.8059
11.7811 7.2017
11.5410 7.5820
11.2657 7.9376
10.9498 8.2574
10.5926 8.5301
10.1982 8.7456
9.7751 8.8971
9.3347 8.9878
8.8867 9.0255
8.4376 9.0043
7.9929 8.9374
7.5543 8.8374
7.1211 8.7161
6.6910 8.5839
6.2616 8.4497
5.8310 8.3195
5.3981 8.1970
4.9626 8.0839
4.5250 7.9794
4.0861 7.8805
3.6470 7.7827
3.2089 7.6801
2.7738 7.5660
2.3439 7.4333
1.9227 7.2754
1.5143 7.0871
1.1232 6.8649
0.7538 6.6084
0.4088 6.3199
0.0908 6.0018
-0.1955 5.6550
-0.4440 5.2803
-0.6500 4.8805
-0.8115 4.4609
-0.9303 4.0271
-1.0086 3.5842
-1.0471 3.1361
-1.0460 2.6864
-1.0072 2.2383
-0.9349 1.7943
-0.8348 1.3557
-0.7131 0.9226
-0.5763 0.4940
-0.4301 0.0686
-0.2795 -0.3554
-0.1283 -0.7791
0.0214 -1.2034
0.1695 -1.6282
0.3180 -2.0529
0.4716 -2.4758
0.6373 -2.8940
0.8244 -3.3031
1.0431 -3.6961
1.3029 -4.0631
1.6109 -4.3904
1.9708 -4.6593
2.3793 -4.8455
2.8210 -4.9234
3.2665 -4.8739
3.6777 -4.6956
4.0194 -4.4054
4.2698 -4.0332
4.4230 -3.6113
4.4857 -3.1665
4.4710 -2.7173
4.3942 -2.2743
4.2704 -1.8420
4.1133 -1.4204
3.9354 -1.0072
3.7474 -0.5985
3.5594 -0.1898
3.3810 0.2232
3.2213 0.6438
3.0897 1.0739
2.9945 1.5134
2.9439 1.9602
2.9455 2.4098
3.0070 2.8551
3.1364 3.2854
3.3399 3.6858
3.6205 4.0362
3.9735 4.3132
4.3841 4.4939
4.8274 4.5614
5.2729 4.5102
5.6910 4.3475
6.0592 4.0906
6.3651 3.7618
6.6055 3.3823
6.7832 2.9694
6.9051 2.5366
6.9815 2.0934
7.0246 1.6456
7.0482 1.1963
7.0662 0.7468
7.0928 0.2977
7.1415 -0.1495
7.2247 -0.5915
7.3520 -1.0228
7.5292 -1.4359
7.7588 -1.8225
8.0400 -2.1732
8.3691 -2.4792
8.7397 -2.7337
9.1428 -2.9326
