x y
6.2991 8.4195
5.8912 8.0900
5.3844 7.8826
4.8643 7.6977
4.3252 7.5491
3.7783 7.4254
3.2402 7.3052
2.7159 7.1707
2.2936 7.0316
1.8608 6.8918
1.4455 6.6807
1.0256 6.5185
0.6514 6.2246
0.2164 5.9749
-0.1733 5.6736
-0.4846 5.2095
-0.7251 4.7016
-0.8969 4.1665
-1.0045 3.6148
-1.0498 3.0546
-1.0336 2.4927
-0.9612 1.9352
-0.8424 1.3856
-0.6892 0.8446
-0.5140 0.3102
-0.3277 -0.2204
-0.1387 -0.7501
0.0484 -1.2804
0.2333 -1.8116
0.4217 -2.3414
0.6254 -2.8656
0.8615 -3.3758
1.1497 -3.8583
1.5073 -4.2915
1.9445 -4.6432
2.4576 -4.8684
3.0149 -4.9182
3.5528 -4.7657
3.9988 -4.4283
4.3047 -3.9595
4.4605 -3.4209
4.4832 -2.8601
4.4011 -2.3044
4.2440 -1.7647
4.0385 -1.2414
3.8077 -0.7285
3.5721 -0.2179
3.3503 0.2989
3.1606 0.8281
3.0204 1.3725
2.9458 1.9294
2.9520 2.4912
3.0541 3.0433
3.2667 3.5626
3.5988 4.0142
4.0443 4.3537
4.5730 4.5375
5.1327 4.5393
5.6637 4.3619
6.1195 4.0357
6.4768 3.6032
6.7330 3.1036
6.8983 2.5667
6.9914 2.0124
7.0364 1.4519
7.0602 0.8900
7.0904 0.3285
7.1537 -0.2302
7.2738 -0.7792
7.4671 -1.3068
7.7413 -1.7970
8.0963 -2.2322
8.5244 -2.5957
9.0115 -2.8753
9.5304 -2.9821
9.9939 -2.8878
10.5078 -2.9060
11.0273 -2.9162
11.5447 -2.9196
12.0727 -2.8660
12.6053 -2.7267
13.1173 -2.5353
13.6081 -2.3107
14.0722 -2.0498
14.5559 -1.8162
15.0839 -1.6587
15.5682 -1.4820
15.9688 -1.2580
16.3004 -1.0474
16.5686 -0.7529
16.6464 -0.3147
16.3805 0.1222
15.8670 0.3384
15.3422 0.2777
14.8742 0.0657
14.4547 -0.2271
14.0190 -0.5290
13.5324 -0.8073
13.0348 -1.0824
12.5241 -1.3453
11.9903 -1.5023
11.4299 -1.6995
10.8279 -1.8411
10.1316 -1.7378
9.6007 -1.1466
9.5061 -0.3664
9.8455 0.3398
10.4071 0.7926
10.9247 0.8925
11.3908 1.1707
11.8734 1.3452
12.2775 1.5589
12.6217 1.8193
12.8788 2.1851
12.9997 2.6451
12.9842 3.1237
12.8386 3.5770
12.7001 4.0714
12.5132 4.5719
12.2984 5.0778
12.0714 5.5872
11.8399 6.0936
11.6017 6.5865
11.3470 7.0521
11.0618 7.4758
10.7342 7.8443
10.4774 8.2329
10.0389 8.4759
9.5602 8.6299
9.0495 8.7071
8.5374 8.7013
8.0156 8.6249
7.4902 8.4984
6.9604 8.3421
6.4241 8.1745
5.8807 8.0099
5.3309 7.8571
4.8059 7.6795
4.2651 7.5348
3.7185 7.4124
3.1818 7.2914
2.6592 7.1541
2.1560 6.9777
1.6798 6.7582
1.2233 6.5229
0.7756 6.2902
0.3300 6.0465
-0.0940 5.7464
-0.4276 5.3079
-0.6820 4.8069
-0.8230 4.2810
-0.8456 3.7578
-0.7718 3.2570
-0.6177 2.7909
-0.5592 2.2829
-0.4696 1.7664
-0.3397 1.2487
-0.1800 0.7289
-0.0013 0.2057
0.1864 -0.3219
0.3754 -0.8535
0.5618 -1.3863
0.7465 -1.9147
0.9360 -2.4309
1.1420 -2.9242
1.1265 -3.4247
1.2011 -3.9305
1.5707 -4.3533
2.0207 -4.6884
2.5438 -4.8890
3.1029 -4.9077
3.6308 -4.7237
4.0570 -4.3615
4.3390 -3.8778
4.4722 -3.3331
4.4764 -2.7718
4.3806 -2.2182
4.2142 -1.6813
4.0032 -1.1601
3.7705 -0.6481
3.5358 -0.1371
3.3179 0.3813
3.1348 0.9129
3.0039 1.4595
2.9410 2.0179
2.9613 2.5793
3.0799 3.1280
3.3111 3.6393
3.6620 4.0764
4.1232 4.3940
4.6607 4.5502
5.2197 4.5227
5.7414 4.3193
6.1826 3.9735
6.5238 3.5281
6.7647 3.0209
6.9172 2.4801
7.0010 1.9243
7.0408 1.3634
7.0638 0.8015
7.0975 0.2401
7.1684 -0.3176
7.2991 -0.8641
7.5049 -1.3869
7.7920 -1.8697
8.1592 -2.2946
8.5977 -2.6455
9.0924 -2.9114
9.6249 -3.0901
10.1786 -3.1860
10.7402 -3.2072
11.3007 -3.1636
11.8546 -3.0677
12.4007 -2.9336
12.9407 -2.7765
13.4778 -2.6098
14.0153 -2.4443
14.5546 -2.2851
15.0943 -2.1267
15.6263 -1.9450
16.1287 -1.6941
16.5452 -1.3204
16.7688 -0.8109
16.6965 -0.2688
16.3402 0.1509
15.8182 0.3462
15.2588 0.3281
14.7219 0.1644
14.2139 -0.0764
13.7215 -0.3480
13.2319 -0.6246
12.7378 -0.8932
12.2345 -1.1440
11.7151 -1.3591
11.1702 -1.4934
10.6127 -1.4591
10.1486 -1.1743
9.9400 -0.7028
10.0394 -0.1768
10.3986 0.2498
10.8874 0.5244
11.4188 0.7079
11.9508 0.8897
12.4495 1.1474
12.8693 1.5187
13.1674 1.9933
13.3270 2.5308
13.3575 3.0913
13.2836 3.6481
13.1349 4.1902
12.9397 4.7175
12.7206 5.2354
12.4920 5.7492
12.2584 6.2608
12.0144 6.7675
11.7460 7.2616
11.4344 7.7293
11.0638 8.1516
10.6285 8.5063
10.1345 8.7732
9.5984 8.9400
9.0421 9.0194
8.4805 9.0085
7.9248 8.9239
7.3786 8.7903
6.8395 8.6302
6.3027 8.4625
5.7644 8.3000
5.2223 8.1502
4.6765 8.0147
4.1282 7.8898
3.5793 7.7674
3.0325 7.6358
2.4918 7.4817
1.9626 7.2918
1.4527 7.0550
0.9711 6.7653
0.5251 6.4231
0.1200 6.0335
-0.2365 5.5990
-0.5326 5.1214
-0.7607 4.6079
-0.9207 4.0691
-1.0172 3.5154
-1.0514 2.9543
-1.0246 2.3928
-0.9431 1.8366
-0.8173 1.2886
-0.6593 0.7489
-0.4814 0.2154
-0.2940 -0.3148
-0.1051 -0.8445
0.0814 -1.3751
0.2664 -1.9062
0.4565 -2.4355
0.6646 -2.9579
0.9085 -3.4644
1.2079 -3.9399
1.5792 -4.3613
2.0309 -4.6941
2.5552 -4.8914
3.1144 -4.9059
3.6409 -4.7179
4.0644 -4.3525
4.3432 -3.8669
4.4735 -3.3215
4.4753 -2.7602
4.3778 -2.2069
4.2102 -1.6703
3.9986 -1.1494
3.7655 -0.6376
3.5310 -0.1264
3.3137 0.3922
3.1315 0.9241
3.0018 1.4710
2.9405 2.0295
2.9627 2.5908
3.0835 3.1391
3.3171 3.6492
3.6705 4.0843
4.1338 4.3990
4.6723 4.5515
5.2310 4.5202
5.7515 4.3135
6.1907 3.9651
6.5297 3.5181
6.7687 3.0099
6.9195 2.4687
7.0022 1.9127
7.0414 1.3517
7.0643 0.7898
7.0985 0.2285
7.1704 -0.3290
7.3025 -0.8753
7.5100 -1.3974
7.7988 -1.8791
8.1676 -2.3027
8.6074 -2.6519
9.1031 -2.9160
9.6363 -3.0929
10.1902 -3.1872
10.7519 -3.2069
11.3122 -3.1621
11.8660 -3.0652
12.4120 -2.9306
12.9518 -2.7731
13.4889 -2.6063
14.0264 -2.4409
14.5658 -2.2818
15.1054 -2.1233
15.6372 -1.9407
16.1385 -1.6878
16.5523 -1.3112
16.7705 -0.7994
16.6918 -0.2585
16.3305 0.1573
15.8067 0.3478
15.2474 0.3260
14.7111 0.1600
14.2036 -0.0818
13.7113 -0.3537
13.2217 -0.6303
12.7274 -0.8986
12.2239 -1.1489
11.7041 -1.3630
11.1586 -1.4947
10.6016 -1.4559
10.1414 -1.1660
9.9389 -0.6920
10.0447 -0.1665
10.4079 0.2569
10.8982 0.5288
11.4299 0.7114
11.9616 0.8941
12.4591 1.1539
12.8768 1.5276
13.1721 2.0039
13.3288 2.5423
13.3570 3.1029
13.2811 3.6595
13.1312 4.2012
12.9353 4.7283
12.7160 5.2461
12.4872 5.7599
12.2535 6.2714
12.0092 6.7779
11.7401 7.2716
11.4273 7.7386
11.0554 8.1597
10.6188 8.5128
10.1238 8.7777
9.5870 8.9424
9.0305 9.0202
8.4689 9.0074
7.9134 8.9215
7.3674 8.7871
6.8284 8.6268
6.2916 8.4590
5.7532 8.2967
5.2110 8.1472
4.6652 8.0120
4.1168 7.8873
3.5679 7.7648
3.0212 7.6329
2.4806 7.4781
1.9518 7.2874
1.4424 7.0496
0.9615 6.7587
0.5163 6.4155
0.1120 6.0250
-0.2432 5.5895
-0.5380 5.1111
-0.7646 4.5969
-0.9233 4.0577
-1.0185 3.5038
-1.0514 2.9427
-1.0235 2.3812
-0.9409 1.8251
-0.8143 1.2773
-0.6558 0.7378
-0.4775 0.2044
-0.2901 -0.3258
-0.1012 -0.8555
0.0853 -1.3861
0.2702 -1.9172
0.4606 -2.4464
0.6692 -2.9686
0.9140 -3.4746
1.2149 -3.9493
1.5878 -4.3692
2.0411 -4.6997
2.5666 -4.8937
3.1259 -4.9041
3.6509 -4.7120
4.0717 -4.3435
4.3474 -3.8560
4.4747 -3.3099
4.4742 -2.7486
4.3749 -2.1956
4.2062 -1.6594
3.9939 -1.1387
3.7606 -0.6270
3.5263 -0.1158
3.3095 0.4031
3.1282 0.9352
2.9998 1.4825
2.9401 2.0412
2.9642 2.6024
3.0872 3.1502
3.3232 3.6592
3.6791 4.0922
4.1443 4.4039
4.6838 4.5528
5.2424 4.5176
5.7615 4.3075
6.1987 3.9567
6.5357 3.5080
6.7727 2.9990
6.9219 2.4573
7.0033 1.9011
7.0419 1.3401
7.0648 0.7782
7.0996 0.2169
7.1725 -0.3405
7.3060 -0.8864
7.5152 -1.4078
7.8057 -1.8886
8.1760 -2.3107
8.6172 -2.6582
9.1138 -2.9205
9.6476 -3.0957
10.2018 -3.1883
10.7635 -3.2066
11.3238 -3.1606
11.8774 -3.0628
12.4232 -2.9275
12.9630 -2.7697
13.5001 -2.6029
14.0376 -2.4375
14.5770 -2.2786
15.1165 -2.1199
15.6480 -1.9364
16.1482 -1.6814
16.5592 -1.3018
16.7721 -0.7879
16.6870 -0.2481
16.3207 0.1637
15.7951 0.3494
15.2359 0.3237
14.7003 0.1555
14.1933 -0.0873
13.7012 -0.3595
13.2115 -0.6360
12.7171 -0.9040
12.2133 -1.1539
11.6931 -1.3668
11.1470 -1.4960
10.5904 -1.4525
10.1342 -1.1575
9.9378 -0.6810
10.0501 -0.1560
10.4172 0.2640
10.9091 0.5332
11.4411 0.7149
11.9725 0.8985
12.4689 1.1605
12.8844 1.5366
13.1768 2.0147
13.3307 2.5539
13.3564 3.1147
13.2787 3.6710
13.1275 4.2124
12.9309 4.7392
12.7113 5.2569
12.4824 5.7706
12.2485 6.2820
12.0039 6.7884
11.7341 7.2817
11.4202 7.7479
11.0470 8.1678
10.6090 8.5193
10.1129 8.7822
9.5755 8.9448
9.0188 9.0208
8.4572 9.0062
7.9019 8.9191
7.3561 8.7840
6.8172 8.6233
6.2804 8.4556
5.7419 8.2935
5.1997 8.1443
4.6537 8.0093
4.1053 7.8847
3.5565 7.7622
3.0099 7.6299
2.4695 7.4746
1.9409 7.2829
1.4320 7.0441
0.9518 6.7520
0.5074 6.4078
0.1041 6.0164
-0.2501 5.5800
-0.5434 5.1007
-0.7686 4.5859
-0.9259 4.0463
-1.0199 3.4921
-1.0514 2.9309
-1.0223 2.3695
-0.9387 1.8136
-0.8112 1.2660
-0.6522 0.7266
-0.4737 0.1933
-0.2862 -0.3369
-0.0973 -0.8666
0.0891 -1.3972
0.2741 -1.9283
0.4647 -2.4574
0.6738 -2.9793
0.9197 -3.4849
1.2219 -3.9587
1.5964 -4.3772
2.0514 -4.7053
2.5782 -4.8959
3.1375 -4.9021
3.6610 -4.7059
4.0790 -4.3343
4.3515 -3.8451
4.4759 -3.2983
4.4731 -2.7369
4.3720 -2.1842
4.2021 -1.6484
3.9892 -1.1280
3.7557 -0.6163
3.5215 -0.1051
3.3053 0.4140
3.1249 0.9465
2.9978 1.4940
2.9397 2.0529
2.9657 2.6140
3.0909 3.1613
3.3294 3.6691
3.6878 4.1001
4.1550 4.4088
4.6955 4.5539
5.2538 4.5149
5.7716 4.3015
6.2068 3.9482
6.5416 3.4979
6.7766 2.9879
6.9242 2.4458
7.0045 1.8894
7.0425 1.3284
7.0653 0.7665
7.1006 0.2052
7.1746 -0.3521
7.3096 -0.8976
7.5204 -1.4184
7.8126 -1.8981
8.1846 -2.3188
8.6270 -2.6646
9.1246 -2.9251
9.6590 -3.0984
10.2135 -3.1894
10.7753 -3.2063
11.3354 -3.1590
11.8889 -3.0603
12.4345 -2.9244
12.9742 -2.7663
13.5113 -2.5994
14.0488 -2.4342
14.5883 -2.2753
15.1278 -2.1164
15.6589 -1.9320
16.1580 -1.6749
16.5662 -1.2923
16.7735 -0.7762
16.6819 -0.2377
16.3108 0.1701
15.7834 0.3508
15.2244 0.3214
14.6894 0.1510
14.1828 -0.0928
13.6909 -0.3653
13.2012 -0.6418
12.7066 -0.9095
12.2026 -1.1588
11.6819 -1.3706
11.1353 -1.4973
10.5791 -1.4490
10.1271 -1.1489
9.9370 -0.6699
10.0558 -0.1455
10.4267 0.2712
10.9201 0.5377
11.4525 0.7185
11.9835 0.9030
12.4787 1.1672
12.8920 1.5458
13.1815 2.0256
13.3325 2.5657
13.3557 3.1266
13.2761 3.6827
13.1237 4.2237
12.9264 4.7502
12.7065 5.2678
12.4775 5.7814
12.2435 6.2929
11.9985 6.7990
11.7279 7.2919
11.4130 7.7574
11.0384 8.1761
10.5991 8.5259
10.1019 8.7867
9.5638 8.9472
9.0069 9.0215
8.4453 9.0051
7.8902 8.9167
7.3446 8.7808
6.8058 8.6198
6.2690 8.4520
5.7304 8.2902
5.1881 8.1413
4.6421 8.0066
4.0937 7.8822
3.5448 7.7595
2.9983 7.6269
2.4581 7.4709
1.9299 7.2784
1.4215 7.0384
0.9420 6.7453
0.4984 6.4000
0.0960 6.0076
-0.2569 5.5702
-0.5489 5.0901
-0.7727 4.5746
-0.9286 4.0347
-1.0212 3.4803
-1.0514 2.9190
-1.0210 2.3577
-0.7912 1.8942
-0.4252 1.5309
-0.2719 1.0186
-0.1025 0.4975
0.0813 -0.0277
0.2704 -0.5573
0.4585 -1.0899
0.6436 -1.6216
0.8293 -2.1457
1.0245 -2.6532
1.2424 -3.1324
1.4974 -3.5696
1.7447 -3.9733
2.1026 -4.2668
2.5037 -4.4128
2.9053 -4.4740
3.2891 -4.3919
3.6224 -4.1820
3.8811 -3.8618
4.0060 -3.4460
4.0382 -2.9883
3.9840 -2.5071
3.8543 -2.0171
3.6692 -1.5237
3.4487 -1.0245
3.2192 -0.5133
3.0195 0.0166
2.8171 0.5685
2.6361 1.1362
2.5112 1.7296
2.4919 2.3586
2.5771 2.9947
2.7896 3.6168
3.1501 4.1877
3.6647 4.6503
4.3069 4.9395
4.9898 4.9676
5.4459 4.5950
5.7294 4.1512
5.8565 3.6917
6.1208 3.3244
6.3302 2.8981
6.4691 2.4237
6.7016 1.9936
7.0190 1.5784
7.0551 1.0213
7.0813 0.4596
7.1347 -0.1002
7.2396 -0.6523
7.4148 -1.1862
7.6699 -1.6867
8.0064 -2.1364
8.4185 -2.5179
8.8933 -2.8178
9.4132 -3.0304
9.9604 -3.1579
10.5202 -3.2072
11.0820 -3.1877
11.6389 -3.1106
12.1880 -2.9896
12.7300 -2.8398
13.2678 -2.6754
13.8048 -2.5084
14.3434 -2.3467
14.8834 -2.1896
15.4200 -2.0214
15.9382 -1.8041
16.3982 -1.4838
16.7126 -1.0232
16.7617 -0.4734
16.5082 0.0097
16.0325 0.2979
15.4768 0.3569
14.9281 0.2409
14.4099 0.0235
13.9132 -0.2401
13.4236 -0.5168
12.9319 -0.7897
12.4328 -1.0487
11.9208 -1.2813
11.3867 -1.4552
10.8286 -1.4994
10.3056 -1.3146
9.9864 -0.9013
9.9633 -0.3802
10.2360 0.1020
10.6876 0.4325
11.2091 0.6413
11.7446 0.8132
12.2611 1.0341
12.7177 1.3596
13.0670 1.7977
13.2809 2.3159
13.3596 2.8714
13.3231 3.4318
13.2000 3.9801
13.0199 4.5127
12.8080 5.0336
12.5820 5.5486
12.3505 6.0611
12.1118 6.5703
11.8551 7.0706
11.5626 7.5506
11.2164 7.9932
10.8063 8.3770
10.3338 8.6804
9.8117 8.8868
9.2610 8.9982
8.6999 9.0231
8.1410 8.9641
7.5912 8.8468
7.0498 8.6947
6.5127 8.5280
5.9753 8.3623
5.4348 8.2070
4.8904 8.0661
4.3428 7.9378
3.7939 7.8157
3.2459 7.6892
2.7022 7.5455
2.1677 7.3711
1.6492 7.1537
1.1555 6.8850
0.6950 6.5629
0.2732 6.1913
-0.1036 5.7743
-0.4246 5.3130
-0.6797 4.8124
-0.8659 4.2821
-0.9868 3.7332
-1.0454 3.1742
-1.0421 2.6121
-0.9809 2.0532
-0.8710 1.5019
-0.7241 0.9591
-0.5526 0.4235
-0.3678 -0.1077
-0.1788 -0.6373
0.0088 -1.1675
0.1939 -1.6985
0.3808 -2.2289
0.5800 -2.7548
0.8075 -3.2690
1.0830 -3.7589
1.4247 -4.2048
1.8446 -4.5772
2.3431 -4.8336
2.8954 -4.9243
3.4437 -4.8149
3.9145 -4.5133
4.2524 -4.0671
4.4393 -3.5387
4.4881 -2.9797
4.4258 -2.4215
4.2823 -1.8781
4.0850 -1.3516
3.8579 -0.8372
3.6217 -0.3268
3.3955 0.1880
3.1974 0.7142
3.0452 1.2554
2.9554 1.8101
2.9432 2.3718
3.0235 2.9276
3.2116 3.4564
3.5181 3.9259
3.9412 4.2932
4.4559 4.5132
5.0140 4.5545
5.5558 4.4134
6.0303 4.1155
6.4094 3.7021
6.6866 3.2139
6.8699 2.6829
6.9765 2.1311
7.0295 1.5714
7.0555 1.0096
7.0821 0.4479
7.1362 -0.1118
7.2425 -0.6637
7.4193 -1.1970
7.6761 -1.6966
8.0142 -2.1451
8.4278 -2.5250
8.9038 -2.8231
9.4244 -3.0339
9.9720 -3.1597
10.5319 -3.2075
11.0936 -3.1866
11.6504 -3.1085
12.1993 -2.9868
12.7412 -2.8365
13.2790 -2.6719
13.8160 -2.5049
14.3547 -2.3434
14.8947 -2.1863
15.4311 -2.0175
15.9486 -1.7987
16.4067 -1.4757
16.7167 -1.0122
16.7594 -0.4621
16.5000 0.0181
16.0213 0.3014
15.4651 0.3560
14.9169 0.2372
14.3993 0.0183
13.9029 -0.2458
13.4134 -0.5226
12.9215 -0.7953
12.4222 -1.0539
11.9099 -1.2857
11.3752 -1.4578
10.8169 -1.4982
10.2962 -1.3078
9.9827 -0.8910
9.9662 -0.3691
10.2442 0.1106
10.6982 0.4379
11.2204 0.6450
11.7558 0.8171
12.2715 1.0398
12.7263 1.3677
13.0730 1.8080
13.2839 2.3274
13.3599 2.8833
13.3213 3.4435
13.1967 3.9915
13.0157 4.5238
12.8034 5.0445
12.5772 5.5594
12.3455 6.0719
12.1066 6.5810
11.8494 7.0810
11.5559 7.5604
11.2084 8.0020
10.7970 8.3844
10.3233 8.6858
9.8003 8.8901
9.2492 8.9997
8.6880 9.0226
8.1293 8.9621
7.5797 8.8439
7.0384 8.6913
6.5014 8.5245
5.9639 8.3589
5.4233 8.2039
4.8788 8.0633
4.3312 7.9352
3.7823 7.8131
3.2344 7.6864
2.6908 7.5422
2.1565 7.3670
1.6385 7.1486
1.1454 6.8788
0.6856 6.5555
0.2647 6.1829
-0.1110 5.7650
-0.4307 5.3028
-0.6844 4.8014
-0.8691 4.2706
-0.9887 3.7214
-1.0460 3.1623
-1.0413 2.6002
-0.9791 2.0415
-0.8682 1.4903
-0.7207 0.9477
-0.5488 0.4122
-0.3639 -0.1189
-0.1748 -0.6485
0.0128 -1.1787
0.1978 -1.7097
0.3849 -2.2401
0.5844 -2.7659
0.8128 -3.2797
1.0895 -3.7689
1.4327 -4.2136
1.8544 -4.5840
2.3544 -4.8374
2.9073 -4.9241
3.4547 -4.8104
3.9232 -4.5051
4.2579 -4.0565
4.4417 -3.5270
4.4878 -2.9678
4.4235 -2.4098
4.2786 -1.8668
4.0805 -1.3407
3.8530 -0.8264
3.6168 -0.3160
3.3909 0.1990
3.1936 0.7255
3.0426 1.2670
2.9543 1.8220
2.9438 2.3837
3.0264 2.9392
3.2169 3.4670
3.5259 3.9349
3.9512 4.2995
4.4674 4.5160
5.0258 4.5533
5.5666 4.4086
6.0394 4.1078
6.4163 3.6924
6.6914 3.2031
6.8729 2.6714
6.9781 2.1193
7.0302 1.5595
7.0560 0.9977
7.0828 0.4360
7.1379 -0.1235
7.2455 -0.6752
7.4239 -1.2080
7.6824 -1.7067
8.0222 -2.1539
8.4372 -2.5322
8.9144 -2.8285
9.4358 -3.0375
9.9838 -3.1615
10.5438 -3.2077
11.1055 -3.1855
11.6621 -3.1063
12.2108 -2.9838
12.7526 -2.8331
13.2903 -2.6684
13.8274 -2.5015
14.3661 -2.3400
14.9061 -2.1829
15.4423 -2.0136
15.9591 -1.7932
16.4152 -1.4674
16.7208 -1.0010
16.7569 -0.4507
16.4916 0.0266
16.0098 0.3048
15.4531 0.3550
14.9056 0.2333
14.3886 0.0130
13.8925 -0.2516
13.4030 -0.5285
12.9110 -0.8010
12.4115 -1.0592
11.8988 -1.2901
11.3635 -1.4603
10.8050 -1.4969
10.2868 -1.3010
9.9791 -0.8805
9.9692 -0.3579
10.2525 0.1193
10.7089 0.4433
11.2318 0.6487
11.7671 0.8211
12.2820 1.0455
12.7350 1.3760
13.0790 1.8184
13.2869 2.3390
13.3602 2.8953
13.3194 3.4554
13.1933 4.0030
13.0114 4.5350
12.7987 5.0555
12.5723 5.5704
12.3405 6.0828
12.1014 6.5918
11.8436 7.0915
11.5491 7.5703
11.2003 8.0109
10.7875 8.3917
10.3126 8.6912
9.7888 8.8933
9.2373 9.0011
8.6761 9.0221
8.1175 8.9601
7.5681 8.8409
7.0270 8.6878
6.4899 8.5209
5.9524 8.3555
5.4118 8.2008
4.8672 8.0604
4.3195 7.9326
3.7706 7.8105
3.2227 7.6835
2.6793 7.5388
2.1453 7.3628
1.6277 7.1434
1.1353 6.8724
0.6763 6.5480
0.2562 6.1745
-0.1185 5.7556
-0.4368 5.2925
-0.6890 4.7904
-0.8723 4.2591
-0.9906 3.7096
-1.0465 3.1503
-1.0406 2.5882
-0.9772 2.0297
-0.8654 1.4787
-0.7172 0.9362
-0.5450 0.4009
-0.3599 -0.1301
-0.1708 -0.6598
0.0167 -1.1900
0.2018 -1.7211
0.3889 -2.2514
0.5889 -2.7770
0.8181 -3.2904
1.0961 -3.7789
1.4409 -4.2224
1.8642 -4.5908
2.3658 -4.8411
2.9193 -4.9238
3.4658 -4.8058
3.9318 -4.4968
4.2634 -4.0459
4.4440 -3.5153
4.4875 -2.9558
4.4212 -2.3981
4.2748 -1.8554
4.0758 -1.3296
3.8479 -0.8155
3.6118 -0.3051
3.3864 0.2101
3.1899 0.7369
3.0400 1.2787
2.9532 1.8339
2.9446 2.3956
3.0292 2.9508
3.2222 3.4778
3.5338 3.9439
3.9614 4.3058
4.4791 4.5187
5.0377 4.5521
5.5775 4.4037
6.0484 4.1000
6.4232 3.6826
6.6962 3.1921
6.8758 2.6598
6.9796 2.1075
7.0310 1.5476
7.0564 0.9858
7.0836 0.4241
7.1395 -0.1354
7.2485 -0.6868
7.4286 -1.2190
7.6888 -1.7168
8.0303 -2.1627
8.4468 -2.5394
8.9251 -2.8338
9.4472 -3.0410
9.9956 -3.1633
10.5558 -3.2079
11.1174 -3.1844
11.6738 -3.1041
12.2224 -2.9809
12.7641 -2.8297
13.3018 -2.6648
13.6638 -2.2814
14.1259 -2.0178
14.6194 -1.7978
15.1439 -1.6394
15.6207 -1.4585
16.0082 -1.2276
16.3371 -1.0203
16.5909 -0.7075
16.6354 -0.2583
16.3262 0.1602
15.8033 0.3421
15.2839 0.2591
14.8231 0.0341
14.4058 -0.2636
13.9634 -0.5624
13.4744 -0.8400
12.9755 -1.1142
12.4628 -1.3750
11.9230 -1.6096
11.3278 -1.7796
10.6818 -1.8599
9.9811 -1.6335
9.5384 -0.9789
9.5493 -0.1916
9.9610 0.4642
10.5421 0.8628
11.1256 1.0873
11.6467 1.2558
12.0875 1.4524
12.4610 1.6801
12.7523 2.0076
12.9218 2.4350
12.9829 2.9066
12.9056 3.3772
12.7681 3.8540
12.5997 4.3518
12.3948 4.8555
12.1717 5.3638
11.9418 5.8727
11.7074 6.3729
11.4615 6.8524
11.1914 7.2962
10.8835 7.6904
10.5926 8.0624
10.2995 8.4356
9.8907 8.7214
9.3817 8.8740
8.8399 8.9197
8.2965 8.8902
7.7544 8.7962
7.2257 8.6395
6.7172 8.4420
6.2165 8.2285
5.7136 8.0156
5.2034 7.8138
4.6764 7.6412
4.1325 7.5040
3.5874 7.3836
3.0539 7.2605
2.5350 7.1157
2.0386 6.9279
1.5676 6.7013
1.0895 6.5671
0.5845 6.4734
0.1734 6.0901
-0.1905 5.6618
-0.4956 5.1899
-0.7332 4.6807
-0.9024 4.1447
-1.0075 3.5926
-1.0503 3.0321
-1.0318 2.4703
-0.9573 1.9131
-0.8369 1.3639
-0.6826 0.8231
-0.5068 0.2890
-0.3202 -0.2416
-0.1311 -0.7712
0.0558 -1.3016
0.2407 -1.8327
0.4295 -2.3625
0.6341 -2.8863
0.8718 -3.3957
1.1625 -3.8767
1.5231 -4.3073
1.9636 -4.6549
2.4794 -4.8740
3.0373 -4.9160
3.5728 -4.7555
4.0139 -4.4117
4.3138 -3.9389
4.4637 -3.3987
4.4817 -2.8377
4.3961 -2.2825
4.2365 -1.7435
4.0296 -1.2207
3.7983 -0.7081
3.5628 -0.1974
3.3420 0.3197
3.1539 0.8496
3.0160 1.3945
2.9444 1.9518
2.9541 2.5135
3.0604 3.0649
3.2777 3.5822
3.6146 4.0302
4.0641 4.3643
4.5952 4.5412
5.1548 4.5355
5.6836 4.3514
6.1357 4.0201
6.4889 3.5843
6.7413 3.0828
6.9032 2.5448
6.9939 1.9901
7.0375 1.4295
7.0611 0.8676
7.0921 0.3061
7.1573 -0.2523
7.2800 -0.8008
7.4765 -1.3272
7.7540 -1.8155
8.1120 -2.2482
8.5428 -2.6085
9.0319 -2.8846
9.5609 -3.0735
10.1128 -3.1788
10.6741 -3.2083
11.2350 -3.1717
11.7899 -3.0812
12.3369 -2.9509
12.8774 -2.7958
13.4147 -2.6296
13.9519 -2.4634
14.4911 -2.3035
15.0309 -2.1458
15.5646 -1.9689
16.0725 -1.7291
16.5037 -1.3720
16.7567 -0.8759
16.7209 -0.3287
16.3938 0.1122
15.8835 0.3353
15.3240 0.3394
14.7834 0.1888
14.2726 -0.0458
13.7791 -0.3154
13.2896 -0.5923
12.7963 -0.8623
12.2943 -1.1158
11.7774 -1.3368
11.2357 -1.4843
10.6768 -1.4754
10.1918 -1.2198
9.9490 -0.7638
10.0117 -0.2369
10.3474 0.2080
10.8265 0.4985
11.3556 0.6882
11.8892 0.8656
12.3939 1.1115
12.8256 1.4691
13.1394 1.9333
13.3153 2.4657
13.3599 3.0252
13.2967 3.5833
13.1553 4.1273
12.9642 4.6561
12.7471 5.1748
12.5191 5.6889
12.2862 6.2008
12.0441 6.7084
11.7795 7.2045
11.4739 7.6763
11.1108 8.1050
10.6830 8.4688
10.1952 8.7469
9.6629 8.9255
9.1081 9.0145
8.5464 9.0141
7.9897 8.9368
7.4424 8.8077
6.9027 8.6498
6.3659 8.4821
5.8278 8.3185
5.2863 8.1670
4.7409 8.0300
4.1927 7.9042
3.6438 7.7820
3.0966 7.6522
2.5549 7.5014
2.0240 7.3164
1.5114 7.0856
1.0260 6.8021
0.5756 6.4659
0.1653 6.0817
-0.1975 5.6524
-0.5012 5.1797
-0.7374 4.6698
-0.9052 4.1334
-1.0091 3.5810
-1.0506 3.0204
-1.0308 2.4587
-0.9552 1.9016
-0.8340 1.3526
-0.6791 0.8120
-0.5030 0.2779
-0.3163 -0.2526
-0.1272 -0.7822
0.0596 -1.3126
0.2445 -1.8438
0.4335 -2.3734
0.6386 -2.8970
0.8773 -3.4061
1.1693 -3.8863
1.5315 -4.3155
1.9736 -4.6610
2.4907 -4.8769
3.0489 -4.9148
3.5831 -4.7501
4.0216 -4.4030
4.3184 -3.9282
4.4654 -3.3872
4.4809 -2.8261
4.3934 -2.2712
4.2326 -1.7326
4.0250 -1.2100
3.7934 -0.6976
3.5581 -0.1868
3.3377 0.3306
3.1505 0.8607
3.0138 1.4059
2.9437 1.9635
2.9553 2.5251
3.0637 3.0760
3.2834 3.5923
3.6228 4.0385
4.0745 4.3697
4.6067 4.5430
5.1663 4.5334
5.6939 4.3459
6.1441 4.0120
6.4952 3.5745
6.7455 3.0719
6.9058 2.5334
6.9952 1.9785
7.0381 1.4178
7.0616 0.8559
7.0931 0.2945
7.1592 -0.2638
7.2833 -0.8120
7.4814 -1.3377
7.7606 -1.8251
8.1203 -2.2565
8.5524 -2.6151
9.0425 -2.8894
9.5722 -3.0765
10.1244 -3.1802
10.6857 -3.2082
11.2466 -3.1704
11.8013 -3.0789
12.3481 -2.9479
12.8886 -2.7924
13.4258 -2.6261
13.9631 -2.4601
14.5023 -2.3003
15.0421 -2.1425
15.5756 -1.9648
16.0825 -1.7231
16.5112 -1.3630
16.7591 -0.8645
16.7169 -0.3180
16.3845 0.1192
15.8720 0.3375
15.3125 0.3375
14.7725 0.1845
14.2622 -0.0512
13.7689 -0.3212
13.2794 -0.5981
12.7859 -0.8678
12.2838 -1.1209
11.7664 -1.3408
11.2241 -1.4860
10.6654 -1.4727
10.1838 -1.2119
9.9471 -0.7530
10.0164 -0.2261
10.3564 0.2156
10.8373 0.5032
11.3669 0.6917
11.9002 0.8699
12.4039 1.1178
12.8335 1.4778
13.1445 1.9439
13.3175 2.4773
13.3596 3.0370
13.2945 3.5949
13.1517 4.1385
12.9599 4.6670
12.7424 5.1856
12.5143 5.6997
12.2813 6.2115
12.0388 6.7189
11.7736 7.2147
11.4669 7.6857
11.1025 8.1134
10.6733 8.4756
10.1845 8.7517
9.6514 8.9282
9.0964 9.0155
8.5346 9.0132
7.9781 8.9346
7.4311 8.8047
6.8915 8.6463
6.3547 8.4786
5.8165 8.3152
5.2749 8.1640
4.7294 8.0272
4.1812 7.9016
3.6323 7.7794
3.0852 7.6493
2.5436 7.4979
2.0130 7.3120
1.5009 7.0802
1.0162 6.7956
0.5666 6.4583
0.1572 6.0732
-0.2045 5.6430
-0.5068 5.1693
-0.7416 4.6588
-0.9080 4.1220
-1.0106 3.5693
-1.0508 3.0087
-1.0297 2.4469
-0.9531 1.8900
-0.8310 1.3412
-0.6756 0.8007
-0.4991 0.2668
-0.3123 -0.2636
-0.1233 -0.7933
0.0635 -1.3238
0.2484 -1.8549
0.4376 -2.3845
0.6432 -2.9079
0.8828 -3.4165
1.1761 -3.8959
1.5399 -4.3237
1.9837 -4.6670
2.5021 -4.8796
3.0606 -4.9134
3.5935 -4.7445
4.0294 -4.3941
4.3230 -3.9174
4.4670 -3.3755
4.4800 -2.8143
4.3907 -2.2597
4.2287 -1.7215
4.0203 -1.1992
3.7884 -0.6869
3.5532 -0.1761
3.3334 0.3415
3.1471 0.8720
3.0116 1.4175
2.9430 1.9752
2.9565 2.5368
3.0671 3.0873
3.2893 3.6025
3.6312 4.0468
4.0849 4.3751
4.6183 4.5447
5.1778 4.5313
5.7042 4.3403
6.1525 4.0038
6.5014 3.5645
6.7497 3.0609
6.9083 2.5219
6.9965 1.9668
7.0387 1.4060
7.0620 0.8441
7.0940 0.2827
7.1611 -0.2755
7.2866 -0.8233
7.4864 -1.3484
7.7673 -1.8348
8.1286 -2.2648
8.5622 -2.6217
9.0532 -2.8943
9.5836 -3.0795
10.1361 -3.1815
10.6975 -3.2080
11.2583 -3.1690
11.8128 -3.0765
12.3595 -2.9448
12.8998 -2.7890
13.4370 -2.6226
13.9744 -2.4566
14.5136 -2.2970
15.0534 -2.1391
15.5865 -1.9606
16.0925 -1.7169
16.5187 -1.3539
16.7615 -0.8530
16.7127 -0.3073
16.3750 0.1263
15.8603 0.3396
15.3008 0.3356
14.7614 0.1802
14.2517 -0.0566
13.7586 -0.3270
13.2690 -0.6038
12.7755 -0.8734
12.2730 -1.1259
11.7553 -1.3449
11.2124 -1.4878
10.6539 -1.4700
10.1759 -1.2038
9.9453 -0.7420
10.0212 -0.2152
10.3656 0.2232
10.8483 0.5079
11.3783 0.6953
11.9113 0.8742
12.4140 1.1242
12.8415 1.4867
13.1497 1.9547
13.3197 2.4891
13.3592 3.0489
13.2921 3.6066
13.1480 4.1499
12.9555 4.6781
12.7376 5.1966
12.5094 5.7106
12.2763 6.2223
12.0335 6.7296
11.7676 7.2250
11.4598 7.6954
11.0940 8.1218
10.6635 8.4824
