x y v
9.2126 9.0039 1.2969
9.0177 9.0262 1.3163
8.8217 9.0378 1.3042
8.6254 9.0456 1.3108
8.4276 9.0487 1.3261
8.2279 9.0420 1.3399
8.0282 9.0240 1.3336
7.8270 8.9978 1.3518
7.6277 8.9551 1.3567
7.4297 8.9076 1.3544
7.2369 8.8468 1.3418
7.0453 8.7762 1.3798
6.8567 8.6919 1.3720
6.6693 8.6028 1.3881
6.4798 8.5176 1.3793
6.2875 8.4381 1.3973
6.0906 8.3596 1.4128
5.8922 8.2853 1.4120
5.6903 8.2229 1.4095
5.4863 8.1682 1.4132
5.2787 8.1219 1.4249
5.0693 8.0840 1.4153
4.8597 8.0508 1.4095
4.6528 8.0104 1.4131
4.4463 7.9616 1.4224
4.2395 7.9098 1.4260
4.0300 7.8592 1.4430
3.8197 7.8068 1.4558
3.6058 7.7603 1.4668
3.3937 7.7040 1.4608
3.1804 7.6471 1.4847
2.9651 7.5895 1.4863
2.7498 7.5292 1.4953
2.5356 7.4694 1.4818
2.3225 7.3979 1.5078
2.1078 7.3223 1.5200
1.8947 7.2397 1.5291
1.6849 7.1501 1.5238
1.4775 7.0562 1.5147
1.2757 6.9496 1.5364
1.0779 6.8280 1.5644
0.8782 6.7000 1.5834
0.6844 6.5617 1.5975
0.4919 6.4170 1.6109
0.3043 6.2634 1.6269
0.1237 6.0988 1.6257
-0.0531 5.9303 1.6281
-0.2157 5.7483 1.6190
-0.3700 5.5601 1.6174
-0.5142 5.3663 1.6033
-0.6475 5.1667 1.6067
-0.7679 4.9546 1.6430
-0.8837 4.7352 1.6644
-0.9854 4.5067 1.6759
-1.0718 4.2715 1.6629
-1.1359 4.0317 1.6531
-1.1771 3.7845 1.6843
-1.1859 3.5334 1.6709
-1.1713 3.2836 1.6756
-1.1357 3.0342 1.6831
-1.1011 2.7845 1.6798
-1.0661 2.5351 1.6899
-1.0325 2.2827 1.6989
-0.9913 2.0319 1.7025
-0.9470 1.7788 1.7236
-0.8926 1.5264 1.7277
-0.8249 1.2762 1.7285
-0.7542 1.0272 1.7165
-0.6794 0.7786 1.7571
-0.6025 0.5270 1.7624
-0.5219 0.2746 1.7645
-0.4371 0.0239 1.7685
-0.3421 -0.2227 1.7430
-0.2445 -0.4677 1.7776
-0.1484 -0.7191 1.8022
-0.0567 -0.9737 1.8065
0.0280 -1.2308 1.8133
0.1154 -1.4906 1.8273
0.2093 -1.7495 1.8450
0.3068 -2.0085 1.8405
0.4066 -2.2659 1.8455
0.5055 -2.5250 1.8478
0.6064 -2.7829 1.8487
0.7223 -3.0362 1.8672
0.8456 -3.2878 1.8631
0.9815 -3.5334 1.8746
1.1331 -3.7711 1.8833
1.3021 -3.9968 1.8811
1.4818 -4.2159 1.8952
1.6802 -4.4182 1.8869
1.9035 -4.5939 1.9006
2.1471 -4.7393 1.8870
2.4072 -4.8473 1.8659
2.6778 -4.9156 1.8672
2.9569 -4.9478 1.8725
3.2368 -4.9266 1.8565
3.4982 -4.8346 1.8608
3.7493 -4.7128 1.8481
3.9782 -4.5578 1.8466
4.1756 -4.3652 1.8532
4.3374 -4.1408 1.8461
4.4632 -3.8935 1.8447
4.5461 -3.6295 1.8485
4.5895 -3.3552 1.8526
4.5975 -3.0778 1.8584
4.5746 -2.8012 1.8494
4.5317 -2.5282 1.8355
4.4730 -2.2583 1.8470
4.3957 -1.9928 1.8447
4.3019 -1.7325 1.8422
4.1893 -1.4788 1.8485
4.0721 -1.2296 1.8329
3.9542 -0.9814 1.8384
3.8396 -0.7289 1.8611
3.7236 -0.4731 1.8751
3.6098 -0.2151 1.8876
3.5015 0.0470 1.8892
3.3945 0.3105 1.8975
3.2867 0.5746 1.9043
3.1966 0.8465 1.8997
3.1140 1.1186 1.8909
3.0466 1.3967 1.9226
3.0017 1.6821 1.9326
2.9849 1.9722 1.9367
2.9826 2.2627 1.9373
3.0003 2.5537 1.9504
3.0443 2.8431 1.9472
3.1150 3.1276 1.9679
3.2147 3.4053 1.9570
3.3418 3.6681 1.9408
3.5019 3.9100 1.9243
3.6891 4.1268 1.9136
3.9128 4.3065 1.9105
4.1604 4.4483 1.9053
4.4274 4.5562 1.9469
4.7126 4.6190 1.9491
5.0036 4.6351 1.9486
5.2890 4.5849 1.9347
5.5617 4.4825 1.9413
5.8228 4.3530 1.9487
6.0670 4.1907 1.9617
6.2876 3.9954 1.9639
6.4816 3.7738 1.9647
6.6401 3.5247 1.9638
6.7648 3.2550 1.9952
6.8699 2.9764 1.9841
6.9497 2.6860 2.0269
7.0029 2.3864 2.0341
7.0315 2.0824 2.0321
7.0449 1.7788 2.0258
7.0497 1.4726 2.0492
7.0554 1.1645 2.0653
7.0647 0.8538 2.0750
7.0765 0.5424 2.0772
7.1021 0.2334 2.0579
7.1410 -0.0750 2.0716
7.1966 -0.3807 2.0777
7.2679 -0.6849 2.0865
7.3589 -0.9819 2.0460
7.4713 -1.2669 2.0529
7.5986 -1.5475 2.0507
7.7501 -1.8138 2.0378
7.9239 -2.0643 2.0289
8.1218 -2.2934 2.0067
8.3415 -2.4991 2.0051
8.5721 -2.6924 2.0138
8.8199 -2.8648 2.0111
9.0906 -2.9964 2.0131
9.3744 -3.0962 2.0059
9.6647 -3.1729 1.9938
9.9597 -3.2260 2.0032
10.2589 -3.2542 2.0047
10.5585 -3.2606 2.0009
10.8565 -3.2535 1.9726
11.1522 -3.2333 1.9840
11.4473 -3.1816 2.0193
11.7457 -3.1164 2.0418
12.0439 -3.0400 2.0685
12.3420 -2.9533 2.0813
12.6428 -2.8627 2.0994
12.9437 -2.7710 2.1067
13.2492 -2.6763 2.1483
13.5560 -2.5760 2.1593
13.8664 -2.4809 2.1598
14.1777 -2.3888 2.1656
14.4911 -2.3019 2.1775
14.8054 -2.2138 2.1836
15.1195 -2.1225 2.1680
15.4257 -2.0189 2.1428
15.7237 -1.8985 2.1525
16.0121 -1.7567 2.1404
16.2843 -1.5887 2.1390
16.5197 -1.3732 2.1184
16.7000 -1.1136 2.1116
16.8138 -0.8205 2.0927
16.8271 -0.5103 2.0890
16.7346 -0.2111 2.1046
16.5690 0.0551 2.0907
16.3419 0.2704 2.0815
16.0639 0.4088 2.0833
15.7565 0.4669 2.0939
15.4444 0.4569 2.0708
15.1404 0.3878 2.0840
14.8452 0.2854 2.0819
14.5617 0.1536 2.0827
14.2872 0.0042 2.0692
14.0214 -0.1577 2.0915
13.7490 -0.3177 2.1163
13.4752 -0.4769 2.1048
13.2041 -0.6405 2.1265
12.9291 -0.8018 2.1210
12.6526 -0.9576 2.1021
12.3681 -1.0943 2.1103
12.0784 -1.2233 2.1150
11.7840 -1.3422 2.1134
11.4818 -1.4380 2.1212
11.1714 -1.5015 2.1081
10.8589 -1.5191 2.0671
10.5529 -1.4659 2.0748
10.2722 -1.3317 2.0673
10.0551 -1.1139 2.0511
9.9103 -0.8443 2.0163
9.8722 -0.5488 1.9840
9.9205 -0.2555 1.9841
10.0514 0.0080 1.9609
10.2502 0.2241 1.9587
10.4886 0.3968 1.9635
10.7517 0.5291 1.9662
11.0286 0.6293 1.9652
11.3090 0.7164 1.9596
11.5915 0.7942 1.9448
11.8692 0.8818 1.9303
12.1368 0.9919 1.9414
12.3970 1.1257 1.9543
12.6413 1.2864 1.9398
12.8632 1.4751 1.9501
13.0535 1.6940 1.9318
13.2123 1.9373 1.9400
13.3312 2.1999 1.9207
13.4015 2.4786 1.9202
13.4380 2.7654 1.9477
13.4301 3.0574 1.9426
13.3937 3.3476 1.9434
13.3360 3.6343 1.9499
13.2599 3.9154 1.9405
13.1689 4.1925 1.9518
13.0673 4.4693 1.9677
12.9483 4.7412 1.9848
12.8240 5.0139 2.0061
12.7008 5.2901 2.0180
12.5775 5.5645 2.0076
12.4508 5.8384 2.0099
12.3234 6.1108 1.9954
12.1973 6.3811 1.9892
12.0683 6.6497 1.9807
11.9337 6.9137 1.9795
11.7858 7.1704 1.9639
11.6289 7.4218 1.9848
11.4627 7.6679 1.9746
11.2862 7.9077 2.0027
11.0887 8.1359 2.0190
10.8704 8.3496 2.0485
10.6334 8.5488 2.0654
10.3762 8.7195 2.0521
10.1036 8.8616 2.0528
9.8143 8.9636 2.0367
9.5161 9.0323 2.0380
9.2116 9.0708 2.0516
8.9032 9.0891 2.0546
8.5933 9.0889 2.0747
8.2823 9.0580 2.0940
7.9727 9.0022 2.1040
7.6653 8.9246 2.1265
7.3623 8.8308 2.0981
7.0639 8.7208 2.1338
6.7655 8.6050 2.1376
6.4653 8.4914 2.1476
6.1600 8.3889 2.1485
5.8505 8.2992 2.1395
5.5394 8.2144 2.1523
5.2242 8.1338 2.1805
4.9060 8.0552 2.1900
4.5878 7.9738 2.2026
4.2648 7.8950 2.2289
3.9373 7.8242 2.2390
3.6073 7.7543 2.2574
3.2738 7.6817 2.2822
2.9404 7.5939 2.2997
2.6092 7.4968 2.3097
2.2785 7.3905 2.3173
1.9527 7.2650 2.3322
1.6311 7.1232 2.3440
1.3137 6.9721 2.3279
1.0163 6.7895 2.3206
0.7310 6.5901 2.3264
0.4611 6.3694 2.3251
0.2087 6.1289 2.3268
-0.0288 5.8720 2.3304
-0.2501 5.5995 2.3492
-0.4454 5.3086 2.3245
-0.6190 5.0065 2.3278
-0.7701 4.6934 2.3146
-0.8896 4.3677 2.3149
-0.9845 4.0348 2.2973
-1.0534 3.6966 2.3002
-1.0943 3.3543 2.2972
-1.1084 3.0103 2.3091
-1.0932 2.6634 2.3162
-1.0589 2.3171 2.3133
-0.9981 1.9763 2.3036
-0.9111 1.6422 2.3012
-0.8118 1.3102 2.3091
-0.7141 0.9761 2.3258
-0.6175 0.6367 2.3640
-0.5174 0.2973 2.3563
-0.4080 -0.0392 2.3614
-0.2953 -0.3741 2.3561
-0.1738 -0.7040 2.3265
-0.0539 -1.0320 2.3379
0.0649 -1.3617 2.3446
0.1857 -1.6931 2.3544
0.3085 -2.0262 2.3735
0.4349 -2.3599 2.3716
0.5652 -2.6908 2.3623
0.7060 -3.0164 2.3669
0.8599 -3.3353 2.3620
1.0389 -3.6421 2.3826
1.2338 -3.9424 2.3962
1.4515 -4.2276 2.3779
1.7021 -4.4814 2.3768
1.9841 -4.6953 2.3593
2.3020 -4.8442 2.3373
2.6434 -4.9289 2.3576
2.9961 -4.9490 2.3522
3.3384 -4.8736 2.3220
3.6557 -4.7273 2.3330
3.9441 -4.5290 2.3365
4.1768 -4.2672 2.3384
4.3497 -3.9633 2.3309
4.4730 -3.6387 2.3110
4.5399 -3.2979 2.3158
4.5479 -2.9491 2.3445
4.5191 -2.5975 2.3555
4.4505 -2.2528 2.3342
4.3441 -1.9191 2.3386
4.2175 -1.5927 2.3365
4.0810 -1.2713 2.3131
3.9325 -0.9599 2.2974
3.7818 -0.6498 2.2985
3.6286 -0.3410 2.2986
3.4910 -0.0264 2.2843
3.3640 0.2918 2.2843
3.2543 0.6152 2.2754
3.1555 0.9445 2.3174
3.0666 1.2800 2.3196
2.9978 1.6192 2.3018
2.9591 1.9607 2.2832
2.9470 2.3011 2.2679
2.9673 2.6405 2.2672
3.0315 2.9727 2.2374
3.1470 3.2871 2.2337
3.2944 3.5892 2.2512
3.4796 3.8696 2.2376
3.7041 4.1174 2.2354
3.9642 4.3284 2.2295
4.2602 4.4824 2.2288
4.5813 4.5787 2.2342
4.9148 4.6067 2.2263
5.2454 4.5783 2.1464
5.5499 4.4792 2.1463
5.8411 4.3401 2.1546
6.1075 4.1572 2.1623
6.3399 3.9318 2.1544
6.5343 3.6726 2.1628
6.6889 3.3884 2.1564
6.8100 3.0892 2.1507
6.9069 2.7825 2.1362
6.9822 2.4714 2.1394
7.0375 2.1539 2.1533
7.0685 1.8327 2.1498
7.0791 1.5111 2.1371
7.0809 1.1897 2.1478
7.0802 0.8681 2.1382
7.0861 0.5462 2.1477
7.1093 0.2255 2.1397
7.1426 -0.0924 2.1251
7.1966 -0.4088 2.1534
7.2674 -0.7245 2.1480
7.3627 -1.0320 2.1585
7.4810 -1.3338 2.1717
7.6289 -1.6247 2.1691
7.7973 -1.9028 2.1840
7.9993 -2.1606 2.1809
8.2271 -2.3955 2.1875
8.4821 -2.6011 2.1876
8.7547 -2.7830 2.1800
9.0419 -2.9356 2.1826
9.3432 -3.0614 2.1752
9.6520 -3.1639 2.1667
9.9656 -3.2441 2.1488
10.2846 -3.2841 2.1418
10.6056 -3.2818 2.1475
10.9300 -3.2669 2.1801
11.2546 -3.2181 2.1941
11.5746 -3.1478 2.1764
11.8908 -3.0694 2.1699
12.2076 -2.9891 2.1788
12.5225 -2.9032 2.1631
12.8316 -2.8027 2.1576
13.1399 -2.7056 2.1455
13.4476 -2.6085 2.1427
13.7564 -2.5124 2.1730
14.0666 -2.4139 2.1691
14.3809 -2.3214 2.2074
14.6992 -2.2289 2.2230
15.0189 -2.1312 2.2379
15.3405 -2.0302 2.2471
15.6588 -1.9183 2.2537
15.9664 -1.7750 2.2754
16.2608 -1.5995 2.2929
16.5184 -1.3740 2.2809
16.7182 -1.0997 2.2646
16.8264 -0.7801 2.2583
16.8320 -0.4438 2.2424
16.7308 -0.1266 2.2314
16.5356 0.1413 2.2096
16.2706 0.3358 2.1976
15.9634 0.4497 2.1908
15.6376 0.4898 2.2038
15.3080 0.4584 2.2061
14.9906 0.3655 2.2095
14.6895 0.2296 2.1948
14.4002 0.0713 2.2107
14.1136 -0.1002 2.2314
13.8308 -0.2782 2.2267
13.5381 -0.4459 2.2660
13.2389 -0.6100 2.2712
12.9377 -0.7750 2.2965
12.6335 -0.9368 2.2931
12.3237 -1.0922 2.3121
12.0113 -1.2469 2.3396
11.6861 -1.3798 2.3406
11.3517 -1.4862 2.3364
11.0075 -1.5358 2.3096
10.6659 -1.5035 2.2701
10.3469 -1.3859 2.2622
10.0830 -1.1765 2.2546
9.8972 -0.8996 2.2167
9.8251 -0.5767 2.2270
9.8757 -0.2515 2.2019
10.0257 0.0419 2.2054
10.2493 0.2858 2.2144
10.5283 0.4623 2.2019
10.8349 0.5856 2.2162
11.1554 0.6781 2.2269
11.4763 0.7703 2.2182
11.7931 0.8668 2.1996
12.0996 0.9857 2.1865
12.3957 1.1260 2.1789
12.6718 1.2959 2.1425
12.9118 1.5081 2.1402
13.1168 1.7555 2.1575
13.2764 2.0366 2.1630
13.3828 2.3424 2.1616
13.4422 2.6607 2.1616
13.4531 2.9826 2.1411
13.4220 3.3016 2.1240
13.3696 3.6147 2.1100
13.2813 3.9195 2.1146
13.1749 4.2190 2.1326
13.0589 4.5167 2.1190
12.9390 4.8115 2.1182
12.8168 5.1047 2.1149
12.6882 5.3949 2.1222
12.5536 5.6841 2.1312
12.4168 5.9713 2.1171
12.2759 6.2551 2.1096
12.1274 6.5358 2.1232
11.9792 6.8185 2.1322
11.8275 7.0989 2.1333
11.6636 7.3738 2.1319
11.4873 7.6414 2.1320
11.3028 7.9032 2.1449
11.0967 8.1535 2.1720
10.8623 8.3804 2.1894
10.6023 8.5803 2.1798
10.3274 8.7557 2.1793
10.0317 8.8995 2.2138
9.7159 9.0093 2.2329
9.3866 9.0785 2.2642
9.0498 9.1137 2.2644
8.7105 9.1070 2.2610
8.3728 9.0722 2.2591
8.0388 9.0147 2.2620
7.7061 8.9337 2.2997
7.3716 8.8461 2.3062
7.0419 8.7458 2.2861
6.7196 8.6311 2.2787
6.3958 8.5190 2.2872
6.0691 8.4138 2.2873
5.7378 8.3179 2.3088
5.4038 8.2207 2.3240
5.0675 8.1257 2.3297
4.7307 8.0316 2.3356
4.3892 7.9452 2.3554
4.0464 7.8609 2.3623
3.7028 7.7812 2.3455
3.3592 7.7016 2.3441
3.0196 7.6061 2.3555
2.6786 7.5056 2.3739
2.3404 7.3971 2.3638
2.0037 7.2815 2.3769
1.6748 7.1435 2.3710
1.3601 6.9775 2.3660
1.0535 6.7992 2.3652
0.7585 6.6026 2.3640
0.4798 6.3823 2.3766
0.2216 6.1380 2.3763
-0.0250 5.8800 2.3880
-0.2572 5.6065 2.3948
-0.4703 5.3155 2.4048
-0.6523 5.0032 2.4175
-0.8045 4.6722 2.4357
-0.9233 4.3270 2.4445
-1.0055 3.9691 2.4677
-1.0618 3.6033 2.4739
-1.0930 3.2338 2.4746
-1.1049 2.8651 2.4414
-1.0824 2.4989 2.4510
-1.0266 2.1351 2.4564
-0.9583 1.7725 2.4634
-0.8725 1.4122 2.4754
-0.7640 1.0572 2.4835
-0.6403 0.7082 2.4480
-0.5263 0.3602 2.4313
-0.4162 0.0124 2.4398
-0.2948 -0.3342 2.4503
-0.1691 -0.6810 2.4652
-0.0454 -1.0304 2.4759
0.0791 -1.3798 2.4667
0.2161 -1.7233 2.4709
0.3499 -2.0675 2.4566
0.4749 -2.4144 2.4661
0.6002 -2.7633 2.4839
0.7473 -3.1057 2.4907
0.9154 -3.4401 2.5025
1.1080 -3.7623 2.5027
1.3244 -4.0684 2.4912
1.5731 -4.3440 2.4729
1.8591 -4.5788 2.4712
2.1744 -4.7721 2.4740
2.5203 -4.9022 2.4703
2.8875 -4.9452 2.4721
3.2542 -4.9044 2.4304
3.5765 -4.7451 2.4132
3.8651 -4.5234 2.4275
4.1257 -4.2713 2.4148
4.3339 -3.9762 2.4218
4.4767 -3.6429 2.4218
4.5604 -3.2923 2.3923
4.5683 -2.9336 2.3929
4.5248 -2.5773 2.4021
4.4411 -2.2291 2.3835
4.3307 -1.8901 2.3752
4.1995 -1.5569 2.3898
4.0524 -1.2298 2.3900
3.8986 -0.9078 2.3703
3.7461 -0.5881 2.3551
3.6011 -0.2662 2.3517
3.4725 0.0619 2.3410
3.3468 0.3907 2.3545
3.2262 0.7216 2.3363
3.1207 1.0537 2.3209
3.0358 1.3919 2.3197
2.9847 1.7358 2.3198
2.9564 2.0818 2.3104
2.9511 2.4271 2.2887
2.9850 2.7685 2.2900
3.0663 3.1034 2.3120
3.1912 3.4276 2.3171
3.3610 3.7291 2.2985
3.5705 4.0023 2.2891
3.8227 4.2327 2.2726
4.1069 4.4155 2.2377
4.4173 4.5380 2.2198
4.7435 4.6058 2.2245
5.0775 4.6009 2.2432
5.4028 4.5604 2.1613
5.7081 4.4600 2.1378
5.9844 4.3036 2.1040
6.2239 4.0978 2.1188
6.4279 3.8512 2.1502
6.6061 3.5820 2.1629
6.7491 3.2905 2.1703
6.8589 2.9865 2.1453
6.9370 2.6752 2.1444
6.9904 2.3586 2.1210
7.0136 2.0419 2.1160
7.0366 1.7242 2.1234
7.0573 1.4059 2.1297
7.0733 1.0877 2.1153
7.0862 0.7699 2.1389
7.1096 0.4496 2.1458
7.1428 0.1290 2.1492
7.1829 -0.1916 2.1533
7.2397 -0.5084 2.1445
7.3160 -0.8211 2.1477
7.4201 -1.1284 2.1631
7.5445 -1.4280 2.1703
7.6986 -1.7161 2.1836
7.8716 -1.9955 2.1938
8.0748 -2.2512 2.1733
8.3057 -2.4824 2.1897
8.5643 -2.6843 2.1906
8.8448 -2.8550 2.1959
9.1428 -3.0003 2.2228
9.4576 -3.1129 2.2459
9.7855 -3.1969 2.2659
10.1217 -3.2458 2.2643
10.4605 -3.2657 2.2659
10.8006 -3.2512 2.2659
11.1348 -3.1856 2.2864
11.4743 -3.1216 2.3133
11.8152 -3.0594 2.3129
12.1551 -2.9885 2.3159
12.4937 -2.9027 2.3282
12.8309 -2.8085 2.3387
13.1692 -2.7135 2.3492
13.5065 -2.6098 2.3641
13.8457 -2.5131 2.3519
14.1832 -2.4088 2.3539
14.5203 -2.3079 2.3478
14.8544 -2.2050 2.3199
15.1882 -2.1047 2.3218
15.5206 -1.9998 2.3229
15.8435 -1.8709 2.3119
16.1483 -1.7072 2.3005
16.4309 -1.5145 2.2701
16.6420 -1.2522 2.2286
16.7680 -0.9424 2.2359
16.7966 -0.6155 2.1936
16.7434 -0.2915 2.1814
16.6039 -0.0015 2.1231
16.3853 0.2278 2.1190
16.1204 0.4028 2.1255
15.8139 0.4880 2.1232
15.4976 0.5040 2.1270
15.1851 0.4526 2.1096
14.8880 0.3474 2.0962
14.6063 0.2079 2.1047
14.3341 0.0515 2.0859
14.0654 -0.1109 2.0968
13.7968 -0.2775 2.1240
13.5210 -0.4398 2.1337
13.2425 -0.5978 2.1262
12.9669 -0.7546 2.0996
12.6895 -0.9030 2.1047
12.4103 -1.0506 2.0964
12.1260 -1.1893 2.1184
11.8370 -1.3185 2.1098
11.5379 -1.4255 2.1161
11.2327 -1.5044 2.0933
10.9202 -1.5326 2.0903
10.6104 -1.4898 2.0907
10.3245 -1.3680 2.0698
10.0827 -1.1789 2.0406
9.9133 -0.9260 2.0426
9.8294 -0.6337 2.0416
9.8337 -0.3345 1.9835
9.9217 -0.0521 1.9699
10.0956 0.1861 1.9807
10.3293 0.3722 2.0103
10.5969 0.5090 1.9915
10.8765 0.6123 1.9930
11.1645 0.7002 2.0159
11.4565 0.7781 2.0106
11.7433 0.8645 1.9822
12.0241 0.9651 1.9850
12.2976 1.0879 2.0153
12.5639 1.2300 2.0045
12.8041 1.4090 1.9957
13.0084 1.6269 1.9876
13.1634 1.8784 1.9797
13.2797 2.1504 1.9698
13.3568 2.4345 1.9563
13.3993 2.7251 1.9620
13.4122 3.0178 1.9474
13.3996 3.3097 1.9435
13.3613 3.6005 1.9712
13.2912 3.8883 1.9757
13.2033 4.1705 1.9662
13.0927 4.4435 1.9627
12.9763 4.7142 1.9640
12.8542 4.9836 1.9911
12.7282 5.2541 1.9924
12.5972 5.5218 1.9924
12.4644 5.7907 2.0161
12.3304 6.0612 2.0087
12.1962 6.3307 1.9971
12.0583 6.5978 2.0107
11.9162 6.8650 2.0231
11.7666 7.1319 2.0522
11.6144 7.4000 2.0581
11.4511 7.6620 2.0636
11.2712 7.9130 2.0600
11.0653 8.1417 2.0551
10.8429 8.3527 2.0361
10.6029 8.5404 2.0284
10.3486 8.7018 2.0043
10.0782 8.8347 2.0096
9.7959 8.9408 2.0165
9.5039 9.0150 2.0092
9.2052 9.0593 2.0215
8.9023 9.0809 2.0393
8.5981 9.0816 2.0214
8.2944 9.0727 2.0264
7.9920 9.0337 2.0392
7.6933 8.9729 2.0210
7.3996 8.8953 2.0284
7.1096 8.8010 2.0414
6.8260 8.6851 2.0484
6.5459 8.5600 2.0368
6.2646 8.4383 2.0441
5.9817 8.3207 2.0381
5.6923 8.2283 2.0248
5.3973 8.1548 2.0228
5.1015 8.0920 2.0013
4.8063 8.0332 2.0253
4.5083 7.9696 2.0211
4.2095 7.9015 2.0580
3.9077 7.8345 2.0638
3.6044 7.7587 2.0916
3.3004 7.6784 2.0987
2.9954 7.5959 2.1184
2.6898 7.5088 2.1157
2.3881 7.4089 2.1256
2.0855 7.3059 2.1368
1.7891 7.1812 2.1561
1.4979 7.0414 2.1476
1.2157 6.8833 2.1569
0.9429 6.7105 2.1546
0.6811 6.5187 2.1736
0.4246 6.3165 2.1916
0.1829 6.0917 2.2086
-0.0415 5.8484 2.1995
-0.2524 5.5942 2.2039
-0.4453 5.3261 2.2013
-0.6124 5.0420 2.1981
-0.7508 4.7415 2.2142
-0.8641 4.4282 2.2241
-0.9512 4.1051 2.2400
-1.0222 3.7770 2.2342
-1.0804 3.4458 2.2460
-1.1188 3.1105 2.2499
-1.1306 2.7725 2.2565
-1.1122 2.4349 2.2528
-1.0600 2.1005 2.2459
-0.9869 1.7706 2.2658
-0.9027 1.4406 2.2698
-0.8106 1.1148 2.2559
-0.7059 0.7948 2.2511
-0.5890 0.4750 2.2737
-0.4720 0.1527 2.3045
-0.3602 -0.1737 2.3006
-0.2468 -0.4991 2.2940
-0.1295 -0.8225 2.2935
-0.0131 -1.1484 2.3151
0.1009 -1.4764 2.3281
0.2163 -1.8047 2.3106
0.3439 -2.1290 2.3382
0.4787 -2.4525 2.3328
0.6171 -2.7763 2.3546
0.7541 -3.1011 2.3471
0.9030 -3.4188 2.3350
1.0826 -3.7192 2.3279
1.2781 -4.0082 2.3193
1.4964 -4.2772 2.3027
1.7454 -4.5144 2.2886
2.0305 -4.7046 2.2847
2.3389 -4.8491 2.2514
2.6670 -4.9258 2.2444
3.0044 -4.9387 2.2578
3.3315 -4.8829 2.2008
3.6359 -4.7485 2.2375
3.9173 -4.5672 2.2213
4.1650 -4.3444 2.1991
4.3644 -4.0830 2.1915
4.5089 -3.7877 2.2012
4.5930 -3.4711 2.1840
4.6237 -3.1462 2.1764
4.6190 -2.8211 2.1724
4.5763 -2.4991 2.1629
4.4988 -2.1815 2.1827
4.3850 -1.8737 2.1905
4.2461 -1.5764 2.1742
4.1042 -1.2833 2.1675
3.9631 -0.9885 2.1918
3.8265 -0.6888 2.2070
3.6871 -0.3881 2.2170
3.5541 -0.0837 2.2164