x y v
9.2125 9.0034 1.3008
9.0179 9.0200 1.3036
8.8224 9.0294 1.3065
8.6262 9.0307 1.3094
8.4297 9.0233 1.3123
8.2334 9.0065 1.3154
8.0376 8.9804 1.3186
7.8427 8.9453 1.3219
7.6490 8.9020 1.3254
7.4564 8.8514 1.3290
7.2650 8.7949 1.3328
7.0743 8.7338 1.3366
6.8841 8.6696 1.3406
6.6938 8.6036 1.3446
6.5031 8.5370 1.3488
6.3115 8.4709 1.3530
6.1189 8.4060 1.3573
5.9250 8.3429 1.3617
5.7295 8.2824 1.3666
5.5323 8.2249 1.3720
5.3334 8.1704 1.3777
5.1329 8.1186 1.3837
4.9309 8.0689 1.3898
4.7276 8.0208 1.3960
4.5231 7.9738 1.4022
4.3175 7.9272 1.4082
4.1110 7.8808 1.4140
3.9037 7.8341 1.4197
3.6957 7.7865 1.4252
3.4872 7.7376 1.4304
3.2783 7.6868 1.4355
3.0693 7.6334 1.4404
2.8604 7.5769 1.4451
2.6519 7.5165 1.4497
2.4440 7.4515 1.4541
2.2373 7.3810 1.4584
2.0321 7.3042 1.4626
1.8290 7.2205 1.4667
1.6285 7.1291 1.4708
1.4313 7.0295 1.4748
1.2379 6.9216 1.4787
1.0489 6.8050 1.4826
0.8647 6.6800 1.4864
0.6857 6.5466 1.4901
0.5123 6.4051 1.4936
0.3451 6.2557 1.4971
0.1844 6.0985 1.5005
0.0308 5.9337 1.5038
-0.1151 5.7613 1.5070
-0.2527 5.5817 1.5101
-0.3811 5.3949 1.5131
-0.4998 5.2012 1.5162
-0.6079 5.0009 1.5193
-0.7050 4.7944 1.5224
-0.7905 4.5825 1.5255
-0.8643 4.3657 1.5288
-0.9265 4.1447 1.5321
-0.9774 3.9203 1.5355
-1.0171 3.6932 1.5389
-1.0462 3.4640 1.5424
-1.0648 3.2331 1.5459
-1.0734 3.0012 1.5494
-1.0720 2.7685 1.5530
-1.0609 2.5356 1.5566
-1.0402 2.3027 1.5603
-1.0102 2.0704 1.5640
-0.9704 1.8389 1.5682
-0.9210 1.6086 1.5728
-0.8632 1.3795 1.5778
-0.7984 1.1514 1.5830
-0.7282 0.9242 1.5884
-0.6541 0.6973 1.5937
-0.5771 0.4706 1.5990
-0.4981 0.2437 1.6041
-0.4177 0.0165 1.6091
-0.3364 -0.2111 1.6139
-0.2545 -0.4393 1.6184
-0.1724 -0.6681 1.6229
-0.0903 -0.8976 1.6271
-0.0082 -1.1277 1.6311
0.0739 -1.3585 1.6348
0.1563 -1.5898 1.6384
0.2393 -1.8214 1.6418
0.3234 -2.0531 1.6449
0.4095 -2.2845 1.6478
0.4984 -2.5154 1.6504
0.5914 -2.7450 1.6528
0.6897 -2.9727 1.6549
0.7949 -3.1978 1.6567
0.9084 -3.4189 1.6583
1.0319 -3.6350 1.6596
1.1669 -3.8441 1.6606
1.3150 -4.0444 1.6613
1.4775 -4.2333 1.6616
1.6554 -4.4078 1.6616
1.8491 -4.5644 1.6613
2.0586 -4.6989 1.6605
2.2828 -4.8071 1.6595
2.5191 -4.8844 1.6582
2.7638 -4.9268 1.6567
3.0119 -4.9313 1.6552
3.2495 -4.9070 1.5233
3.4770 -4.9140 1.5131
3.6861 -4.8772 1.2465
3.8640 -4.8304 1.2177
4.0187 -4.7342 1.2168
4.1479 -4.6056 1.2198
4.2520 -4.4549 1.2248
4.3336 -4.2902 1.2291
4.3964 -4.1166 1.2326
4.4437 -3.9377 1.2354
4.4783 -3.7555 1.2378
4.5023 -3.5713 1.2400
4.5168 -3.3857 1.2420
4.5228 -3.1994 1.2441
4.5203 -3.0126 1.2461
4.5095 -2.8259 1.2483
4.4902 -2.6395 1.2504
4.4625 -2.4538 1.2527
4.4262 -2.2693 1.2551
4.3817 -2.0862 1.2576
4.3292 -1.9048 1.2602
4.2695 -1.7252 1.2630
4.2031 -1.5476 1.2660
4.1309 -1.3717 1.2692
4.0537 -1.1974 1.2730
3.9729 -1.0240 1.2772
3.8900 -0.8509 1.2817
3.8062 -0.6775 1.2863
3.7227 -0.5032 1.2909
3.6401 -0.3277 1.2956
3.5591 -0.1506 1.3002
3.4804 0.0282 1.3046
3.4044 0.2089 1.3088
3.3320 0.3917 1.3129
3.2638 0.5767 1.3169
3.2004 0.7641 1.3206
3.1427 0.9539 1.3242
3.0913 1.1460 1.3276
3.0470 1.3404 1.3309
3.0107 1.5369 1.3340
2.9831 1.7353 1.3369
2.9649 1.9352 1.3397
2.9570 2.1362 1.3423
2.9602 2.3376 1.3447
2.9751 2.5389 1.3470
3.0026 2.7392 1.3490
3.0435 2.9375 1.3510
3.0984 3.1327 1.3527
3.1680 3.3234 1.3543
3.2527 3.5080 1.3557
3.3531 3.6849 1.3570
3.4692 3.8521 1.3581
3.6009 4.0075 1.3591
3.7478 4.1489 1.3600
3.9089 4.2740 1.3608
4.0828 4.3807 1.3616
4.2679 4.4671 1.3623
4.4618 4.5313 1.3631
4.6621 4.5721 1.3639
4.8659 4.5887 1.3647
5.0704 4.5807 1.3657
5.2714 4.5434 1.3662
5.4681 4.4857 1.3677
5.6577 4.4074 1.3689
5.8382 4.3094 1.3703
6.0077 4.1931 1.3718
6.1648 4.0602 1.3734
6.3087 3.9127 1.3752
6.4387 3.7525 1.3770
6.5547 3.5814 1.3790
6.6566 3.4013 1.3812
6.7450 3.2138 1.3834
6.8203 3.0203 1.3857
6.8834 2.8221 1.3881
6.9350 2.6202 1.3906
6.9762 2.4156 1.3931
7.0080 2.2088 1.3958
7.0312 2.0005 1.3989
7.0471 1.7911 1.4024
7.0576 1.5807 1.4063
7.0650 1.3696 1.4102
7.0710 1.1578 1.4143
7.0775 0.9455 1.4183
7.0857 0.7326 1.4222
7.0967 0.5193 1.4260
7.1117 0.3056 1.4296
7.1318 0.0919 1.4330
7.1581 -0.1217 1.4362
7.1918 -0.3347 1.4393
7.2340 -0.5466 1.4422
7.2857 -0.7569 1.4449
7.3480 -0.9647 1.4476
7.4214 -1.1692 1.4501
7.5067 -1.3694 1.4525
7.6043 -1.5644 1.4549
7.7144 -1.7529 1.4572
7.8371 -1.9340 1.4594
7.9723 -2.1064 1.4617
8.1195 -2.2690 1.4639
8.2782 -2.4209 1.4661
8.4477 -2.5612 1.4683
8.6272 -2.6890 1.4705
8.8157 -2.8038 1.4728
9.0122 -2.9051 1.4752
9.2155 -2.9927 1.4776
9.4247 -3.0666 1.4801
9.6385 -3.1270 1.4827
9.8560 -3.1741 1.4853
10.0763 -3.2085 1.4881
10.2986 -3.2306 1.4909
10.5222 -3.2410 1.4938
10.7464 -3.2400 1.4968
10.9570 -3.2217 1.2310
11.1385 -3.1891 1.2327
11.3212 -3.1583 1.2373
11.5043 -3.1265 1.2419
11.6878 -3.0921 1.2467
11.8714 -3.0546 1.2517
12.0551 -3.0139 1.2568
12.2388 -2.9700 1.2618
12.4225 -2.9231 1.2667
12.6064 -2.8736 1.2715
12.7903 -2.8219 1.2761
12.9744 -2.7683 1.2805
13.1587 -2.7132 1.2848
13.3434 -2.6570 1.2889
13.5285 -2.6002 1.2928
13.7141 -2.5431 1.2965
13.9002 -2.4858 1.3000
14.0869 -2.4286 1.3033
14.2741 -2.3715 1.3064
14.4618 -2.3143 1.3092
14.6498 -2.2568 1.3118
14.8378 -2.1983 1.3142
15.0257 -2.1382 1.3163
15.2131 -2.0753 1.3181
15.3992 -2.0085 1.3197
15.5836 -1.9360 1.3209
15.7649 -1.8562 1.3217
15.9419 -1.7668 1.3222
16.1126 -1.6658 1.3223
16.2741 -1.5509 1.3218
16.4229 -1.4201 1.3208
16.5545 -1.2723 1.3192
16.6635 -1.1076 1.3171
16.7442 -0.9277 1.3146
16.7915 -0.7367 1.3121
16.8015 -0.5406 1.3098
16.7725 -0.3468 1.3079
16.7054 -0.1629 1.3066
16.6032 0.0039 1.3059
16.4709 0.1479 1.3059
16.3144 0.2653 1.3064
16.1399 0.3541 1.3073
15.9533 0.4141 1.3085
15.7598 0.4463 1.3099
15.5634 0.4527 1.3115
15.3674 0.4359 1.3132
15.1739 0.3987 1.3151
14.9842 0.3441 1.3171
14.7990 0.2750 1.3192
14.6183 0.1941 1.3213
14.4417 0.1038 1.3240
14.2682 0.0067 1.3270
14.0966 -0.0947 1.3302
13.9258 -0.1982 1.3336
13.7547 -0.3023 1.3370
13.5827 -0.4061 1.3404
13.4095 -0.5087 1.3437
13.2350 -0.6099 1.3468
13.0589 -0.7094 1.3498
12.8812 -0.8069 1.3525
12.7017 -0.9019 1.3549
12.5204 -0.9939 1.3571
12.3369 -1.0824 1.3590
12.1510 -1.1664 1.3606
11.9624 -1.2446 1.3618
11.7708 -1.3156 1.3628
11.5759 -1.3773 1.3633
11.3776 -1.4269 1.3634
11.1760 -1.4612 1.3629
10.9723 -1.4759 1.3617
10.7685 -1.4661 1.3598
10.5688 -1.4271 1.3569
10.3791 -1.3548 1.3533
10.2075 -1.2475 1.3494
10.0630 -1.1068 1.3457
9.9535 -0.9379 1.3427
9.8853 -0.7491 1.3405
9.8609 -0.5500 1.3393
9.8801 -0.3505 1.3390
9.9394 -0.1589 1.3395
10.0339 0.0182 1.3405
10.1576 0.1765 1.3418
10.3044 0.3141 1.3434
10.4691 0.4301 1.3451
10.6471 0.5253 1.3474
10.8339 0.6028 1.3504
11.0262 0.6671 1.3534
11.2214 0.7235 1.3562
11.4179 0.7772 1.3586
11.6142 0.8324 1.3606
11.8092 0.8929 1.3624
12.0018 0.9617 1.3639
12.1903 1.0414 1.3651
12.3728 1.1341 1.3661
12.5473 1.2417 1.3669
12.7111 1.3649 1.3677
12.8618 1.5041 1.3684
12.9970 1.6584 1.3693
13.1148 1.8267 1.3703
13.2138 2.0068 1.3715
13.2931 2.1966 1.3729
13.3525 2.3938 1.3745
13.3925 2.5961 1.3762
13.4139 2.8015 1.3781
13.4181 3.0083 1.3802
13.4063 3.2151 1.3823
13.3801 3.4209 1.3846
13.3413 3.6251 1.3870
13.2914 3.8273 1.3895
13.2319 4.0272 1.3922
13.1645 4.2251 1.3949
13.0905 4.4210 1.3978
13.0114 4.6154 1.4009
12.9281 4.8086 1.4044
12.8420 5.0012 1.4083
12.7539 5.1935 1.4125
12.6647 5.3861 1.4168
12.5748 5.5790 1.4213
12.4844 5.7725 1.4258
12.3933 5.9663 1.4301
12.3012 6.1604 1.4343
12.2078 6.3545 1.4383
12.1123 6.5483 1.4420
12.0141 6.7413 1.4456
11.9124 6.9331 1.4489
11.8062 7.1230 1.4521
11.6946 7.3104 1.4550
11.5767 7.4942 1.4578
11.4514 7.6737 1.4604
11.3180 7.8476 1.4628
11.1757 8.0148 1.4651
11.0240 8.1741 1.4672
10.8628 8.3241 1.4693
10.6929 8.4646 1.4711
10.5133 8.5930 1.4728
10.3243 8.7075 1.4746
10.1264 8.8065 1.4765
9.9207 8.8887 1.4786
9.7086 8.9541 1.4810
9.4918 9.0030 1.4836
9.2716 9.0365 1.4863
9.0493 9.0559 1.4890
8.8259 9.0617 1.4917
8.6021 9.0548 1.4944
8.3786 9.0356 1.4972
8.1559 9.0051 1.5002
7.9344 8.9642 1.5033
7.7143 8.9141 1.5065
7.4956 8.8563 1.5099
7.2781 8.7922 1.5134
7.0614 8.7235 1.5170
6.8452 8.6518 1.5208
6.6289 8.5784 1.5246
6.4121 8.5047 1.5286
6.1944 8.4318 1.5327
5.9754 8.3607 1.5371
5.7547 8.2926 1.5419
5.5323 8.2279 1.5471
5.3080 8.1666 1.5527
5.0821 8.1084 1.5584
4.8546 8.0526 1.5643
4.6259 7.9985 1.5701
4.3959 7.9455 1.5758
4.1650 7.8930 1.5813
3.9334 7.8404 1.5866
3.7010 7.7869 1.5917
3.4683 7.7320 1.5966
3.2354 7.6747 1.6013
3.0026 7.6143 1.6058
2.7702 7.5497 1.6101
2.5386 7.4800 1.6143
2.3084 7.4041 1.6183
2.0800 7.3208 1.6222
1.8543 7.2293 1.6260
1.6319 7.1285 1.6297
1.4136 7.0179 1.6333
1.2002 6.8971 1.6369
0.9923 6.7660 1.6403
0.7905 6.6248 1.6437
0.5954 6.4737 1.6470
0.4076 6.3129 1.6501
0.2277 6.1426 1.6531
0.0564 5.9630 1.6561
-0.1056 5.7744 1.6589
-0.2573 5.5770 1.6617
-0.3978 5.3709 1.6645
-0.5262 5.1566 1.6672
-0.6416 4.9345 1.6699
-0.7433 4.7054 1.6728
-0.8311 4.4702 1.6757
-0.9048 4.2297 1.6787
-0.9648 3.9849 1.6818
-1.0114 3.7368 1.6849
-1.0452 3.4861 1.6881
-1.0664 3.2336 1.6913
-1.0754 2.9798 1.6946
-1.0725 2.7254 1.6979
-1.0580 2.4709 1.7012
-1.0321 2.2168 1.7047
-0.9941 1.9637 1.7086
-0.9445 1.7119 1.7129
-0.8846 1.4617 1.7176
-0.8162 1.2130 1.7225
-0.7412 0.9653 1.7275
-0.6614 0.7184 1.7326
-0.5781 0.4718 1.7375
-0.4924 0.2253 1.7423
-0.4051 -0.0214 1.7469
-0.3167 -0.2684 1.7513
-0.2278 -0.5160 1.7555
-0.1387 -0.7641 1.7595
-0.0497 -1.0129 1.7632
0.0393 -1.2622 1.7668
0.1283 -1.5121 1.7701
0.2179 -1.7623 1.7731
0.3085 -2.0126 1.7759
0.4012 -2.2625 1.7785
0.4969 -2.5117 1.7807
0.5972 -2.7594 1.7828
0.7036 -3.0049 1.7845
0.8181 -3.2470 1.7859
0.9425 -3.4843 1.7870
1.0789 -3.7150 1.7878
1.2293 -3.9370 1.7882
1.3955 -4.1475 1.7882
1.5791 -4.3429 1.7878
1.7811 -4.5191 1.7870
2.0015 -4.6711 1.7857
2.2394 -4.7936 1.7840
2.4919 -4.8810 1.7819
2.7545 -4.9283 1.7797
3.0209 -4.9320 1.7773
3.2808 -4.8828 1.7609
3.5287 -4.7893 1.7677
3.7600 -4.6604 1.7659
3.9675 -4.4965 1.7644
4.1461 -4.3016 1.7634
4.2922 -4.0815 1.7629
4.4042 -3.8422 1.7629
4.4824 -3.5898 1.7633
4.5283 -3.3294 1.7641
4.5445 -3.0653 1.7652
4.5341 -2.8007 1.7666
4.5002 -2.5379 1.7681
4.4462 -2.2782 1.7699
4.3749 -2.0223 1.7719
4.2890 -1.7706 1.7743
4.1913 -1.5229 1.7772
4.0850 -1.2782 1.7803
3.9734 -1.0353 1.7837
3.8593 -0.7930 1.7871
3.7449 -0.5503 1.7905
3.6321 -0.3063 1.7939
3.5224 -0.0603 1.7970
3.4173 0.1882 1.7999
3.3187 0.4397 1.8026
3.2282 0.6947 1.8050
3.1476 0.9533 1.8072
3.0788 1.2156 1.8091
3.0237 1.4814 1.8108
2.9841 1.7502 1.8122
2.9619 2.0212 1.8133
2.9589 2.2932 1.8142
2.9769 2.5647 1.8148
3.0179 2.8337 1.8152
3.0836 3.0979 1.8152
3.1756 3.3540 1.8149
3.2952 3.5983 1.8143
3.4430 3.8265 1.8134
3.6188 4.0337 1.8122
3.8212 4.2147 1.8108
4.0475 4.3642 1.8093
4.2936 4.4778 1.8078
4.5541 4.5517 1.8064
4.8228 4.5837 1.8051
5.0930 4.5731 1.8040
5.3540 4.5067 1.8054
5.6066 4.4095 1.8051
5.8451 4.2818 1.8048
6.0655 4.1249 1.8047
6.2646 3.9417 1.8049
6.4402 3.7358 1.8055
6.5914 3.5112 1.8064
6.7182 3.2718 1.8076
6.8216 3.0211 1.8091
6.9032 2.7623 1.8108
6.9646 2.4976 1.8127
7.0077 2.2290 1.8152
7.0360 1.9580 1.8182
7.0539 1.6856 1.8213
7.0655 1.4125 1.8245
7.0744 1.1387 1.8276
7.0839 0.8645 1.8307
7.0964 0.5900 1.8335
7.1145 0.3153 1.8361
7.1406 0.0410 1.8385
7.1771 -0.2325 1.8406
7.2265 -0.5042 1.8424
7.2911 -0.7731 1.8441
7.3728 -1.0374 1.8456
7.4731 -1.2955 1.8470
7.5931 -1.5452 1.8482
7.7331 -1.7845 1.8494
7.8933 -2.0110 1.8505
8.0730 -2.2225 1.8516
8.2713 -2.4170 1.8527
8.4867 -2.5926 1.8539
8.7173 -2.7480 1.8552
8.9611 -2.8821 1.8566
9.2159 -2.9946 1.8581
9.4795 -3.0854 1.8598
9.7497 -3.1550 1.8616
10.0246 -3.2041 1.8635
10.3027 -3.2335 1.8655
10.5825 -3.2429 1.8680
10.8597 -3.2325 1.7421
11.1147 -3.1833 1.7371
11.3714 -3.1371 1.7409
11.6284 -3.0895 1.7446
11.8853 -3.0379 1.7484
12.1417 -2.9815 1.7521
12.3975 -2.9199 1.7557
12.6526 -2.8537 1.7590
12.9072 -2.7833 1.7622
13.1613 -2.7098 1.7651
13.4152 -2.6341 1.7677
13.6692 -2.5572 1.7701
13.9233 -2.4798 1.7723
14.1778 -2.4024 1.7741
14.4325 -2.3251 1.7756
14.6875 -2.2477 1.7768
14.9422 -2.1692 1.7777
15.1962 -2.0879 1.7782
15.4484 -2.0010 1.7784
15.6972 -1.9047 1.7781
15.9394 -1.7934 1.7769
16.1701 -1.6605 1.7746
16.3817 -1.4998 1.7707
16.5632 -1.3069 1.7651
16.7017 -1.0824 1.7583
16.7844 -0.8333 1.7510
16.8023 -0.5725 1.7440
16.7522 -0.3170 1.7380
16.6380 -0.0838 1.7334
16.4694 0.1130 1.7301
16.2595 0.2643 1.7281
16.0219 0.3665 1.7272
15.7689 0.4203 1.7270
15.5103 0.4295 1.7275
15.2530 0.3997 1.7285
15.0014 0.3374 1.7297
14.7577 0.2484 1.7317
14.5217 0.1395 1.7341
14.2919 0.0173 1.7366
14.0658 -0.1125 1.7392
13.8415 -0.2461 1.7416
13.6173 -0.3805 1.7439
13.3922 -0.5139 1.7459
13.1655 -0.6454 1.7478
12.9369 -0.7740 1.7493
12.7061 -0.8990 1.7504
12.4728 -1.0195 1.7513
12.2365 -1.1345 1.7518
11.9969 -1.2423 1.7519
11.7529 -1.3399 1.7515
11.5036 -1.4225 1.7505
11.2484 -1.4827 1.7481
10.9881 -1.5104 1.7440
10.7278 -1.4946 1.7379
10.4776 -1.4254 1.7301
10.2530 -1.2982 1.7214
10.0714 -1.1166 1.7131
9.9482 -0.8927 1.7061
9.8924 -0.6443 1.7009
9.9051 -0.3905 1.6975
9.9810 -0.1482 1.6957
10.1104 0.0700 1.6946
10.2828 0.2562 1.6943
10.4867 0.4075 1.6960
10.7111 0.5273 1.6985
10.9475 0.6228 1.7012
11.1900 0.7024 1.7035
11.4352 0.7751 1.7053
11.6802 0.8489 1.7066
11.9228 0.9308 1.7073
12.1601 1.0270 1.7075
12.3885 1.1426 1.7071
12.6036 1.2812 1.7065
12.8003 1.4446 1.7058
12.9742 1.6320 1.7052
13.1212 1.8411 1.7050
13.2389 2.0679 1.7051
13.3262 2.3082 1.7056
13.3835 2.5574 1.7064
13.4123 2.8117 1.7076
13.4148 3.0678 1.7090
13.3939 3.3234 1.7107
13.3523 3.5767 1.7126
13.2933 3.8268 1.7147
13.2196 4.0733 1.7169
13.1342 4.3165 1.7195
13.0393 4.5566 1.7225
12.9378 4.7944 1.7258
12.8318 5.0309 1.7294
12.7233 5.2668 1.7331
12.6134 5.5027 1.7368
12.5025 5.7387 1.7405
12.3907 5.9750 1.7440
12.2777 6.2112 1.7474
12.1626 6.4469 1.7505
12.0444 6.6816 1.7533
11.9217 6.9145 1.7560
11.7930 7.1444 1.7583
11.6565 7.3703 1.7605
11.5106 7.5906 1.7624
11.3537 7.8034 1.7640
11.1843 8.0068 1.7655
11.0024 8.1993 1.7669
10.8068 8.3783 1.7678
10.5969 8.5402 1.7688
10.3728 8.6822 1.7698
10.1360 8.8021 1.7710
9.8886 8.8989 1.7725
9.6330 8.9724 1.7742
9.3718 9.0235 1.7761
9.1070 9.0538 1.7782
8.8404 9.0643 1.7803
8.5733 9.0561 1.7825
8.3071 9.0304 1.7849
8.0424 8.9888 1.7875
7.7799 8.9333 1.7903
7.5197 8.8664 1.7933
7.2613 8.7905 1.7965
7.0044 8.7084 1.7999
6.7482 8.6226 1.8033
6.4919 8.5352 1.8069
6.2348 8.4486 1.8108
5.9761 8.3647 1.8151
5.7155 8.2848 1.8197
5.4527 8.2094 1.8247
5.1881 8.1382 1.8298
4.9217 8.0706 1.8350
4.6538 8.0058 1.8401
4.3846 7.9428 1.8451
4.1146 7.8807 1.8499
3.8438 7.8186 1.8545
3.5726 7.7552 1.8588
3.3013 7.6894 1.8629
3.0304 7.6198 1.8668
2.7603 7.5449 1.8705
2.4916 7.4630 1.8741
2.2252 7.3726 1.8774
1.9620 7.2718 1.8807
1.7030 7.1595 1.8838
1.4494 7.0345 1.8868
1.2022 6.8963 1.8897
0.9624 6.7448 1.8924
0.7310 6.5801 1.8951
0.5090 6.4023 1.8976
0.2972 6.2120 1.9001
0.0966 6.0093 1.9024
-0.0915 5.7946 1.9046
-0.2659 5.5681 1.9068
-0.4252 5.3304 1.9089
-0.5681 5.0821 1.9111
-0.6934 4.8242 1.9133
-0.8007 4.5579 1.9157
-0.8898 4.2846 1.9181
-0.9610 4.0057 1.9206
-1.0149 3.7225 1.9233
-1.0520 3.4363 1.9260
-1.0728 3.1479 1.9287
-1.0777 2.8585 1.9315
-1.0672 2.5688 1.9344
-1.0409 2.2796 1.9375
-0.9987 1.9918 1.9411
-0.9419 1.7060 1.9451
-0.8728 1.4222 1.9494
-0.7938 1.1403 1.9539
-0.7074 0.8599 1.9583
-0.6157 0.5805 1.9628
-0.5202 0.3017 1.9670
-0.4222 0.0231 1.9711
-0.3227 -0.2557 1.9749
-0.2224 -0.5347 1.9785
-0.1220 -0.8142 1.9819
-0.0216 -1.0943 1.9850
0.0786 -1.3749 1.9878
0.1791 -1.6558 1.9904
0.2804 -1.9369 1.9927
0.3837 -2.2175 1.9947
0.4903 -2.4972 1.9964
0.6022 -2.7751 1.9979
0.7217 -3.0500 1.9989
0.8513 -3.3204 1.9997
0.9940 -3.5843 2.0000
1.1526 -3.8389 1.9998
1.3300 -4.0806 1.9992
1.5288 -4.3049 1.9980
1.7506 -4.5060 1.9961
1.9958 -4.6770 1.9936
2.2628 -4.8105 1.9905
2.5473 -4.8991 1.9868
2.8423 -4.9363 1.9829
3.1354 -4.9178 1.8490
3.4016 -4.8461 1.8382
3.6526 -4.7332 1.8356
3.8802 -4.5791 1.8337
4.0781 -4.3888 1.8322
4.2420 -4.1686 1.8313
4.3696 -3.9257 1.8309
4.4608 -3.6669 1.8310
4.5172 -3.3982 1.8315
4.5411 -3.1246 1.8323
4.5359 -2.8498 1.8335
4.5050 -2.5766 1.8348
4.4519 -2.3065 1.8364
4.3798 -2.0405 1.8383
4.2916 -1.7791 1.8406
4.1905 -1.5220 1.8434
4.0804 -1.2681 1.8465
3.9647 -1.0162 1.8497
3.8465 -0.7649 1.8530
3.7281 -0.5131 1.8562
3.6116 -0.2600 1.8593
3.4986 -0.0048 1.8622
3.3911 0.2533 1.8648
3.2910 0.5146 1.8672
3.2001 0.7797 1.8694
3.1205 1.0487 1.8713
3.0543 1.3216 1.8729
3.0035 1.5979 1.8742
2.9703 1.8771 1.8753
2.9565 2.1581 1.8761
2.9643 2.4393 1.8766
2.9958 2.7190 1.8768
3.0529 2.9945 1.8766
3.1375 3.2629 1.8762
3.2512 3.5201 1.8754
3.3949 3.7616 1.8742
3.5687 3.9822 1.8728
3.7714 4.1761 1.8711
4.0004 4.3377 1.8693
4.2514 4.4618 1.8673
4.5186 4.5441 1.8655
4.7954 4.5819 1.8638
5.0745 4.5743 1.8624
5.3398 4.5007 1.8430
5.5948 4.3908 1.8523
5.8389 4.2584 1.8517
6.0660 4.0990 1.8512
6.2720 3.9130 1.8509
6.4536 3.7032 1.8511
6.6090 3.4732 1.8518
6.7380 3.2273 1.8528
6.8415 2.9694 1.8541
6.9214 2.7030 1.8557
6.9795 2.4307 1.8578
7.0188 2.1546 1.8605
7.0438 1.8765 1.8634
7.0593 1.5972 1.8665
7.0695 1.3171 1.8696
7.0783 1.0366 1.8726
7.0886 0.7557 1.8755
7.1033 0.4746 1.8781
7.1249 0.1935 1.8805
7.1561 -0.0870 1.8826
7.1995 -0.3661 1.8845
7.2576 -0.6429 1.8861
7.3326 -0.9157 1.8876
7.4264 -1.1829 1.8889
7.5404 -1.4423 1.8900
7.6752 -1.6917 1.8911
7.8312 -1.9286 1.8920
8.0079 -2.1506 1.8930
8.2044 -2.3556 1.8940
8.4193 -2.5413 1.8950
8.6508 -2.7063 1.8961
8.8966 -2.8494 1.8974
9.1545 -2.9698 1.8987
9.4220 -3.0676 1.9003
9.6969 -3.1431 1.9019
9.9771 -3.1971 1.9038
10.2608 -3.2303 1.9057
10.5465 -3.2426 1.9080
10.8298 -3.2339 1.7822
11.0920 -3.1921 1.7740