x y v
9.2125 9.0033 1.3004
9.0179 9.0185 1.3024
8.8225 9.0260 1.3045
8.6267 9.0252 1.3067
8.4308 9.0157 1.3089
8.2352 8.9973 1.3112
8.0402 8.9702 1.3136
7.8461 8.9349 1.3162
7.6532 8.8923 1.3188
7.4613 8.8434 1.3215
7.2704 8.7892 1.3243
7.0803 8.7309 1.3272
6.8906 8.6696 1.3302
6.7011 8.6066 1.3333
6.5113 8.5427 1.3364
6.3211 8.4789 1.3395
6.1300 8.4158 1.3428
5.9381 8.3540 1.3461
5.7450 8.2941 1.3497
5.5506 8.2365 1.3536
5.3548 8.1814 1.3578
5.1577 8.1288 1.3621
4.9594 8.0784 1.3666
4.7599 8.0298 1.3712
4.5594 7.9826 1.3757
4.3579 7.9363 1.3802
4.1556 7.8906 1.3846
3.9527 7.8449 1.3888
3.7492 7.7989 1.3930
3.5453 7.7518 1.3969
3.3412 7.7032 1.4008
3.1370 7.6525 1.4045
2.9330 7.5990 1.4081
2.7293 7.5420 1.4116
2.5263 7.4809 1.4150
2.3243 7.4149 1.4183
2.1237 7.3433 1.4215
1.9250 7.2654 1.4246
1.7287 7.1805 1.4277
1.5352 7.0882 1.4307
1.3451 6.9880 1.4337
1.1590 6.8799 1.4367
0.9773 6.7637 1.4395
0.8004 6.6395 1.4424
0.6288 6.5075 1.4451
0.4627 6.3678 1.4478
0.3027 6.2207 1.4504
0.1492 6.0663 1.4529
0.0026 5.9048 1.4553
-0.1364 5.7364 1.4577
-0.2674 5.5611 1.4600
-0.3896 5.3792 1.4624
-0.5026 5.1910 1.4647
-0.6057 4.9968 1.4670
-0.6985 4.7971 1.4693
-0.7807 4.5925 1.4717
-0.8522 4.3834 1.4742
-0.9131 4.1707 1.4767
-0.9635 3.9548 1.4792
-1.0037 3.7364 1.4818
-1.0339 3.5160 1.4845
-1.0543 3.2941 1.4871
-1.0651 3.0711 1.4898
-1.0666 2.8475 1.4925
-1.0589 2.6236 1.4952
-1.0423 2.3997 1.4979
-1.0170 2.1763 1.5007
-0.9832 1.9535 1.5037
-0.9412 1.7317 1.5069
-0.8912 1.5109 1.5104
-0.8344 1.2914 1.5141
-0.7718 1.0727 1.5180
-0.7045 0.8549 1.5219
-0.6336 0.6376 1.5258
-0.5601 0.4206 1.5297
-0.4846 0.2036 1.5334
-0.4076 -0.0135 1.5370
-0.3298 -0.2308 1.5405
-0.2515 -0.4484 1.5438
-0.1730 -0.6666 1.5470
-0.0946 -0.8852 1.5501
-0.0163 -1.1043 1.5530
0.0619 -1.3240 1.5558
0.1401 -1.5441 1.5584
0.2186 -1.7645 1.5608
0.2979 -1.9850 1.5631
0.3785 -2.2053 1.5653
0.4612 -2.4252 1.5672
0.5471 -2.6442 1.5690
0.6372 -2.8618 1.5706
0.7327 -3.0772 1.5720
0.8350 -3.2897 1.5731
0.9456 -3.4983 1.5741
1.0657 -3.7016 1.5748
1.1969 -3.8981 1.5753
1.3402 -4.0859 1.5756
1.4968 -4.2629 1.5756
1.6674 -4.4263 1.5753
1.8524 -4.5731 1.5748
2.0516 -4.6998 1.5740
2.2638 -4.8026 1.5729
2.4872 -4.8779 1.5716
2.7184 -4.9220 1.5702
2.9534 -4.9324 1.5687
3.1870 -4.9072 1.5659
3.4137 -4.8465 1.5656
3.6282 -4.7516 1.5646
3.8255 -4.6250 1.5638
4.0015 -4.4704 1.5634
4.1534 -4.2919 1.5633
4.2793 -4.0943 1.5634
4.3787 -3.8821 1.5638
4.4519 -3.6593 1.5644
4.5000 -3.4297 1.5652
4.5246 -3.1962 1.5661
4.5276 -2.9613 1.5672
4.5111 -2.7268 1.5684
4.4773 -2.4939 1.5698
4.4283 -2.2635 1.5713
4.3662 -2.0361 1.5729
4.2931 -1.8116 1.5746
4.2105 -1.5902 1.5766
4.1202 -1.3715 1.5789
4.0244 -1.1547 1.5814
3.9251 -0.9391 1.5839
3.8239 -0.7239 1.5866
3.7225 -0.5084 1.5892
3.6222 -0.2919 1.5917
3.5242 -0.0740 1.5941
3.4298 0.1459 1.5963
3.3401 0.3681 1.5984
3.2565 0.5929 1.6003
3.1803 0.8207 1.6020
3.1127 1.0514 1.6036
3.0551 1.2850 1.6050
3.0088 1.5214 1.6063
2.9751 1.7600 1.6074
2.9554 2.0003 1.6083
2.9507 2.2415 1.6091
2.9626 2.4826 1.6096
2.9921 2.7222 1.6100
3.0405 2.9588 1.6102
3.1089 3.1903 1.6103
3.1984 3.4146 1.6101
3.3097 3.6288 1.6097
3.4432 3.8298 1.6092
3.5986 4.0142 1.6084
3.7751 4.1783 1.6076
3.9710 4.3186 1.6066
4.1837 4.4314 1.6057
4.4096 4.5140 1.6047
4.6448 4.5642 1.6039
4.8845 4.5808 1.6031
5.1211 4.5631 1.4742
5.3294 4.4953 1.4712
5.5359 4.4175 1.4713
5.7345 4.3214 1.4714
5.9229 4.2065 1.4716
6.0987 4.0732 1.4720
6.2601 3.9226 1.4726
6.4056 3.7564 1.4734
6.5345 3.5769 1.4744
6.6466 3.3863 1.4756
6.7424 3.1867 1.4769
6.8226 2.9801 1.4784
6.8884 2.7683 1.4800
6.9410 2.5525 1.4817
6.9820 2.3339 1.4836
7.0127 2.1134 1.4856
7.0346 1.8915 1.4880
7.0496 1.6686 1.4906
7.0601 1.4451 1.4933
7.0679 1.2210 1.4960
7.0751 0.9965 1.4988
7.0833 0.7716 1.5014
7.0941 0.5465 1.5040
7.1088 0.3212 1.5064
7.1290 0.0960 1.5086
7.1560 -0.1288 1.5107
7.1914 -0.3528 1.5127
7.2364 -0.5753 1.5145
7.2922 -0.7957 1.5163
7.3599 -1.0129 1.5179
7.4403 -1.2260 1.5194
7.5339 -1.4339 1.5209
7.6413 -1.6352 1.5223
7.7623 -1.8289 1.5237
7.8971 -2.0136 1.5251
8.0452 -2.1880 1.5264
8.2060 -2.3511 1.5278
8.3788 -2.5017 1.5292
8.5626 -2.6390 1.5306
8.7563 -2.7623 1.5321
8.9588 -2.8711 1.5336
9.1688 -2.9653 1.5352
9.3850 -3.0446 1.5369
9.6064 -3.1094 1.5386
9.8316 -3.1600 1.5404
10.0599 -3.1968 1.5423
10.2901 -3.2205 1.5443
10.5216 -3.2316 1.5463
10.7537 -3.2306 1.5485
10.9716 -3.2106 1.2750
11.1576 -3.1665 1.2794
11.3467 -3.1322 1.2826
11.5365 -3.0993 1.2860
11.7266 -3.0655 1.2894
11.9169 -3.0294 1.2929
12.1071 -2.9902 1.2964
12.2971 -2.9476 1.2998
12.4868 -2.9015 1.3032
12.6763 -2.8523 1.3064
12.8654 -2.8002 1.3096
13.0544 -2.7458 1.3126
13.2433 -2.6896 1.3154
13.4323 -2.6321 1.3181
13.6214 -2.5738 1.3207
13.8108 -2.5151 1.3231
14.0006 -2.4564 1.3254
14.1907 -2.3979 1.3275
14.3813 -2.3395 1.3294
14.5721 -2.2811 1.3312
14.7630 -2.2222 1.3327
14.9538 -2.1622 1.3341
15.1441 -2.1001 1.3352
15.3335 -2.0346 1.3362
15.5212 -1.9643 1.3368
15.7063 -1.8872 1.3372
15.8875 -1.8011 1.3372
16.0629 -1.7039 1.3369
16.2298 -1.5931 1.3360
16.3849 -1.4664 1.3346
16.5234 -1.3223 1.3326
16.6400 -1.1604 1.3300
16.7288 -0.9823 1.3270
16.7840 -0.7916 1.3240
16.8015 -0.5943 1.3211
16.7791 -0.3979 1.3187
16.7173 -0.2105 1.3169
16.6191 -0.0396 1.3158
16.4895 0.1088 1.3154
16.3345 0.2305 1.3154
16.1607 0.3233 1.3159
15.9740 0.3870 1.3168
15.7798 0.4225 1.3178
15.5824 0.4320 1.3190
15.3850 0.4181 1.3204
15.1899 0.3837 1.3218
14.9985 0.3319 1.3233
14.8113 0.2655 1.3249
14.6285 0.1874 1.3265
14.4496 0.1000 1.3284
14.2740 0.0056 1.3305
14.1006 -0.0936 1.3328
13.9285 -0.1956 1.3350
13.7567 -0.2990 1.3373
13.5847 -0.4024 1.3396
13.4119 -0.5053 1.3418
13.2380 -0.6069 1.3438
13.0628 -0.7069 1.3457
12.8861 -0.8048 1.3474
12.7079 -0.9003 1.3489
12.5278 -0.9927 1.3502
12.3457 -1.0816 1.3512
12.1614 -1.1660 1.3521
11.9745 -1.2448 1.3527
11.7847 -1.3166 1.3530
11.5917 -1.3794 1.3530
11.3954 -1.4306 1.3526
11.1959 -1.4670 1.3517
10.9941 -1.4844 1.3501
10.7919 -1.4781 1.3478
10.5933 -1.4430 1.3446
10.4040 -1.3749 1.3407
10.2320 -1.2720 1.3364
10.0861 -1.1356 1.3323
9.9745 -0.9707 1.3289
9.9032 -0.7852 1.3264
9.8753 -0.5887 1.3249
9.8903 -0.3910 1.3243
9.9451 -0.2004 1.3245
10.0347 -0.0233 1.3252
10.1534 0.1360 1.3263
10.2951 0.2755 1.3276
10.4545 0.3948 1.3291
10.6270 0.4948 1.3309
10.8086 0.5779 1.3330
10.9962 0.6477 1.3352
11.1872 0.7084 1.3373
11.3799 0.7644 1.3392
11.5731 0.8200 1.3407
11.7654 0.8791 1.3420
11.9557 0.9449 1.3429
12.1425 1.0204 1.3436
12.3239 1.1082 1.3441
12.4978 1.2102 1.3445
12.6618 1.3275 1.3447
12.8134 1.4605 1.3450
12.9503 1.6086 1.3454
13.0706 1.7705 1.3460
13.1729 1.9446 1.3468
13.2563 2.1285 1.3477
13.3207 2.3201 1.3488
13.3663 2.5173 1.3501
13.3939 2.7179 1.3515
13.4046 2.9204 1.3530
13.3998 3.1234 1.3546
13.3808 3.3258 1.3563
13.3492 3.5268 1.3581
13.3065 3.7261 1.3599
13.2541 3.9234 1.3619
13.1935 4.1186 1.3639
13.1260 4.3119 1.3660
13.0528 4.5035 1.3682
12.9751 4.6936 1.3706
12.8939 4.8827 1.3733
12.8101 5.0711 1.3763
12.7245 5.2592 1.3794
12.6378 5.4473 1.3826
12.5502 5.6356 1.3858
12.4621 5.8242 1.3891
12.3733 6.0129 1.3923
12.2836 6.2017 1.3953
12.1925 6.3904 1.3982
12.0996 6.5787 1.4009
12.0042 6.7662 1.4035
11.9054 6.9523 1.4060
11.8025 7.1365 1.4083
11.6944 7.3182 1.4104
11.5803 7.4965 1.4124
11.4591 7.6705 1.4143
11.3302 7.8391 1.4160
11.1928 8.0012 1.4177
11.0464 8.1556 1.4192
10.8908 8.3010 1.4207
10.7264 8.4367 1.4220
10.5531 8.5611 1.4232
10.3712 8.6729 1.4246
10.1811 8.7707 1.4260
9.9839 8.8537 1.4276
9.7807 8.9216 1.4293
9.5729 8.9745 1.4311
9.3616 9.0130 1.4331
9.1479 9.0379 1.4352
8.9329 9.0499 1.4372
8.7172 9.0495 1.4392
8.5015 9.0374 1.4414
8.2864 9.0143 1.4436
8.0722 8.9812 1.4459
7.8593 8.9392 1.4483
7.6476 8.8895 1.4508
7.4372 8.8333 1.4534
7.2278 8.7721 1.4560
7.0191 8.7070 1.4588
6.8107 8.6395 1.4617
6.6024 8.5705 1.4646
6.3937 8.5012 1.4676
6.1843 8.4325 1.4706
5.9740 8.3651 1.4739
5.7625 8.2999 1.4774
5.5496 8.2372 1.4812
5.3353 8.1774 1.4853
5.1196 8.1204 1.4895
4.9027 8.0657 1.4937
4.6846 8.0130 1.4980
4.4655 7.9617 1.5023
4.2455 7.9114 1.5065
4.0248 7.8614 1.5105
3.8036 7.8112 1.5144
3.5819 7.7601 1.5181
3.3601 7.7073 1.5217
3.1384 7.6522 1.5252
2.9169 7.5939 1.5286
2.6960 7.5315 1.5318
2.4761 7.4641 1.5349
2.2576 7.3908 1.5379
2.0410 7.3107 1.5408
1.8270 7.2229 1.5437
1.6162 7.1267 1.5465
1.4092 7.0216 1.5493
1.2066 6.9073 1.5520
1.0091 6.7837 1.5546
0.8173 6.6508 1.5572
0.6316 6.5089 1.5596
0.4525 6.3582 1.5621
0.2805 6.1988 1.5644
0.1162 6.0311 1.5666
-0.0398 5.8552 1.5688
-0.1868 5.6712 1.5710
-0.3240 5.4795 1.5731
-0.4507 5.2803 1.5751
-0.5662 5.0740 1.5772
-0.6700 4.8612 1.5794
-0.7615 4.6426 1.5815
-0.8407 4.4188 1.5838
-0.9076 4.1907 1.5861
-0.9625 3.9591 1.5885
-1.0055 3.7246 1.5909
-1.0371 3.4879 1.5933
-1.0574 3.2496 1.5958
-1.0667 3.0102 1.5983
-1.0653 2.7703 1.6008
-1.0535 2.5303 1.6033
-1.0314 2.2907 1.6059
-0.9994 2.0517 1.6087
-0.9576 1.8139 1.6117
-0.9067 1.5773 1.6151
-0.8476 1.3421 1.6186
-0.7818 1.1081 1.6223
-0.7106 0.8751 1.6260
-0.6352 0.6429 1.6297
-0.5568 0.4111 1.6333
-0.4762 0.1794 1.6368
-0.3940 -0.0522 1.6401
-0.3110 -0.2840 1.6433
-0.2275 -0.5162 1.6464
-0.1438 -0.7488 1.6493
-0.0603 -0.9819 1.6521
0.0231 -1.2155 1.6547
0.1063 -1.4495 1.6572
0.1897 -1.6839 1.6595
0.2737 -1.9184 1.6616
0.3590 -2.1527 1.6635
0.4464 -2.3866 1.6653
0.5370 -2.6195 1.6668
0.6322 -2.8508 1.6682
0.7334 -3.0797 1.6694
0.8422 -3.3053 1.6703
0.9603 -3.5263 1.6709
1.0893 -3.7412 1.6714
1.2309 -3.9480 1.6715
1.3866 -4.1445 1.6714
1.5575 -4.3278 1.6710
1.7444 -4.4946 1.6702
1.9475 -4.6409 1.6691
2.1662 -4.7623 1.6677
2.3984 -4.8544 1.6660
2.6410 -4.9129 1.6641
2.8893 -4.9343 1.6621
3.1372 -4.9155 1.6485
3.3743 -4.8462 1.6508
3.6016 -4.7488 1.6489
3.8113 -4.6184 1.6474
3.9985 -4.4575 1.6463
4.1591 -4.2703 1.6456
4.2908 -4.0618 1.6453
4.3926 -3.8372 1.6454
4.4649 -3.6014 1.6458
4.5093 -3.3586 1.6464
4.5279 -3.1124 1.6473
4.5231 -2.8654 1.6483
4.4975 -2.6195 1.6495
4.4539 -2.3759 1.6508
4.3946 -2.1354 1.6522
4.3222 -1.8983 1.6538
4.2386 -1.6646 1.6557
4.1460 -1.4340 1.6578
4.0468 -1.2058 1.6601
3.9433 -0.9791 1.6626
3.8374 -0.7531 1.6650
3.7311 -0.5269 1.6675
3.6258 -0.2998 1.6698
3.5230 -0.0712 1.6721
3.4241 0.1594 1.6741
3.3305 0.3926 1.6760
3.2437 0.6287 1.6777
3.1652 0.8679 1.6792
3.0966 1.1103 1.6806
3.0392 1.3558 1.6817
2.9947 1.6042 1.6827
2.9645 1.8548 1.6835
2.9501 2.1069 1.6841
2.9530 2.3595 1.6846
2.9745 2.6113 1.6848
3.0161 2.8605 1.6849
3.0791 3.1051 1.6847
3.1649 3.3427 1.6843
3.2742 3.5703 1.6837
3.4078 3.7844 1.6829
3.5656 3.9811 1.6818
3.7466 4.1565 1.6806
3.9491 4.3061 1.6794
4.1702 4.4262 1.6780
4.4060 4.5133 1.6767
4.6518 4.5651 1.6755
4.9024 4.5801 1.6745
5.1526 4.5592 1.6825
5.4002 4.5165 1.6734
5.6351 4.4289 1.6731
5.8542 4.3070 1.6734
6.0549 4.1564 1.6738
6.2358 3.9825 1.6744
6.3964 3.7894 1.6751
6.5368 3.5811 1.6759
6.6576 3.3607 1.6768
6.7596 3.1308 1.6779
6.8438 2.8936 1.6790
6.9115 2.6509 1.6804
6.9641 2.4043 1.6819
7.0028 2.1549 1.6837
7.0300 1.9037 1.6858
7.0484 1.6513 1.6882
7.0609 1.3982 1.6906
7.0704 1.1447 1.6929
7.0794 0.8907 1.6952
7.0903 0.6365 1.6974
7.1053 0.3822 1.6995
7.1265 0.1280 1.7013
7.1561 -0.1256 1.7030
7.1962 -0.3780 1.7045
7.2487 -0.6283 1.7058
7.3152 -0.8754 1.7070
7.3972 -1.1180 1.7081
7.4956 -1.3546 1.7091
7.6112 -1.5834 1.7101
7.7441 -1.8028 1.7109
7.8943 -2.0109 1.7118
8.0612 -2.2061 1.7127
8.2439 -2.3866 1.7136
8.4414 -2.5511 1.7145
8.6521 -2.6985 1.7155
8.8745 -2.8280 1.7166
9.1069 -2.9391 1.7177
9.3473 -3.0316 1.7190
9.5943 -3.1060 1.7204
9.8461 -3.1625 1.7219
10.1015 -3.2019 1.7235
10.3590 -3.2251 1.7251
10.6178 -3.2323 1.7270
10.8768 -3.2232 1.7260
11.1335 -3.1883 1.7302
11.3904 -3.1502 1.7328
11.6466 -3.1053 1.7353
11.9018 -3.0533 1.7379
12.1561 -2.9949 1.7404
12.4093 -2.9307 1.7428
12.6617 -2.8618 1.7450
12.9133 -2.7891 1.7471
13.1644 -2.7137 1.7490
13.4153 -2.6367 1.7507
13.6663 -2.5589 1.7522
13.9175 -2.4813 1.7534
14.1691 -2.4042 1.7545
14.4210 -2.3279 1.7553
14.6731 -2.2520 1.7559
14.9252 -2.1755 1.7563
15.1767 -2.0969 1.7564
15.4265 -2.0133 1.7561
15.6731 -1.9209 1.7555
15.9137 -1.8142 1.7540
16.1436 -1.6869 1.7515
16.3557 -1.5326 1.7476
16.5398 -1.3470 1.7421
16.6836 -1.1300 1.7354
16.7746 -0.8874 1.7281
16.8032 -0.6310 1.7210
16.7651 -0.3769 1.7147
16.6631 -0.1420 1.7097
16.5058 0.0594 1.7062
16.3054 0.2174 1.7039
16.0755 0.3277 1.7027
15.8284 0.3904 1.7023
15.5740 0.4091 1.7025
15.3196 0.3891 1.7032
15.0696 0.3367 1.7041
14.8264 0.2580 1.7053
14.5905 0.1590 1.7069
14.3610 0.0454 1.7086
14.1360 -0.0777 1.7103
13.9139 -0.2062 1.7119
13.6929 -0.3372 1.7133
13.4718 -0.4684 1.7146
13.2498 -0.5984 1.7157
13.0263 -0.7262 1.7166
12.8009 -0.8509 1.7173
12.5734 -0.9717 1.7177
12.3433 -1.0877 1.7178
12.1103 -1.1976 1.7177
11.8737 -1.2994 1.7172
11.6324 -1.3893 1.7162
11.3856 -1.4616 1.7143
11.1330 -1.5079 1.7111
10.8772 -1.5180 1.7060
10.6248 -1.4813 1.6992
10.3880 -1.3903 1.6910
10.1827 -1.2437 1.6824
10.0256 -1.0480 1.6746
9.9296 -0.8173 1.6682
9.9005 -0.5699 1.6638
9.9367 -0.3239 1.6611
10.0309 -0.0939 1.6599
10.1725 0.1103 1.6595
10.3508 0.2835 1.6599
10.5552 0.4254 1.6613
10.7767 0.5397 1.6631
11.0083 0.6326 1.6650
11.2453 0.7116 1.6666
11.4846 0.7844 1.6679
11.7235 0.8587 1.6686
11.9598 0.9413 1.6688
12.1904 1.0383 1.6684
12.4118 1.1548 1.6676
12.6193 1.2940 1.6665
12.8085 1.4571 1.6655
12.9750 1.6430 1.6647
13.1153 1.8493 1.6642
13.2275 2.0721 1.6641
13.3108 2.3073 1.6644
13.3659 2.5507 1.6649
13.3942 2.7987 1.6657
13.3980 3.0485 1.6667
13.3797 3.2979 1.6679
13.3421 3.5453 1.6692
13.2880 3.7898 1.6707
13.2200 4.0311 1.6724
13.1406 4.2692 1.6741
13.0522 4.5044 1.6762
12.9568 4.7372 1.6785
12.8566 4.9684 1.6810
12.7531 5.1985 1.6836
12.6477 5.4282 1.6862
12.5411 5.6578 1.6889
12.4335 5.8874 1.6914
12.3249 6.1169 1.6939
12.2148 6.3460 1.6961
12.1023 6.5744 1.6982
11.9863 6.8013 1.7001
11.8653 7.0260 1.7019
11.7380 7.2474 1.7034
11.6024 7.4641 1.7048
11.4572 7.6746 1.7060
11.3007 7.8771 1.7070
11.1318 8.0696 1.7078
10.9503 8.2504 1.7085
10.7556 8.4170 1.7091
10.5475 8.5667 1.7097
10.3269 8.6974 1.7104
10.0953 8.8077 1.7112
9.8546 8.8969 1.7122
9.6070 8.9649 1.7135
9.3543 9.0125 1.7149
9.0986 9.0408 1.7163
8.8413 9.0507 1.7178
8.5837 9.0432 1.7195
8.3267 9.0195 1.7212
8.0713 8.9813 1.7232
7.8177 8.9304 1.7252
7.5662 8.8690 1.7274
7.3165 8.7993 1.7298
7.0681 8.7236 1.7322
6.8206 8.6439 1.7348
6.5733 8.5622 1.7374
6.3257 8.4802 1.7401
6.0773 8.3996 1.7431
5.8274 8.3216 1.7464
5.5760 8.2471 1.7499
5.3230 8.1764 1.7535
5.0684 8.1092 1.7572
4.8124 8.0450 1.7610
4.5553 7.9834 1.7647
4.2972 7.9234 1.7684
4.0383 7.8643 1.7718
3.7790 7.8050 1.7752
3.5194 7.7446 1.7783
3.2599 7.6819 1.7813
3.0009 7.6155 1.7842
2.7427 7.5442 1.7869
2.4860 7.4664 1.7895
2.2315 7.3806 1.7920
1.9799 7.2855 1.7944
1.7322 7.1797 1.7967
1.4894 7.0625 1.7989
1.2524 6.9332 1.8010
1.0222 6.7916 1.8030
0.7996 6.6377 1.8050
0.5855 6.4719 1.8069
0.3805 6.2944 1.8087
0.1856 6.1055 1.8105
0.0016 5.9056 1.8122
-0.1703 5.6950 1.8138
-0.3291 5.4740 1.8153
-0.4737 5.2432 1.8169
-0.6031 5.0033 1.8185
-0.7166 4.7551 1.8202
-0.8138 4.4999 1.8219
-0.8948 4.2388 1.8238
-0.9598 3.9730 1.8257
-1.0092 3.7035 1.8276
-1.0435 3.4314 1.8296
-1.0631 3.1575 1.8317
-1.0683 2.8827 1.8338
-1.0594 2.6077 1.8359
-1.0369 2.3331 1.8382
-1.0008 2.0595 1.8407
-0.9517 1.7876 1.8435
-0.8912 1.5176 1.8466
-0.8211 1.2494 1.8497
-0.7433 0.9828 1.8530
-0.6596 0.7175 1.8562
-0.5714 0.4532 1.8594
-0.4802 0.1894 1.8624
-0.3869 -0.0742 1.8652
-0.2925 -0.3377 1.8679
-0.1975 -0.6016 1.8704
-0.1026 -0.8658 1.8728
-0.0079 -1.1304 1.8749
0.0865 -1.3955 1.8769
0.1809 -1.6609 1.8787
0.2758 -1.9263 1.8803
0.3723 -2.1915 1.8817
0.4715 -2.4558 1.8829
0.5751 -2.7187 1.8839
0.6850 -2.9790 1.8846
0.8035 -3.2357 1.8851
0.9330 -3.4871 1.8852
1.0760 -3.7310 1.8851
1.2347 -3.9649 1.8845
1.4115 -4.1852 1.8836
1.6082 -4.3878 1.8822
1.8255 -4.5675 1.8802
2.0634 -4.7184 1.8779
2.3197 -4.8340 1.8750
2.5904 -4.9083 1.8718
2.8692 -4.9362 1.8684
3.1449 -4.9142 1.7333
3.3919 -4.8384 1.7259
3.6274 -4.7318 1.7237
3.8432 -4.5902 1.7218
4.0337 -4.4163 1.7204
4.1947 -4.2150 1.7194
4.3236 -3.9920 1.7189
4.4200 -3.7531 1.7188
4.4847 -3.5037 1.7191
4.5196 -3.2483 1.7197
4.5276 -2.9905 1.7204
4.5113 -2.7330 1.7214
4.4740 -2.4774 1.7225
4.4185 -2.2251 1.7238
4.3476 -1.9763 1.7253
4.2637 -1.7314 1.7270
4.1693 -1.4900 1.7290
4.0672 -1.2515 1.7312
3.9599 -1.0148 1.7335
3.8498 -0.7790 1.7359
3.7389 -0.5432 1.7382
3.6291 -0.3066 1.7404
3.5219 -0.0684 1.7424
3.4190 0.1720 1.7443
3.3219 0.4151 1.7460
3.2323 0.6613 1.7475
3.1520 0.9109 1.7488
3.0826 1.1640 1.7499
3.0258 1.4203 1.7509
2.9833 1.6795 1.7516
2.9568 1.9409 1.7522
2.9479 2.2035 1.7525
2.9583 2.4661 1.7527
2.9896 2.7271 1.7526
3.0432 2.9843 1.7523
3.1208 3.2353 1.7517
3.2236 3.4770 1.7509
3.3524 3.7056 1.7499
3.5074 3.9171 1.7486
3.6881 4.1068 1.7471
3.8927 4.2701 1.7455
4.1182 4.4024 1.7439
4.3605 4.4999 1.7422
4.6146 4.5596 1.7406
4.8745 4.5798 1.7392
5.1342 4.5595 1.7326
5.3837 4.4876 1.7357
5.6254 4.3914 1.7348
5.8530 4.2659 1.7342
6.0632 4.1130 1.7338
6.2532 3.9356 1.7338
6.4212 3.7372 1.7340
6.5667 3.5217 1.7345
6.6898 3.2926 1.7353
6.7916 3.0530 1.7363
6.8735 2.8058 1.7374
6.9373 2.5530 1.7387
6.9848 2.2965 1.7403
7.0183 2.0375 1.7423
7.0410 1.7770 1.7445
7.0560 1.5156 1.7468
7.0666 1.2536 1.7490
7.0757 0.9913 1.7513
7.0859 0.7286 1.7534
7.0996 0.4658 1.7554
7.1193 0.2031 1.7571
7.1472 -0.0591 1.7587
7.1858 -0.3202 1.7601
7.2371 -0.5792 1.7614
7.3030 -0.8351 1.7624
7.3852 -1.0864 1.7634
7.4848 -1.3314 1.7643
7.6025 -1.5684 1.7650
7.7388 -1.7954 1.7658
7.8935 -2.0104 1.7665
8.0659 -2.2115 1.7672