x y a
9.2126 9.0037 29.7071
9.1479 9.0109 27.3017
9.0828 9.0171 24.9500
9.0174 9.0218 22.6248
8.9519 9.0245 20.2315
8.8867 9.0263 17.9607
8.8216 9.0281 15.7047
8.7563 9.0295 13.4164
8.6909 9.0293 11.2764
8.6257 9.0293 9.0292
8.5602 9.0290 7.1866
8.4945 9.0267 5.6607
8.4286 9.0237 4.9242
8.3628 9.0195 4.8703
8.2967 9.0145 4.8995
8.2304 9.0080 4.9109
8.1643 8.9999 4.8014
8.0984 8.9909 4.6112
8.0327 8.9817 4.6877
7.9666 8.9720 4.6753
7.9000 8.9612 4.5781
7.8339 8.9492 4.4392
7.7681 8.9347 4.3947
7.7021 8.9198 4.2738
7.6363 8.9050 4.1849
7.5705 8.8905 4.0601
7.5047 8.8762 4.1252
7.4395 8.8598 4.2098
7.3747 8.8424 4.1693
7.3105 8.8242 4.1055
7.2466 8.8054 4.0944
7.1823 8.7870 4.0100
7.1176 8.7678 4.0212
7.0532 8.7459 3.9435
6.9887 8.7234 3.9156
6.9245 8.7006 3.8614
6.8606 8.6769 3.8482
6.7971 8.6526 3.8663
6.7329 8.6288 3.8971
6.6685 8.6050 3.8425
6.6040 8.5813 3.8837
6.5396 8.5582 3.8862
6.4753 8.5360 3.9087
6.4108 8.5142 3.8004
6.3459 8.4923 3.8997
6.2808 8.4703 3.9069
6.2154 8.4475 4.0514
6.1493 8.4250 3.9718
6.0836 8.4015 3.8616
6.0180 8.3783 3.9823
5.9523 8.3554 3.9296
5.8865 8.3334 3.7784
5.8206 8.3116 3.6491
5.7544 8.2913 3.5682
5.6884 8.2707 3.4785
5.6227 8.2493 3.4003
5.5566 8.2296 3.4285
5.4900 8.2110 3.4201
5.4235 8.1918 3.4310
5.3563 8.1743 3.3854
5.2888 8.1571 3.3051
5.2214 8.1403 3.2192
5.1539 8.1249 3.1317
5.0863 8.1111 3.0940
5.0185 8.0984 3.0145
4.9509 8.0850 2.9809
4.8837 8.0702 2.9202
4.8170 8.0558 2.9295
4.7506 8.0410 2.9742
4.6843 8.0246 2.7603
4.6179 8.0085 2.7099
4.5519 7.9910 2.7490
4.4855 7.9735 2.5140
4.4191 7.9559 2.4891
4.3529 7.9381 2.3607
4.2863 7.9217 2.2295
4.2194 7.9053 2.1920
4.1522 7.8887 2.0606
4.0848 7.8724 2.0246
4.0175 7.8557 2.0260
3.9503 7.8390 2.0261
3.8828 7.8229 2.0233
3.8146 7.8078 2.0385
3.7461 7.7938 2.1064
3.6775 7.7796 2.1307
3.6094 7.7628 2.3327
3.5417 7.7453 2.3821
3.4741 7.7280 2.4625
3.4063 7.7110 2.3927
3.3381 7.6940 2.3865
3.2698 7.6770 2.3686
3.2010 7.6601 2.3561
3.1323 7.6430 2.3746
3.0638 7.6256 2.3339
2.9953 7.6085 2.3811
2.9268 7.5904 2.5814
2.8580 7.5722 2.4598
2.7895 7.5552 2.3437
2.7214 7.5381 2.3286
2.6539 7.5192 2.3751
2.5864 7.4989 2.3139
2.5187 7.4774 2.2832
2.4507 7.4558 2.2275
2.3827 7.4334 2.3004
2.3141 7.4119 2.4192
2.2457 7.3894 2.3002
2.1778 7.3658 2.3427
2.1099 7.3421 2.1892
2.0423 7.3173 2.0941
1.9750 7.2914 2.0187
1.9084 7.2651 2.0766
1.8421 7.2383 2.0331
1.7757 7.2114 1.9728
1.7096 7.1841 1.8636
1.6446 7.1550 1.9964
1.5800 7.1248 1.9539
1.5163 7.0923 2.1124
1.4523 7.0596 2.1743
1.3887 7.0249 2.2187
1.3261 6.9878 2.4386
1.2634 6.9499 2.4675
1.2002 6.9116 2.4536
1.1369 6.8723 2.6203
1.0744 6.8312 2.6587
1.0125 6.7896 2.6295
0.9509 6.7475 2.8597
0.8898 6.7043 2.5882
0.8296 6.6591 2.5536
0.7698 6.6129 2.6519
0.7102 6.5662 2.8416
0.6508 6.5187 2.7499
0.5927 6.4696 2.9718
0.5354 6.4194 3.1684
0.4784 6.3682 3.0252
0.4216 6.3165 2.8095
0.3654 6.2643 2.7664
0.3102 6.2113 2.7315
0.2548 6.1585 2.7528
0.2008 6.1041 2.7828
0.1486 6.0481 2.6462
0.0966 5.9921 2.7038
0.0457 5.9353 2.6637
-0.0040 5.8777 2.5892
-0.0528 5.8193 2.5907
-0.1007 5.7601 2.5144
-0.1481 5.7009 2.4904
-0.1949 5.6417 2.5523
-0.2392 5.5810 2.5143
-0.2840 5.5209 2.4591
-0.3268 5.4597 2.4647
-0.3675 5.3967 2.5565
-0.4075 5.3327 2.6910
-0.4467 5.2674 2.6483
-0.4866 5.2022 2.6670
-0.5253 5.1357 2.5957
-0.5626 5.0680 2.6529
-0.5992 4.9995 2.6369
-0.6341 4.9300 2.6863
-0.6675 4.8598 2.6705
-0.6999 4.7886 2.5221
-0.7315 4.7171 2.5025
-0.7622 4.6453 2.5297
-0.7912 4.5732 2.5110
-0.8196 4.5013 2.4782
-0.8444 4.4284 2.4839
-0.8678 4.3549 2.3900
-0.8912 4.2812 2.4267
-0.9134 4.2065 2.5538
-0.9347 4.1310 2.4958
-0.9547 4.0551 2.4421
-0.9722 3.9790 2.4218
-0.9876 3.9026 2.3972
-1.0022 3.8262 2.2682
-1.0154 3.7498 2.3430
-1.0265 3.6729 2.4524
-1.0348 3.5953 2.3512
-1.0410 3.5175 2.1577
-1.0469 3.4397 2.3699
-1.0531 3.3619 2.3532
-1.0592 3.2842 2.4242
-1.0650 3.2064 2.2861
-1.0695 3.1287 2.2751
-1.0719 3.0510 2.2475
-1.0730 2.9730 2.2649
-1.0734 2.8944 2.3967
-1.0740 2.8157 2.3329
-1.0723 2.7371 2.3792
-1.0685 2.6587 2.3753
-1.0633 2.5807 2.3487
-1.0564 2.5026 2.3648
-1.0488 2.4240 2.2247
-1.0415 2.3451 2.0617
-1.0332 2.2661 2.0885
-1.0237 2.1872 2.0780
-1.0128 2.1086 2.0925
-1.0004 2.0301 2.1573
-0.9867 1.9517 2.1927
-0.9708 1.8738 2.1991
-0.9549 1.7958 2.1315
-0.9388 1.7180 2.0666
-0.9217 1.6405 2.0490
-0.9046 1.5634 2.0294
-0.8877 1.4865 1.9836
-0.8685 1.4097 2.0326
-0.8472 1.3325 2.0728
-0.8253 1.2552 2.1183
-0.8039 1.1780 2.0923
-0.7824 1.1006 2.0412
-0.7612 1.0227 2.0544
-0.7378 0.9453 2.2814
-0.7137 0.8682 2.1539
-0.6904 0.7912 2.0672
-0.6665 0.7144 2.2020
-0.6405 0.6381 2.2920
-0.6135 0.5620 2.4623
-0.5855 0.4866 2.3352
-0.5574 0.4122 2.3982
-0.5280 0.3384 2.4747
-0.4994 0.2638 2.5759
-0.4717 0.1882 2.6218
-0.4438 0.1120 2.5892
-0.4153 0.0355 2.6269
-0.3863 -0.0411 2.6771
-0.3578 -0.1178 2.7463
-0.3302 -0.1949 2.7549
-0.3042 -0.2728 2.7469
-0.2785 -0.3505 2.8701
-0.2534 -0.4284 2.8745
-0.2277 -0.5062 2.9016
-0.2026 -0.5848 2.8782
-0.1764 -0.6636 2.9501
-0.1486 -0.7419 2.9513
-0.1211 -0.8201 2.9044
-0.0924 -0.8982 2.9292
-0.0641 -0.9768 2.9192
-0.0352 -1.0554 2.9143
-0.0064 -1.1339 2.9947
0.0217 -1.2124 2.9744
0.0502 -1.2905 2.9490
0.0794 -1.3684 2.9328
0.1071 -1.4470 2.8980
0.1342 -1.5260 2.8115
0.1615 -1.6050 2.7811
0.1885 -1.6841 2.8000
0.2150 -1.7632 2.8476
0.2409 -1.8424 2.7856
0.2678 -1.9214 2.8546
0.2971 -1.9997 2.9904
0.3259 -2.0785 2.9670
0.3550 -2.1575 3.0542
0.3837 -2.2369 3.0144
0.4128 -2.3162 3.0975
0.4418 -2.3953 3.1341
0.4712 -2.4743 3.1573
0.5018 -2.5532 3.2054
0.5335 -2.6317 3.2517
0.5653 -2.7103 3.1213
0.5988 -2.7884 3.1593
0.6323 -2.8665 3.1568
0.6677 -2.9439 3.1533
0.7043 -3.0206 3.1975
0.7395 -3.0979 3.0801
0.7748 -3.1753 3.0960
0.8105 -3.2529 3.2412
0.8477 -3.3302 3.2359
0.8861 -3.4068 3.1330
0.9253 -3.4827 3.1380
0.9656 -3.5578 3.0450
1.0083 -3.6319 3.0615
1.0538 -3.7047 2.9366
1.1012 -3.7766 3.2419
1.1489 -3.8482 3.0330
1.1999 -3.9170 2.9098
1.2511 -3.9855 2.9168
1.3051 -4.0517 2.7466
1.3602 -4.1167 2.6995
1.4168 -4.1795 2.7013
1.4744 -4.2411 2.7258
1.5338 -4.3008 2.6329
1.5948 -4.3591 2.4337
1.6570 -4.4165 2.3058
1.7203 -4.4732 2.3752
1.7854 -4.5279 2.3591
1.8538 -4.5786 2.3873
1.9239 -4.6271 2.4492
1.9960 -4.6717 2.3248
2.0690 -4.7147 2.3209
2.1428 -4.7555 2.3810
2.2194 -4.7910 2.2723
2.2975 -4.8234 2.3061
2.3768 -4.8532 2.3947
2.4568 -4.8802 2.2532
2.5377 -4.9022 2.2095
2.6193 -4.9205 2.2168
2.7018 -4.9345 2.1639
2.7849 -4.9432 2.0891
2.8682 -4.9468 2.0467
2.9518 -4.9452 2.1176
3.0358 -4.9409 2.1773
3.1189 -4.9310 2.2728
3.2012 -4.9164 2.2489
3.2840 -4.9022 2.2796
3.3656 -4.8819 2.2534
3.4446 -4.8547 2.3066
3.5214 -4.8228 2.3826
3.5968 -4.7873 2.3674
3.6703 -4.7475 2.3321
3.7399 -4.7014 2.3853
3.8084 -4.6534 2.3874
3.8737 -4.6013 2.3775
3.9361 -4.5460 2.4082
3.9948 -4.4869 2.3939
4.0517 -4.4255 2.2974
4.1064 -4.3622 2.3919
4.1563 -4.2955 2.4212
4.2014 -4.2257 2.4810
4.2438 -4.1542 2.5559
4.2857 -4.0828 2.6403
4.3248 -4.0102 2.5240
4.3594 -3.9354 2.4996
4.3906 -3.8589 2.5877
4.4198 -3.7815 2.5960
4.4445 -3.7025 2.6091
4.4676 -3.6232 2.4239
4.4882 -3.5433 2.3900
4.5039 -3.4622 2.4168
4.5175 -3.3808 2.4049
4.5294 -3.2993 2.3735
4.5362 -3.2171 2.4397
4.5394 -3.1344 2.5391
4.5371 -3.0520 2.6055
4.5347 -2.9700 2.4866
4.5309 -2.8885 2.4306
4.5251 -2.8074 2.3973
4.5171 -2.7265 2.3561
4.5064 -2.6461 2.3384
4.4932 -2.5658 2.2954
4.4795 -2.4854 2.4268
4.4643 -2.4050 2.5137
4.4482 -2.3244 2.5388
4.4297 -2.2440 2.4731
4.4084 -2.1639 2.4331
4.3864 -2.0839 2.2594
4.3632 -2.0043 2.2261
4.3379 -1.9252 2.3920
4.3118 -1.8463 2.2915
4.2844 -1.7676 2.3252
4.2565 -1.6890 2.3153
4.2277 -1.6108 2.2937
4.1976 -1.5332 2.3067
4.1651 -1.4563 2.3562
4.1314 -1.3798 2.3899
4.0954 -1.3046 2.4017
4.0591 -1.2293 2.3895
4.0223 -1.1540 2.4076
3.9871 -1.0776 2.5193
3.9515 -1.0013 2.4964
3.9151 -0.9259 2.5874
3.8780 -0.8513 2.7225
3.8408 -0.7768 2.8424
3.8033 -0.7027 2.9523
3.7654 -0.6285 2.9473
3.7290 -0.5529 2.8552
3.6928 -0.4767 2.8836
3.6568 -0.4002 2.8446
3.6210 -0.3233 2.8530
3.5881 -0.2448 2.8921
3.5568 -0.1654 2.9194
3.5247 -0.0863 2.8514
3.4925 -0.0071 2.8016
3.4607 0.0721 2.8786
3.4280 0.1509 2.9275
3.3951 0.2296 2.9209
3.3631 0.3090 3.0522
3.3321 0.3889 3.0299
3.3010 0.4691 3.0169
3.2720 0.5503 3.0904
3.2429 0.6315 3.0960
3.2141 0.7126 3.0586
3.1872 0.7942 3.1636
3.1610 0.8765 3.0802
3.1357 0.9596 3.0800
3.1106 1.0432 3.1558
3.0871 1.1273 3.0594
3.0667 1.2117 3.0741
3.0459 1.2956 3.1325
3.0256 1.3794 2.9366
3.0088 1.4636 2.9601
2.9938 1.5482 2.7503
2.9800 1.6328 2.7833
2.9671 1.7172 2.7729
2.9558 1.8012 2.8235
2.9456 1.8850 3.0058
2.9386 1.9693 3.1183
2.9355 2.0541 3.0378
2.9351 2.1391 3.0821
2.9361 2.2241 3.1307
2.9391 2.3088 2.9235
2.9435 2.3931 2.7807
2.9505 2.4772 2.7657
2.9582 2.5615 2.7309
2.9671 2.6464 2.5524
2.9794 2.7319 2.5112
2.9943 2.8174 2.6023
3.0123 2.9025 2.4886
3.0316 2.9872 2.4800
3.0531 3.0715 2.4484
3.0777 3.1547 2.3325
3.1067 3.2363 2.2668
3.1391 3.3172 2.3751
3.1750 3.3970 2.4335
3.2133 3.4763 2.4547
3.2539 3.5547 2.5573
3.2963 3.6321 2.5540
3.3428 3.7069 2.6664
3.3916 3.7800 2.6581
3.4425 3.8519 2.7125
3.4979 3.9206 2.5988
3.5558 3.9872 2.6317
3.6171 4.0510 2.7232
3.6812 4.1126 2.7358
3.7483 4.1711 2.7333
3.8179 4.2267 2.7677
3.8896 4.2794 2.8161
3.9640 4.3280 2.8574
4.0401 4.3739 2.9102
4.1188 4.4151 2.9501
4.2002 4.4504 2.9434
4.2834 4.4822 3.0174
4.3680 4.5101 3.0276
4.4541 4.5316 3.1182
4.5416 4.5506 3.1090
4.6305 4.5653 3.1181
4.7196 4.5764 3.0852
4.8088 4.5829 3.0735
4.8979 4.5851 3.0630
4.9876 4.5820 3.1643
5.0777 4.5741 3.0884
5.1651 4.5609 3.1328
5.2437 4.5377 3.0597
5.3143 4.5090 3.1426
5.3779 4.4786 3.0729
5.4340 4.4475 3.2975
5.4839 4.4181 3.0731
5.5312 4.3904 3.0777
5.5752 4.3572 3.0467
5.6164 4.3193 3.1098
5.6565 4.2787 3.2144
5.6955 4.2352 3.0910
5.7340 4.1894 2.9394
5.7724 4.1421 3.1081
5.8099 4.0932 3.0382
5.8479 4.0436 3.0513
5.8856 3.9929 3.1946
5.9242 3.9422 3.1108
5.9620 3.8906 2.6916
5.9998 3.8387 2.6711
6.0394 3.7878 2.6760
6.0789 3.7369 2.6729
6.1192 3.6870 2.6055
6.1612 3.6388 2.6526
6.2055 3.5932 2.3420
6.2515 3.5498 2.2040
6.2994 3.5084 2.2273
6.3476 3.4663 2.3539
6.3960 3.4247 2.2319
6.4458 3.3853 2.2967
6.4934 3.3432 2.3097
6.5395 3.2990 2.3934
6.5847 3.2536 2.3300
6.6290 3.2072 2.3020
6.6702 3.1583 2.3538
6.7094 3.1078 2.3759
6.7471 3.0566 2.4297
6.7827 3.0053 2.4332
6.8146 2.9525 2.4318
6.8455 2.8990 2.4842
6.8740 2.8438 2.4803
6.8987 2.7867 2.6177
6.9204 2.7284 2.5640
6.9410 2.6698 2.4224
6.9594 2.6106 2.2443
6.9758 2.5511 2.1373
6.9905 2.4913 2.0741
7.0029 2.4312 2.1435
7.0136 2.3708 2.1217
7.0222 2.3101 2.1948
7.0298 2.2495 2.2060
7.0366 2.1891 2.1175
7.0425 2.1291 2.0422
7.0484 2.0692 2.0676
7.0524 2.0092 2.0280
7.0541 1.9493 2.0940
7.0542 1.8893 2.0748
7.0542 1.8292 2.0654
7.0527 1.7691 2.0734
7.0508 1.7086 2.0470
7.0485 1.6480 2.1153
7.0475 1.5874 2.2285
7.0475 1.5268 2.2132
7.0489 1.4661 2.2896
7.0497 1.4055 2.2132
7.0511 1.3447 2.1754
7.0531 1.2843 2.3334
7.0552 1.2238 2.2846
7.0568 1.1633 2.2295
7.0580 1.1029 2.1683
7.0590 1.0428 2.1195
7.0606 0.9826 2.0433
7.0630 0.9223 2.0747
7.0653 0.8619 2.1343
7.0684 0.8013 2.2006
7.0721 0.7407 2.1494
7.0750 0.6801 2.2587
7.0781 0.6197 2.3582
7.0815 0.5595 2.4705
7.0856 0.4992 2.5547
7.0897 0.4388 2.4198
7.0935 0.3786 2.3132
7.0975 0.3188 2.2776
7.1023 0.2590 2.3892
7.1076 0.1989 2.4633
7.1148 0.1387 2.3507
7.1223 0.0783 2.3610
7.1301 0.0176 2.3869
7.1380 -0.0438 2.4678
7.1465 -0.1059 2.5434
7.1553 -0.1684 2.5642
7.1641 -0.2310 2.4426
7.1738 -0.2936 2.4530
7.1847 -0.3563 2.5228
7.1971 -0.4192 2.4614
7.2104 -0.4821 2.6721
7.2240 -0.5449 2.6242
7.2389 -0.6077 2.5141
7.2548 -0.6709 2.4499
7.2715 -0.7344 2.5370
7.2884 -0.7979 2.5572
7.3062 -0.8610 2.4718
7.3261 -0.9232 2.4329
7.3465 -0.9855 2.3355
7.3678 -1.0485 2.3091
7.3908 -1.1118 2.4001
7.4157 -1.1747 2.4785
7.4419 -1.2373 2.4841
7.4694 -1.2995 2.2366
7.4986 -1.3611 2.3124
7.5280 -1.4230 2.3622
7.5580 -1.4849 2.2958
7.5904 -1.5452 2.2586
7.6234 -1.6051 2.1226
7.6572 -1.6648 2.0865
7.6924 -1.7238 2.0021
7.7283 -1.7822 2.0354
7.7650 -1.8403 2.0411
7.8032 -1.8979 2.0205
7.8434 -1.9542 2.0660
7.8843 -2.0099 2.1436
7.9261 -2.0652 2.1212
7.9701 -2.1191 2.0638
8.0149 -2.1723 2.0911
8.0609 -2.2241 2.0995
8.1081 -2.2739 2.1600
8.1562 -2.3222 2.2277
8.2056 -2.3690 2.1658
8.2560 -2.4139 2.2713
8.3080 -2.4571 2.2720
8.3610 -2.5001 2.1574
8.4150 -2.5419 2.2862
8.4697 -2.5822 2.3955
8.5244 -2.6224 2.4778
8.5795 -2.6622 2.4777
8.6363 -2.6992 2.4977
8.6939 -2.7352 2.4075
8.7525 -2.7703 2.2724
8.8123 -2.8033 2.3096
8.8730 -2.8343 2.2870
8.9339 -2.8635 2.1951
8.9953 -2.8915 2.1446
9.0570 -2.9201 2.2088
9.1193 -2.9471 2.1640
9.1822 -2.9729 2.1060
9.2455 -2.9981 2.0249
9.3095 -3.0209 2.0581
9.3742 -3.0417 2.1423
9.4399 -3.0615 2.0994
9.5066 -3.0804 2.2516
9.5742 -3.0974 2.1035
9.6417 -3.1161 2.0508
9.7096 -3.1336 2.1090
9.7778 -3.1507 2.1507
9.8459 -3.1675 2.0004
9.9147 -3.1818 2.0689
9.9838 -3.1948 2.1517
10.0534 -3.2060 2.1706
10.1231 -3.2150 2.0558
10.1930 -3.2237 2.0866
10.2637 -3.2305 2.0723
10.3351 -3.2360 2.0508
10.4067 -3.2397 2.1072
10.4785 -3.2425 2.1907
10.5504 -3.2444 2.1659
10.6220 -3.2451 2.1245
10.6934 -3.2442 2.1644
10.7647 -3.2417 2.2767
10.8362 -3.2365 2.1741
10.9066 -3.2242 2.1860
10.9775 -3.2126 2.1745
11.0487 -3.2024 2.0354
11.1198 -3.1930 1.9665
11.1909 -3.1831 1.9326
11.2621 -3.1722 2.0074
11.3334 -3.1616 1.9623
11.4048 -3.1507 1.9039
11.4761 -3.1390 1.7786
11.5465 -3.1257 1.8902
11.6162 -3.1113 1.7818
11.6863 -3.0968 1.7587
11.7568 -3.0811 1.6949
11.8279 -3.0659 1.7393
11.8996 -3.0508 1.7759
11.9715 -3.0347 1.7767
12.0434 -3.0176 1.7845
12.1153 -3.0015 1.9077
12.1866 -2.9841 1.9920
12.2575 -2.9655 1.8578
12.3282 -2.9450 1.8246
12.3995 -2.9244 1.8085
12.4710 -2.9034 1.6451
12.5424 -2.8818 1.7756
12.6136 -2.8597 1.6910
12.6844 -2.8369 1.7513
12.7553 -2.8144 1.8574
12.8259 -2.7923 2.0169
12.8964 -2.7709 2.1810
12.9675 -2.7506 2.0175
13.0392 -2.7316 1.9028
13.1107 -2.7114 1.8526
13.1823 -2.6907 1.9836
13.2544 -2.6711 1.9966
13.3267 -2.6517 1.8919
13.3988 -2.6312 2.0096
13.4707 -2.6104 2.1418
13.5426 -2.5899 2.1301
13.6151 -2.5712 2.1001
13.6874 -2.5505 2.1456
13.7597 -2.5292 2.3738
13.8319 -2.5079 2.3218
13.9044 -2.4878 2.3532
13.9760 -2.4658 2.2531
14.0471 -2.4433 2.1878
14.1182 -2.4224 2.3785
14.1892 -2.4017 2.5140
14.2603 -2.3797 2.3415
14.3324 -2.3584 2.4431
14.4047 -2.3372 2.3968
14.4769 -2.3147 2.2670
14.5491 -2.2923 2.2068
14.6220 -2.2719 2.2449
14.6952 -2.2511 2.2542
14.7680 -2.2299 2.4104
14.8406 -2.2082 2.7327
14.9131 -2.1855 2.7633
14.9853 -2.1633 2.7356
15.0566 -2.1414 2.7122
15.1274 -2.1205 2.7702
15.1977 -2.0977 2.9556
15.2678 -2.0742 2.7289
15.3377 -2.0496 2.8880
15.4072 -2.0238 3.0375
15.4764 -1.9977 3.0667
15.5457 -1.9718 3.1103
15.6145 -1.9447 3.0344
15.6825 -1.9160 2.8545
15.7498 -1.8858 2.8795
15.8167 -1.8549 3.0900
15.8830 -1.8228 2.9353
15.9482 -1.7881 2.5259
16.0129 -1.7527 2.5438
16.0762 -1.7151 2.4459
16.1389 -1.6763 2.3467
16.2002 -1.6355 2.5174
16.2599 -1.5926 2.6720
16.3184 -1.5483 2.4284
16.3750 -1.5016 2.4052
16.4289 -1.4524 2.3958
16.4802 -1.4010 2.2479
16.5290 -1.3472 2.2329
16.5749 -1.2911 2.2318
16.6189 -1.2336 2.2590
16.6603 -1.1744 2.3043
16.6962 -1.1124 2.2336
16.7291 -1.0488 2.2584
16.7552 -0.9828 2.2098
16.7758 -0.9156 2.2647
16.7913 -0.8470 2.2659
16.8041 -0.7771 2.1254
16.8115 -0.7063 2.0703
16.8137 -0.6348 2.0581
16.8113 -0.5631 2.0365
16.8037 -0.4918 2.0382
16.7913 -0.4214 2.0079
16.7743 -0.3525 2.0140
16.7530 -0.2850 1.9786
16.7252 -0.2200 1.9353
16.6946 -0.1556 1.8932
16.6592 -0.0942 1.9489
16.6190 -0.0365 1.9534
16.5757 0.0189 2.0066
16.5283 0.0710 2.0255
16.4789 0.1216 2.1304
16.4264 0.1688 2.3143
16.3708 0.2118 1.9677
16.3123 0.2496 2.1406
16.2519 0.2843 2.1788
16.1891 0.3147 2.2360
16.1241 0.3397 2.3025
16.0581 0.3619 2.3611
15.9913 0.3822 2.1807
15.9233 0.3987 2.2702
15.8537 0.4113 2.2178
15.7830 0.4189 2.4282
15.7118 0.4226 2.3940
15.6407 0.4236 2.3038
15.5697 0.4214 2.3439
15.4984 0.4159 2.3197
15.4275 0.4100 2.4415
15.3571 0.4007 2.3604
15.2868 0.3887 2.4743
15.2172 0.3739 2.4607
15.1483 0.3571 2.3398
15.0803 0.3379 2.1024
15.0127 0.3176 2.2009
14.9454 0.2956 2.1657
14.8790 0.2712 2.2866
14.8128 0.2456 2.2633
14.7464 0.2190 2.2930
14.6800 0.1911 2.3961
14.6147 0.1610 2.3384
14.5500 0.1293 2.2796
14.4861 0.0951 2.2711
14.4223 0.0602 2.3513
14.3585 0.0249 2.4170
14.2944 -0.0108 2.4564
14.2303 -0.0469 2.4466
14.1660 -0.0831 2.4147
14.1016 -0.1200 2.3822
14.0366 -0.1561 2.4554
13.9722 -0.1922 2.5170
13.9088 -0.2289 2.3701
13.8458 -0.2663 2.4970
13.7823 -0.3037 2.4921
13.7184 -0.3405 2.4306
13.6547 -0.3777 2.3746
13.5917 -0.4156 2.3756
13.5278 -0.4517 2.4710
13.4640 -0.4871 2.5584
13.4006 -0.5225 2.6049
13.3378 -0.5583 2.9527
13.2745 -0.5932 2.7073
13.2112 -0.6281 2.6200
13.1479 -0.6627 2.7894
13.0843 -0.6967 2.8550
13.0207 -0.7298 2.8374
12.9574 -0.7631 2.8301
12.8947 -0.7976 2.8084
12.8316 -0.8317 2.6081
12.7687 -0.8657 2.5371
12.7062 -0.9000 2.5331
12.6435 -0.9336 2.5463
12.5799 -0.9662 2.4892
12.5158 -0.9982 2.3615
12.4517 -1.0304 2.2742
12.3878 -1.0624 2.2378
12.3234 -1.0930 2.3631
12.2584 -1.1225 2.3240
12.1934 -1.1525 2.3355
12.1275 -1.1819 2.4237
12.0610 -1.2116 2.4363
11.9945 -1.2420 2.4744
11.9273 -1.2709 2.4906
11.8592 -1.2993 2.5392
11.7899 -1.3260 2.5575
11.7201 -1.3521 2.7849
11.6490 -1.3760 2.8854
11.5767 -1.3981 2.6470
11.5042 -1.4196 2.4710
11.4315 -1.4398 2.4657
11.3586 -1.4580 2.5140
11.2854 -1.4720 2.4199
11.2119 -1.4841 2.3765
11.1380 -1.4944 2.1483
11.0638 -1.5033 2.1418
10.9895 -1.5088 2.2603
10.9154 -1.5109 2.2854
10.8415 -1.5091 2.4581
10.7684 -1.5021 2.5122
10.6956 -1.4910 2.5976
10.6237 -1.4761 2.4274
10.5524 -1.4583 2.5927
10.4820 -1.4363 2.6808
10.4138 -1.4086 2.6857
10.3478 -1.3758 2.6855
10.2839 -1.3385 2.6320
10.2234 -1.2966 2.6655
10.1670 -1.2499 2.7764
10.1145 -1.1983 2.7744
10.0662 -1.1424 2.7497
10.0227 -1.0826 3.0138
9.9848 -1.0189 3.2223
9.9501 -0.9530 3.1359
9.9221 -0.8840 3.0533
9.8988 -0.8133 3.0997
9.8804 -0.7410 3.1236
9.8704 -0.6673 3.1665
9.8662 -0.5926 2.9482
9.8682 -0.5176 2.8682
9.8778 -0.4433 2.9261
9.8889 -0.3691 2.9749
9.9065 -0.2973 2.9701
9.9297 -0.2271 2.7692
9.9569 -0.1574 2.8597
9.9892 -0.0896 2.7317
10.0281 -0.0256 2.8221
10.0694 0.0370 2.7301
10.1142 0.0969 2.7477
10.1631 0.1538 2.7181
10.2156 0.2072 2.8298
10.2717 0.2571 2.7804
10.3314 0.3027 2.7297
10.3926 0.3462 2.5139
10.4562 0.3857 2.4998
10.5218 0.4223 2.5210
10.5891 0.4552 2.5236
10.6570 0.4866 2.4472
10.7256 0.5163 2.4755
10.7953 0.5441 2.3002
10.8659 0.5688 2.2318
10.9369 0.5931 2.2306
11.0088 0.6163 2.2381
11.0811 0.6397 2.2428
11.1537 0.6625 2.1679
11.2266 0.6843 2.0408
11.3001 0.7045 1.9965
11.3728 0.7265 1.9671
11.4455 0.7482 1.9582
11.5181 0.7716 1.9319
11.5907 0.7958 1.9636
11.6640 0.8196 1.9040
11.7383 0.8426 1.8374
11.8124 0.8657 1.8766
11.8858 0.8911 1.9420
11.9587 0.9181 2.0441
12.0316 0.9458 2.0603
12.1043 0.9748 2.0224
12.1762 1.0059 1.9361
12.2479 1.0386 2.1884
12.3187 1.0745 2.0819
12.3887 1.1119 1.9999
12.4571 1.1532 1.9407
12.5241 1.1975 2.0352
12.5888 1.2444 2.0901
12.6523 1.2929 2.0175
12.7132 1.3444 1.9971
12.7728 1.3976 2.1298
12.8311 1.4529 2.0892
12.8870 1.5108 2.0286
12.9397 1.5713 1.9414
12.9890 1.6347 2.0084
13.0354 1.7006 2.0181
13.0809 1.7675 1.9851
13.1236 1.8363 2.0320
13.1634 1.9073 2.0310
13.2020 1.9789 1.9210
13.2378 2.0519 1.9116
13.2696 2.1266 2.0030
13.2971 2.2023 1.9283
13.3199 2.2791 2.0141
13.3392 2.3570 2.0541
13.3564 2.4349 1.8513
13.3716 2.5129 1.8495
13.3835 2.5914 1.8961
13.3939 2.6706 1.7933
13.4001 2.7499 1.5953
13.4037 2.8294 1.6253
13.4057 2.9093 1.7027
13.4042 2.9888 1.6844
13.3993 3.0681 1.7652
13.3939 3.1474 1.8706
13.3862 3.2268 1.7644
13.3770 3.3063 1.9094
13.3660 3.3855 1.8449
13.3537 3.4644 1.9294
13.3399 3.5435 1.8953
13.3241 3.6226 1.8827
13.3062 3.7010 1.8729
13.2865 3.7784 1.8521
13.2650 3.8550 1.8790
13.2429 3.9311 1.9346
13.2212 4.0073 1.9567
13.1984 4.0834 1.9247
13.1755 4.1594 1.9724
13.1509 4.2345 1.9307
13.1248 4.3090 2.0291
13.0975 4.3830 2.1207
13.0693 4.4566 2.2098
13.0408 4.5301 2.3686
13.0120 4.6034 2.4150
12.9828 4.6764 2.3674
12.9534 4.7488 2.3962
12.9235 4.8212 2.2871
12.8926 4.8933 2.2253
12.8618 4.9652 2.1422
12.8305 5.0369 2.0837
12.7989 5.1085 2.0903
12.7664 5.1795 2.0115
12.7338 5.2504 2.0687
12.7019 5.3215 1.9697
12.6686 5.3924 1.9312
12.6348 5.4638 2.1199
12.6006 5.5352 2.1877
12.5664 5.6066 2.5013
12.5329 5.6784 2.8652
12.5000 5.7507 3.1198
12.4667 5.8225 2.9620
12.4328 5.8936 3.1207
12.3988 5.9645 2.8000
12.3643 6.0353 2.9238
12.3285 6.1050 2.7137
12.2925 6.1746 2.7793
12.2566 6.2440 2.6666
12.2201 6.3134 2.4803
12.1839 6.3834 2.4559
12.1488 6.4539 2.7499
12.1146 6.5248 2.7453
12.0798 6.5959 2.7306
12.0453 6.6673 2.7080
12.0115 6.7396 2.8597
11.9770 6.8126 2.6286
11.9411 6.8853 2.1536
11.9064 6.9585 2.0937
11.8699 7.0305 2.0150
11.8322 7.1018 1.9890
11.7930 7.1723 2.0988
11.7542 7.2430 1.7927
11.7143 7.3131 1.6831
11.6730 7.3823 1.6368
11.6313 7.4510 1.5494
11.5884 7.5190 1.5316
11.5430 7.5851 1.3482
11.4961 7.6497 1.3780
11.4496 7.7137 1.3659
11.4027 7.7770 1.3147
11.3530 7.8380 1.3992
11.3024 7.8989 1.3293
11.2507 7.9589 1.3167
11.1982 8.0180 1.2894
11.1446 8.0767 1.3136
11.0889 8.1338 1.5741
11.0317 8.1896 1.5766
10.9740 8.2451 1.5047
10.9155 8.3000 1.4599
10.8543 8.3526 1.5018
10.7914 8.4034 1.4615
10.7272 8.4530 1.3229
10.6614 8.5007 1.4745
10.5952 8.5475 1.4273
10.5276 8.5919 1.3750
10.4585 8.6340 1.4589
10.3888 8.6743 1.5018
10.3181 8.7123 1.4785
10.2463 8.7486 1.4251
10.1735 8.7829 1.4479
10.0996 8.8148 1.4000
10.0251 8.8445 1.5291
9.9493 8.8709 1.5431
9.8725 8.8946 1.5354
9.7947 8.9159 1.6596
9.7159 8.9362 1.5630
9.6370 8.9572 1.6081
9.5572 8.9760 1.6546
9.4763 8.9913 1.7106
9.3953 9.0063 1.6890
9.3140 9.0199 1.6934
9.2326 9.0323 1.7833
9.1512 9.0422 1.7458
9.0696 9.0506 1.8226
8.9880 9.0584 1.7451
8.9066 9.0654 1.8059
8.8252 9.0688 1.8588
8.7435 9.0690 1.8256
8.6622 9.0661 1.8652
8.5814 9.0613 1.8752
8.5008 9.0545 1.7714
8.4202 9.0449 1.7636
8.3393 9.0339 1.6728
8.2582 9.0214 1.6694
8.1768 9.0080 1.6162
8.0953 8.9937 1.5922
8.0141 8.9771 1.5845
7.9332 8.9581 1.6758
7.8520 8.9383 1.6398
7.7711 8.9193 1.6681
7.6908 8.8995 1.6055
7.6105 8.8788 1.5733
7.5303 8.8572 1.6017
7.4500 8.8344 1.6519
7.3699 8.8106 1.4284
7.2901 8.7852 1.4563
7.2100 8.7585 1.6572
7.1302 8.7301 1.7515
7.0508 8.7010 1.9388
6.9716 8.6711 1.7521
6.8929 8.6403 1.5634
6.8134 8.6122 1.5736
6.7336 8.5856 1.6808
6.6539 8.5595 1.5040
6.5743 8.5334 1.4485
6.4942 8.5080 1.7021
6.4136 8.4832 1.9564
6.3327 8.4594 2.0630
6.2514 8.4359 2.0674
6.1697 8.4118 1.9535
6.0875 8.3875 1.7965
6.0047 8.3636 1.7610
5.9220 8.3386 1.7047
5.8386 8.3153 1.9246
5.7553 8.2912 1.8511
5.6721 8.2683 1.7649
5.5890 8.2461 1.7977
5.5061 8.2231 1.8735
5.4231 8.2001 1.9542
5.3399 8.1776 1.9245
5.2567 8.1552 1.7403
5.1735 8.1338 1.5065
5.0898 8.1134 1.4855
5.0059 8.0932 1.5054
4.9224 8.0730 1.6050
4.8393 8.0536 1.4965
4.7568 8.0334 1.4749
4.6750 8.0125 1.7252
4.5932 7.9919 1.6896
4.5112 7.9718 1.5981
4.4290 7.9521 1.7324
4.3467 7.9320 2.1415
4.2648 7.9112 2.0754
4.1829 7.8899 1.9720
4.1008 7.8691 2.1255
4.0184 7.8501 1.9657
3.9362 7.8316 1.8925
3.8543 7.8128 1.9525
3.7723 7.7942 2.2570
3.6902 7.7758 2.1584
3.6083 7.7566 2.0878
3.5261 7.7388 2.3959
3.4441 7.7217 2.3761
3.3621 7.7043 2.1029
3.2799 7.6862 1.9615
3.1972 7.6678 1.7859
3.1142 7.6471 1.9311
3.0310 7.6256 1.7343
2.9480 7.6038 1.6383
2.8653 7.5795 1.4351
2.7829 7.5549 1.5370
2.7007 7.5303 1.3564
2.6192 7.5041 1.4289
2.5385 7.4760 1.1624
2.4576 7.4487 1.3868
2.3762 7.4236 1.2185
2.2959 7.3969 1.1771
2.2162 7.3698 1.1823
2.1375 7.3398 1.0660
2.0595 7.3077 1.2396
1.9814 7.2754 1.2557
1.9031 7.2430 1.3916
1.8257 7.2092 1.3873
1.7481 7.1759 1.5852
1.6712 7.1422 1.7365
1.5944 7.1095 1.7097
1.5179 7.0761 1.8142
1.4417 7.0420 1.6908
1.3666 7.0054 1.1811
1.2919 6.9671 0.9883
1.2178 6.9270 0.9289
1.1448 6.8847 0.9689
1.0723 6.8420 0.9175
1.0011 6.7974 1.0738
0.9309 6.7514 1.0086
0.8615 6.7042 1.2087
0.7937 6.6549 1.0335
0.7268 6.6035 1.2193
0.6610 6.5506 1.0612
0.5961 6.4967 1.0399
0.5315 6.4423 1.0375
0.4664 6.3881 1.0992
0.4021 6.3328 1.0075
0.3388 6.2759 1.1386
0.2766 6.2174 1.2842
0.2159 6.1571 1.3998
0.1559 6.0960 1.4702
0.0965 6.0342 1.2099
0.0391 5.9709 1.3380
-0.0163 5.9061 1.6431
-0.0715 5.8408 1.7944
-0.1250 5.7742 1.6174
-0.1782 5.7073 1.6675
-0.2303 5.6396 1.6253
-0.2800 5.5699 1.4862
-0.3275 5.4981 1.3545
-0.3732 5.4249 1.2216
-0.4176 5.3509 1.2488
-0.4612 5.2761 1.2531
-0.5030 5.2003 1.2139
-0.5434 5.1234 1.0826
-0.5828 5.0457 1.1486
-0.6214 4.9676 1.2426
-0.6588 4.8888 1.4509
-0.6948 4.8094 1.7088
-0.7291 4.7289 1.5873
-0.7624 4.6479 1.7119
-0.7945 4.5666 1.7514
-0.8235 4.4844 1.8370
-0.8499 4.4012 1.7508
-0.8760 4.3180 1.8651
-0.9008 4.2346 2.0358
-0.9235 4.1505 1.8248
-0.9435 4.0659 1.7041
-0.9606 3.9809 1.9457
-0.9755 3.8959 2.3633
-0.9876 3.8106 2.3263
-0.9988 3.7252 2.4688
-1.0085 3.6395 2.4685
-1.0157 3.5532 2.2934
-1.0230 3.4665 2.4594
-1.0281 3.3796 2.1399
-1.0319 3.2925 2.1136
-1.0366 3.2055 2.0929
-1.0416 3.1187 2.0617
-1.0458 3.0318 2.0199
-1.0483 2.9451 1.6764
-1.0508 2.8588 1.7084
-1.0526 2.7726 1.8116
-1.0520 2.6862 2.0865
-1.0501 2.5996 1.7701
-1.0465 2.5131 1.9259
-1.0429 2.4268 1.7812
-1.0403 2.3406 1.7059
-1.0369 2.2543 1.6999
-1.0288 2.1681 1.7119
-1.0176 2.0823 1.4892
-1.0041 1.9970 1.5146
-0.9897 1.9118 1.3127
-0.9749 1.8270 1.0196
-0.9577 1.7427 1.0175
-0.9401 1.6589 1.1912
-0.9202 1.5760 1.1049
-0.8991 1.4929 1.0327
-0.8770 1.4095 1.2501
-0.8531 1.3263 0.9744
-0.8287 1.2427 1.0551
-0.8046 1.1588 1.1060
-0.7808 1.0752 1.1504
-0.7549 0.9926 1.0762
-0.7276 0.9104 1.0017
-0.7009 0.8276 1.1999
-0.6743 0.7444 1.1784
-0.6462 0.6615 1.2629
-0.6174 0.5784 1.4707
-0.5882 0.4949 1.4210
-0.5585 0.4114 1.6055
-0.5283 0.3285 1.6567
-0.4999 0.2453 1.6193
-0.4720 0.1618 1.6820
-0.4426 0.0782 1.7737
-0.4121 -0.0056 1.7765
-0.3818 -0.0895 1.8594
-0.3498 -0.1729 1.8141
-0.3180 -0.2561 1.8764
-0.2878 -0.3399 1.9631
-0.2567 -0.4237 2.2715
-0.2243 -0.5073 2.3185
-0.1919 -0.5907 2.5117
-0.1598 -0.6742 2.4608
-0.1282 -0.7582 2.3835
-0.0974 -0.8423 2.1235
-0.0672 -0.9265 2.1184
-0.0367 -1.0100 2.2304
-0.0063 -1.0932 2.2052
0.0241 -1.1771 2.2239
0.0540 -1.2616 2.1741
0.0831 -1.3460 2.2033
0.1118 -1.4303 2.1042
0.1395 -1.5151 2.3430
0.1678 -1.5995 2.5664
0.1951 -1.6839 2.5334
0.2211 -1.7687 2.5622
0.2470 -1.8534 2.6257
0.2742 -1.9373 2.5872
0.3013 -2.0209 2.6161
0.3295 -2.1041 2.6778
0.3583 -2.1871 2.3721
0.3885 -2.2695 2.4267
0.4205 -2.3511 2.5168
0.4530 -2.4326 2.2254
0.4857 -2.5148 2.1266
0.5189 -2.5974 2.0344
0.5526 -2.6803 1.9483
0.5882 -2.7630 1.9412
0.6262 -2.8450 1.7489
0.6646 -2.9268 1.8470
0.7032 -3.0083 1.8999
0.7411 -3.0896 1.9495
0.7805 -3.1696 1.9800
0.8188 -3.2500 2.0102
0.8577 -3.3297 2.0235
0.8987 -3.4082 1.9894
0.9398 -3.4869 2.0323
0.9808 -3.5659 1.8577
1.0234 -3.6438 1.9153
1.0686 -3.7203 1.8435
1.1149 -3.7958 1.8122
1.1629 -3.8694 1.8167
1.2153 -3.9396 1.8083
1.2703 -4.0080 1.8950
1.3254 -4.0762 2.0229
1.3819 -4.1425 2.0422
1.4402 -4.2071 1.9693
1.4984 -4.2710 1.9511
1.5588 -4.3327 1.9717
1.6221 -4.3918 1.9799
1.6875 -4.4479 2.0151
1.7539 -4.5022 2.0051
1.8225 -4.5547 2.0045
1.8938 -4.6046 2.0931
1.9675 -4.6510 1.9578
2.0424 -4.6947 2.0189
2.1190 -4.7349 2.0406
2.1972 -4.7728 2.0844
2.2774 -4.8071 2.0263
2.3591 -4.8396 2.0768
2.4426 -4.8690 1.9595
2.5274 -4.8931 1.9987
2.6141 -4.9100 2.0416
2.7020 -4.9240 1.8795
2.7906 -4.9327 1.8443
2.8798 -4.9379 1.9705
2.9695 -4.9377 1.8471
3.0592 -4.9320 1.9197
3.1483 -4.9215 1.8833
3.2347 -4.9009 1.7905
3.3206 -4.8760 1.8719
3.4057 -4.8471 1.9447
3.4891 -4.8137 2.0932
3.5701 -4.7745 2.0888
3.6498 -4.7317 2.1951
3.7277 -4.6846 2.3971
3.8030 -4.6330 2.6596
3.8758 -4.5774 2.6471
3.9444 -4.5167 2.2991
4.0102 -4.4531 2.4732
4.0724 -4.3857 2.3260
4.1314 -4.3160 2.3684
4.1873 -4.2442 2.3524
4.2393 -4.1692 2.2707
4.2879 -4.0916 2.2545
4.3320 -4.0110 2.3806
4.3719 -3.9282 2.2886
4.4077 -3.8436 1.9654
4.4392 -3.7574 2.1179
4.4690 -3.6703 2.1966
4.4933 -3.5818 2.2679
4.5116 -3.4920 2.3290
4.5259 -3.4013 2.1068
4.5370 -3.3100 2.1094
4.5443 -3.2184 2.0970
4.5468 -3.1267 2.0734
4.5461 -3.0353 1.9464
4.5421 -2.9443 1.6564
4.5364 -2.8532 1.5018
4.5276 -2.7623 1.4531
4.5157 -2.6717 1.3379
4.5009 -2.5811 1.3617
4.4831 -2.4912 1.3328
4.4652 -2.4015 1.2700
4.4449 -2.3118 1.3344
4.4223 -2.2217 1.4290
4.3965 -2.1321 1.4926
4.3698 -2.0431 1.6202
4.3422 -1.9545 1.5888
4.3120 -1.8664 1.5678
4.2783 -1.7796 1.5816
4.2441 -1.6933 1.6058
4.2092 -1.6075 1.7016
4.1734 -1.5221 1.7574
4.1375 -1.4371 1.7185
4.0999 -1.3527 1.7754
4.0609 -1.2687 1.7945
4.0223 -1.1838 1.8465
3.9825 -1.0989 1.8596
3.9415 -1.0142 1.8931
3.8991 -0.9303 1.8849
3.8574 -0.8463 1.9156
3.8169 -0.7620 1.9428
3.7781 -0.6761 1.9641
3.7394 -0.5895 1.9006
3.7005 -0.5024 1.7818
3.6619 -0.4147 1.9398
3.6244 -0.3260 2.0253
3.5863 -0.2376 2.0477
3.5470 -0.1499 2.0027
3.5096 -0.0604 1.8647
3.4718 0.0293 1.9564
3.4359 0.1196 1.9751
3.3993 0.2097 1.8687
3.3617 0.2993 1.8520
3.3265 0.3902 2.0293
3.2930 0.4825 2.0229
3.2598 0.5750 1.9616
3.2250 0.6669 1.9905
3.1929 0.7602 1.9341
3.1606 0.8542 2.0021
3.1311 0.9496 2.0985
3.1038 1.0457 2.2415
3.0767 1.1417 2.1394
3.0503 1.2380 2.3429
3.0262 1.3351 2.1644
3.0044 1.4327 2.1142
2.9858 1.5305 2.3558
2.9693 1.6283 2.6223
2.9555 1.7267 2.6777
2.9459 1.8252 2.6406
2.9390 1.9237 2.3942
2.9351 2.0217 2.4132
2.9352 2.1196 2.2067
2.9366 2.2180 2.1479
2.9418 2.3163 2.3077
2.9481 2.4143 2.3756
2.9572 2.5122 2.6248
2.9675 2.6102 2.7077
2.9789 2.7078 2.7212
2.9950 2.8044 2.5645
3.0147 2.9002 2.6765
3.0393 2.9951 2.8902
3.0666 3.0896 2.5990
3.0984 3.1832 2.4676
3.1338 3.2757 2.5242
3.1715 3.3668 2.2775
3.2129 3.4564 2.1723
3.2579 3.5444 2.2683
3.3045 3.6317 2.2364
3.3552 3.7167 2.3244
3.4078 3.8009 2.2883
3.4642 3.8832 2.1823
3.5264 3.9612 2.0868
3.5926 4.0356 2.0701
3.6621 4.1064 1.9458
3.7368 4.1711 1.9289
3.8138 4.2330 1.9364
3.8944 4.2901 1.8804
3.9789 4.3415 2.0072
4.0671 4.3872 1.9464
4.1575 4.4286 1.8439
4.2489 4.4680 1.7668
4.3422 4.5025 1.9160
4.4374 4.5305 1.9638
4.5339 4.5521 2.1185
4.6312 4.5676 1.9584
4.7288 4.5777 1.9658
4.8262 4.5835 1.9082
4.9237 4.5851 1.8521
5.0210 4.5825 1.6501
5.1175 4.5739 1.8024
5.2106 4.5604 1.9628
5.2963 4.5354 2.0670
5.3774 4.4996 1.9705
5.4585 4.4625 2.0279
5.5404 4.4275 1.9787
5.6204 4.3901 1.8763
5.6994 4.3514 1.9009
5.7765 4.3096 1.9523
5.8520 4.2646 2.0983
5.9258 4.2170 2.1893
5.9970 4.1654 2.2987
6.0666 4.1108 2.3219
6.1353 4.0544 2.3510
6.2015 3.9951 2.4007
6.2658 3.9334 2.4440
6.3279 3.8693 2.4836
6.3882 3.8035 2.6009
6.4430 3.7333 2.5515
6.4946 3.6607 2.6278
6.5423 3.5856 2.6858
6.5871 3.5088 2.5914
6.6301 3.4309 2.5863
6.6726 3.3529 2.6579
6.7133 3.2743 2.6699
6.7506 3.1942 2.7218
6.7850 3.1131 2.7254
6.8148 3.0309 2.6550
6.8413 2.9481 2.6395
6.8646 2.8644 2.5772
6.8878 2.7807 2.5766
6.9102 2.6967 2.6398
6.9306 2.6120 2.6711
6.9484 2.5271 2.7136
6.9651 2.4419 2.7254
6.9799 2.3563 2.7142
6.9918 2.2699 2.6079
7.0029 2.1829 2.5832
7.0122 2.0958 2.5381
7.0192 2.0092 2.5060
7.0251 1.9225 2.5208
7.0298 1.8357 2.5046
7.0332 1.7491 2.5635
7.0354 1.6626 2.6751
7.0378 1.5760 2.5798
7.0384 1.4894 2.5375
7.0397 1.4032 2.5963
7.0415 1.3170 2.4655
7.0439 1.2304 2.3963
7.0462 1.1439 2.3905
7.0488 1.0572 2.3935
7.0523 0.9702 2.4592
7.0554 0.8836 2.3175
7.0587 0.7974 2.3765
7.0634 0.7116 2.4147
7.0692 0.6260 2.3272
7.0745 0.5404 2.4495
7.0805 0.4549 2.4641
7.0888 0.3697 2.0544
7.0979 0.2843 1.9497
7.1067 0.1986 1.7326
7.1152 0.1129 1.6302
7.1249 0.0271 1.5988
7.1362 -0.0587 1.6803
7.1476 -0.1442 1.6647
7.1600 -0.2293 1.7043
7.1735 -0.3144 1.5702
7.1885 -0.3998 1.5570
7.2055 -0.4847 1.3412
7.2243 -0.5691 1.4669
7.2441 -0.6535 1.3168
7.2659 -0.7375 1.3497
7.2882 -0.8211 1.4691
7.3113 -0.9043 1.5706
7.3356 -0.9873 1.5050
7.3626 -1.0698 1.3808
7.3917 -1.1522 1.3051
7.4233 -1.2344 1.3549
7.4578 -1.3155 1.3104
7.4954 -1.3954 1.2103
7.5346 -1.4747 1.1722
7.5759 -1.5536 1.2047
7.6196 -1.6315 1.2499
7.6660 -1.7077 1.2127
7.7141 -1.7825 1.1732
7.7629 -1.8564 1.4979
7.8126 -1.9295 1.6891
7.8646 -2.0013 1.6011
7.9190 -2.0716 1.5251
7.9761 -2.1404 1.4885
8.0356 -2.2081 1.4791
8.0981 -2.2741 1.6158
8.1618 -2.3398 1.6685
8.2278 -2.4033 1.7834
8.2963 -2.4639 1.7658
8.3674 -2.5222 1.8298
8.4405 -2.5791 1.8818
8.5157 -2.6335 1.9961
8.5919 -2.6861 1.9954
8.6701 -2.7359 1.9705
8.7509 -2.7819 1.9102
8.8332 -2.8251 1.8849
8.9165 -2.8657 1.9842
9.0010 -2.9043 1.9015
9.0862 -2.9414 1.9778
9.1721 -2.9764 2.0650
9.2585 -3.0098 2.0679
9.3460 -3.0401 2.1339
9.4343 -3.0674 2.1898
9.5241 -3.0920 2.0492
9.6147 -3.1163 2.1642
9.7062 -3.1389 2.3838
9.7981 -3.1609 2.3670
9.8907 -3.1809 2.1897
9.9836 -3.1992 2.2721
10.0766 -3.2169 2.1812
10.1699 -3.2299 2.1117
10.2632 -3.2379 2.2900
10.3564 -3.2421 1.9907
10.4495 -3.2462 1.9580
10.5425 -3.2483 1.9200
10.6355 -3.2473 1.8850
10.7288 -3.2456 1.9017
10.8207 -3.2410 1.7894
10.9067 -3.2280 1.6636
10.9863 -3.2096 1.6929
11.0613 -3.1839 1.6995
11.1371 -3.1591 1.5595
11.2148 -3.1391 1.5148
11.2933 -3.1216 1.4644
11.3725 -3.1069 1.2672
11.4520 -3.0905 1.2257
11.5317 -3.0742 1.1573
11.6116 -3.0592 1.2883
11.6919 -3.0451 1.4592
11.7718 -3.0301 1.4350
11.8515 -3.0140 1.5571
11.9314 -2.9987 1.7357
12.0111 -2.9834 1.6455
12.0912 -2.9674 1.6792
12.1716 -2.9515 1.6177
12.2523 -2.9356 1.6820
12.3326 -2.9182 1.7108
12.4124 -2.9002 1.7491
12.4924 -2.8819 1.9182
12.5726 -2.8634 1.9271
12.6519 -2.8439 1.9324
12.7310 -2.8255 1.9035
12.8104 -2.8066 2.0024
12.8898 -2.7866 2.1619
12.9683 -2.7654 2.1752
13.0463 -2.7422 2.1383
13.1245 -2.7187 2.1764
13.2024 -2.6947 2.2069
13.2808 -2.6713 2.1830
13.3595 -2.6470 2.1999
13.4386 -2.6234 2.2189
13.5175 -2.6004 2.2008
13.5962 -2.5770 2.1387
13.6744 -2.5535 2.0441
13.7531 -2.5307 2.0814
13.8324 -2.5089 2.1234
13.9117 -2.4873 2.1597
13.9909 -2.4652 2.0967
14.0698 -2.4416 1.9611
14.1482 -2.4163 2.1121
14.2260 -2.3907 2.0530
14.3042 -2.3659 1.9906
14.3821 -2.3413 2.0059
14.4596 -2.3161 1.9794
14.5377 -2.2935 1.9946
14.6160 -2.2723 1.9793
14.6941 -2.2498 1.8792
14.7717 -2.2259 1.9261
14.8495 -2.2023 1.8737
14.9271 -2.1783 1.9779
15.0046 -2.1538 1.8688
15.0822 -2.1285 2.0143
15.1596 -2.1027 1.9161
15.2362 -2.0755 1.8850
15.3124 -2.0478 1.8249
15.3895 -2.0208 1.7886
15.4662 -1.9931 1.8468
15.5433 -1.9663 1.8493
15.6202 -1.9374 1.7587
15.6965 -1.9071 1.7661
15.7724 -1.8761 1.6814
15.8481 -1.8437 1.8312
15.9235 -1.8100 2.0391
15.9978 -1.7740 2.1675
16.0704 -1.7349 1.6709
16.1420 -1.6937 1.8031
16.2117 -1.6490 1.9149
16.2803 -1.6023 1.7846
16.3464 -1.5516 1.7024
16.4098 -1.4973 1.6306
16.4699 -1.4397 1.5327
16.5256 -1.3783 1.8486
16.5768 -1.3129 1.7349
16.6238 -1.2443 1.8880
16.6653 -1.1722 1.8646
16.7030 -1.0972 1.7594
16.7363 -1.0200 1.8984
16.7643 -0.9408 1.8458
16.7841 -0.8592 2.0355
16.8006 -0.7768 1.9751
16.8105 -0.6936 2.1164
16.8122 -0.6099 1.7131
16.8097 -0.5264 1.4203
16.7997 -0.4443 1.6829
16.7811 -0.3647 1.6553
16.7552 -0.2876 1.4996
16.7210 -0.2140 1.4649
16.6797 -0.1441 1.3823
16.6364 -0.0745 1.3553
16.5878 -0.0090 1.4864
16.5346 0.0527 1.5160
16.4766 0.1099 1.5904
16.4133 0.1609 1.7669
16.3465 0.2068 1.8333
16.2786 0.2523 1.8177
16.2072 0.2913 1.9833
16.1328 0.3242 1.7847
16.0562 0.3510 1.8119
15.9784 0.3741 1.5674
15.8986 0.3910 1.2912
15.8182 0.4021 1.4691
15.7380 0.4118 1.3271
15.6582 0.4173 1.2980
15.5788 0.4188 1.2850
15.4996 0.4175 1.3436
15.4212 0.4114 1.2273
15.3433 0.4027 1.3805
15.2658 0.3915 1.3546
15.1887 0.3771 1.3000
15.1120 0.3584 1.0972
15.0359 0.3369 1.2958
14.9606 0.3128 1.3895
14.8858 0.2868 1.4134
14.8112 0.2593 1.4591
14.7372 0.2297 1.5285
14.6647 0.1968 1.6045
14.5917 0.1640 1.7598
14.5195 0.1289 1.5613
14.4479 0.0928 1.4603
14.3774 0.0549 1.3104
14.3080 0.0155 1.1398
14.2396 -0.0252 1.1932
14.1723 -0.0674 1.1832
14.1051 -0.1104 1.2860
14.0376 -0.1530 1.6225
13.9700 -0.1947 1.5222
13.9031 -0.2368 1.7348
13.8357 -0.2783 1.5542
13.7676 -0.3187 1.6193
13.6986 -0.3584 1.4597
13.6287 -0.3965 1.5028
13.5588 -0.4354 1.4644
13.4888 -0.4752 1.5177
13.4187 -0.5152 1.6900
13.3486 -0.5552 1.7249
13.2781 -0.5948 1.8278
13.2069 -0.6340 1.7880
13.1357 -0.6736 1.6362
13.0653 -0.7147 1.7226
12.9938 -0.7547 1.7819
12.9227 -0.7952 1.8876
12.8505 -0.8340 2.0172
12.7785 -0.8731 2.1308
12.7060 -0.9114 1.9944
12.6329 -0.9481 2.0196
12.5603 -0.9846 2.0761
12.4882 -1.0215 2.0698
12.4164 -1.0586 2.1552
12.3444 -1.0955 2.1504
12.2718 -1.1310 2.0913
12.1987 -1.1653 1.9693
12.1245 -1.1974 1.9327
12.0504 -1.2295 1.9974
11.9751 -1.2600 2.0690
11.8991 -1.2891 2.0976
11.8230 -1.3178 2.1933
11.7462 -1.3454 2.0159
11.6690 -1.3729 2.0283
11.5912 -1.3993 2.0609
11.5126 -1.4235 1.8999
11.4333 -1.4453 2.0173
11.3533 -1.4661 1.7337
11.2728 -1.4828 1.8522
11.1919 -1.4958 1.7041
11.1102 -1.5057 1.7005
11.0279 -1.5115 1.8056
10.9454 -1.5135 1.8188
10.8629 -1.5106 1.8766
10.7805 -1.5048 1.9496
10.6987 -1.4942 1.9580
10.6184 -1.4779 1.7506
10.5398 -1.4555 1.9763
10.4634 -1.4268 2.0761
10.3890 -1.3929 2.1284
10.3165 -1.3542 2.1815
10.2473 -1.3097 2.3557
10.1824 -1.2593 2.3290
10.1240 -1.2018 2.1270
10.0689 -1.1416 1.9071
10.0198 -1.0771 2.0720
9.9776 -1.0082 1.8111
9.9411 -0.9362 2.0351
9.9130 -0.8608 1.8914
9.8921 -0.7831 1.9839
9.8766 -0.7042 1.8826
9.8659 -0.6242 1.8348
9.8617 -0.5436 1.7193
9.8674 -0.4636 1.6950
9.8799 -0.3848 1.7833
9.8983 -0.3076 1.7124
9.9211 -0.2315 1.5184
9.9513 -0.1587 1.4660
9.9854 -0.0877 1.4521
10.0247 -0.0189 1.4370
10.0679 0.0479 1.3496
10.1166 0.1109 1.2460
10.1681 0.1713 1.1957
10.2247 0.2267 1.1460
10.2854 0.2773 1.1661
10.3481 0.3253 1.2334
10.4128 0.3697 1.2337
10.4786 0.4119 1.3479
10.5465 0.4498 1.2893
10.6158 0.4845 1.5022
10.6862 0.5165 1.2114
10.7574 0.5466 1.1330
10.8294 0.5744 1.0499
10.9020 0.5998 1.1561
10.9758 0.6216 1.1207
11.0497 0.6432 1.2515
11.1232 0.6646 1.3308
11.1967 0.6858 1.3687
11.2707 0.7057 1.3891
11.3444 0.7278 1.2333
11.4180 0.7503 1.1859
11.4913 0.7728 1.3868
11.5640 0.7959 1.3905
11.6357 0.8201 1.3619
11.7072 0.8434 1.2659
11.7786 0.8669 1.1386
11.8497 0.8921 1.1306
11.9201 0.9193 1.2161
11.9901 0.9470 1.2882
12.0598 0.9749 1.3260
12.1296 1.0029 1.4635
12.1985 1.0328 1.5661
12.2661 1.0652 1.6089
12.3324 1.0996 1.8125
12.3968 1.1371 1.9271
12.4594 1.1777 1.8034
12.5213 1.2190 1.8308
12.5817 1.2613 1.8898
12.6398 1.3062 1.9674
12.6958 1.3537 2.0504
12.7513 1.4024 2.2897
12.8053 1.4526 2.2588
12.8581 1.5047 2.1454
12.9093 1.5593 2.1256
12.9584 1.6160 2.1855
13.0054 1.6748 2.0884
13.0492 1.7358 2.2328
13.0910 1.7982 2.1235
13.1313 1.8614 2.1349
13.1676 1.9264 2.1600
13.2011 1.9928 2.2236
13.2303 2.0611 2.3857
13.2584 2.1299 2.3700
13.2844 2.1994 2.2816
13.3075 2.2695 2.2188
13.3299 2.3397 2.1412
13.3482 2.4108 2.1807
13.3644 2.4819 2.1650
13.3791 2.5528 2.3356
13.3920 2.6238 2.4512
13.4027 2.6948 2.3289
13.4108 2.7657 2.3863
13.4153 2.8371 2.7192
13.4186 2.9091 2.7709
13.4202 2.9813 2.8725
13.4211 3.0536 2.7967
13.4204 3.1262 2.7674
13.4181 3.1992 2.5446
13.4127 3.2721 2.4355
13.4053 3.3446 2.4409
13.3953 3.4168 2.4268
13.3831 3.4883 2.3114
13.3690 3.5592 2.2549
13.3531 3.6295 2.2430
13.3344 3.6987 2.2113
13.3145 3.7670 2.2749
13.2938 3.8346 2.2471
13.2726 3.9019 2.2241
13.2500 3.9690 2.2949
13.2257 4.0360 2.2833
13.2015 4.1036 2.3247
13.1770 4.1719 2.1587
13.1514 4.2402 2.3445
13.1248 4.3082 2.3245
13.0975 4.3761 2.3543
13.0695 4.4442 2.1305
13.0415 4.5126 2.1684
13.0135 4.5812 2.1686
12.9854 4.6500 2.2065
12.9570 4.7183 2.3811
12.9281 4.7859 2.4230
12.8986 4.8531 2.2728
12.8698 4.9202 2.3172
12.8411 4.9872 2.1250
12.8118 5.0541 2.0323
12.7815 5.1210 2.1188
12.7511 5.1877 2.0481
12.7224 5.2543 2.0489
12.6954 5.3210 2.0151
12.6675 5.3872 2.0390
12.6392 5.4533 1.8638
12.6102 5.5192 1.8525
12.5787 5.5843 1.9418
12.5474 5.6495 2.0780
12.5164 5.7147 1.9588
12.4849 5.7798 2.0944
12.4530 5.8448 2.4063
12.4212 5.9097 2.2079
12.3899 5.9748 2.1056
12.3601 6.0402 2.0462
12.3301 6.1054 2.1070
12.2998 6.1705 1.9967
12.2685 6.2356 2.1602
12.2367 6.3013 2.4210
12.2042 6.3665 2.3490
12.1706 6.4312 2.2381
12.1369 6.4962 2.2679
12.1031 6.5612 2.2691
12.0701 6.6265 2.2633
12.0377 6.6924 2.2382
12.0038 6.7578 1.9728
11.9693 6.8227 2.1733
11.9347 6.8873 2.1153
11.9009 6.9520 2.0286
11.8655 7.0159 1.8657
11.8297 7.0796 1.8234
11.7937 7.1432 1.8456
11.7569 7.2063 1.8272
11.7182 7.2691 1.9584
11.6783 7.3317 1.9841
11.6386 7.3941 1.9765
11.5986 7.4562 1.9987
11.5578 7.5178 2.0967
11.5158 7.5790 2.1184
11.4717 7.6391 2.0960
11.4273 7.6993 1.9911
11.3828 7.7597 1.9610
11.3380 7.8202 1.9742
11.2924 7.8804 2.0561
11.2455 7.9398 2.2029
11.1978 7.9979 2.3347
11.1485 8.0541 2.2924
11.0971 8.1085 2.3871
11.0451 8.1621 2.2128
10.9925 8.2156 2.2279
10.9383 8.2680 2.1429
10.8831 8.3194 2.1337
10.8259 8.3689 2.0979
10.7669 8.4162 2.0571
10.7072 8.4622 2.0940
10.6465 8.5071 2.0398
10.5851 8.5515 2.0320
10.5224 8.5948 2.0170
10.4581 8.6366 2.0507
10.3917 8.6758 2.0686
10.3245 8.7140 2.0797
10.2551 8.7486 2.1593
10.1851 8.7828 2.1806
10.1136 8.8154 2.2237
10.0402 8.8448 2.0903
9.9661 8.8730 2.0969
9.8909 8.8988 2.1202
9.8147 8.9214 2.0931
9.7386 8.9433 2.1373
9.6621 8.9640 2.1343
9.5849 8.9818 2.1754
9.5072 8.9976 2.1474
9.4291 9.0122 2.0600
9.3504 9.0250 2.1773
9.2713 9.0343 2.2042
9.1921 9.0402 2.2126
9.1125 9.0459 2.1350
9.0323 9.0510 2.1005
8.9515 9.0550 2.0009
8.8702 9.0555 1.9625
8.7886 9.0556 2.0876
8.7071 9.0553 2.0720
8.6258 9.0529 2.1013
8.5443 9.0493 2.0120
8.4632 9.0432 2.2640
8.3820 9.0355 2.3920
8.3010 9.0251 2.4379
8.2200 9.0133 2.1811
8.1388 8.9992 2.0038
8.0585 8.9820 2.1816
7.9781 8.9649 2.2351
7.8977 8.9468 2.1771
7.8176 8.9273 2.3474
7.7374 8.9078 2.4810
7.6570 8.8883 2.4541
7.5768 8.8674 2.3651
7.4968 8.8452 2.4623
7.4170 8.8220 2.4018
7.3371 8.7973 2.1745
7.2565 8.7753 2.1360
7.1767 8.7525 2.2363
7.0973 8.7279 2.4088
7.0179 8.7023 2.3543
6.9384 8.6769 2.3530
6.8591 8.6505 2.4183
6.7802 8.6239 2.3329
6.7012 8.5984 2.5481
6.6223 8.5725 2.4873
6.5439 8.5451 2.4888
6.4659 8.5185 2.2664
6.3884 8.4917 2.1999
6.3109 8.4639 2.2821
6.2329 8.4373 2.4156
6.1547 8.4116 2.5732
6.0760 8.3874 2.4905
5.9970 8.3635 2.7066
5.9176 8.3407 3.0826
5.8379 8.3184 2.7944
5.7581 8.2965 2.6936
5.6785 8.2743 2.9545
5.5989 8.2527 3.3773
5.5188 8.2323 3.2793
5.4394 8.2105 3.5584
5.3602 8.1891 3.4640
5.2809 8.1684 3.2927
5.2011 8.1483 3.1024
5.1217 8.1279 2.8211
5.0426 8.1059 2.7991
4.9635 8.0851 2.8644
4.8845 8.0648 2.7685
4.8051 8.0455 2.5132
4.7251 8.0276 2.1543
4.6448 8.0104 2.1037
4.5648 7.9927 2.2105
4.4850 7.9744 2.2817
4.4051 7.9560 2.2672
4.3251 7.9395 2.2203
4.2454 7.9223 2.1947
4.1657 7.9046 2.2119
4.0864 7.8873 2.2382
4.0075 7.8700 2.2614
3.9292 7.8526 2.3595
3.8510 7.8363 2.3876
3.7727 7.8184 2.4513
3.6943 7.7995 2.5103
3.6152 7.7811 2.5043
3.5361 7.7600 2.5913
3.4562 7.7392 2.6310
3.3762 7.7195 2.6417
3.2965 7.6992 2.6766
3.2171 7.6780 2.6026
3.1378 7.6559 2.5230
3.0582 7.6329 2.5042
2.9786 7.6094 2.5258
2.8992 7.5859 2.4740
2.8199 7.5622 2.4091
2.7407 7.5384 2.4364
2.6616 7.5150 2.3984
2.5832 7.4907 2.3668
2.5051 7.4656 2.3198
2.4272 7.4398 2.3254
2.3493 7.4131 2.3264
2.2717 7.3854 2.2526
2.1948 7.3574 2.3265
2.1182 7.3289 2.2851
2.0418 7.2997 2.3562
1.9654 7.2697 2.3885
1.8894 7.2384 2.3889
1.8140 7.2052 2.6057
1.7389 7.1706 2.5860
1.6634 7.1356 2.7668
1.5876 7.0995 2.9264
1.5119 7.0626 2.7662
1.4367 7.0247 2.6321
1.3616 6.9866 2.7848
1.2875 6.9464 2.8657
1.2145 6.9045 2.7369
1.1427 6.8614 2.5993
1.0724 6.8168 2.6342
1.0027 6.7723 2.7297
0.9337 6.7271 2.5944
0.8645 6.6825 2.6471
0.7964 6.6354 2.7679
0.7291 6.5868 2.9102
0.6628 6.5366 3.1944
0.5978 6.4852 2.8993
0.5338 6.4328 2.8653
0.4700 6.3790 2.9805
0.4072 6.3235 3.1007
0.3464 6.2661 3.1754
0.2871 6.2075 3.0459
0.2281 6.1480 3.0283
0.1689 6.0884 3.0475
0.1113 6.0270 2.9164
0.0563 5.9633 2.8800
0.0025 5.8990 2.7216
-0.0506 5.8344 2.7404
-0.1020 5.7688 2.8222
-0.1525 5.7022 2.7671
-0.2020 5.6345 2.7572
-0.2516 5.5666 2.8197
-0.3007 5.4984 2.8275
-0.3480 5.4289 2.7858
-0.3957 5.3594 2.7555
-0.4428 5.2893 2.8522
-0.4883 5.2184 3.0406
-0.5319 5.1465 3.0380
-0.5722 5.0730 2.9019
-0.6098 4.9986 2.8198
-0.6456 4.9231 2.7253
-0.6805 4.8471 2.8597
-0.7133 4.7703 2.9522
-0.7436 4.6920 2.9591
-0.7720 4.6126 2.9889
-0.8000 4.5329 2.8941
-0.8278 4.4528 2.8990
-0.8531 4.3722 2.9403
-0.8767 4.2914 2.7833
-0.8993 4.2110 2.8730
-0.9211 4.1308 2.9148
-0.9418 4.0503 2.8301
-0.9608 3.9693 2.9940
-0.9782 3.8875 2.8197
-0.9937 3.8048 2.8737
-1.0085 3.7219 2.6668
-1.0209 3.6381 2.5528
-1.0303 3.5534 2.5334
-1.0400 3.4682 2.4992
-1.0482 3.3827 2.5896
-1.0546 3.2972 2.6535
-1.0599 3.2121 2.6444
-1.0622 3.1275 2.6013
-1.0637 3.0429 2.5766
-1.0650 2.9581 2.5166
-1.0646 2.8729 2.5685
-1.0630 2.7872 2.4980
-1.0605 2.7011 2.6606
-1.0584 2.6150 2.6345
-1.0576 2.5287 2.7412
-1.0546 2.4427 2.8263
-1.0490 2.3571 2.6081
-1.0421 2.2720 2.7133
-1.0325 2.1875 2.6795
-1.0215 2.1033 2.8042
-1.0080 2.0191 3.0125
-0.9939 1.9351 2.7754
-0.9763 1.8516 2.7836
-0.9572 1.7679 2.6803
-0.9399 1.6831 2.6469
-0.9213 1.5983 2.6572
-0.9034 1.5132 2.4130
-0.8861 1.4281 2.3548
-0.8671 1.3435 2.4345
-0.8474 1.2590 2.2582
-0.8265 1.1748 2.2030
-0.8037 1.0909 2.1798
-0.7799 1.0072 2.2108
-0.7546 0.9242 2.2322
-0.7289 0.8415 2.2322
-0.7010 0.7600 2.1810
-0.6712 0.6789 2.1772
-0.6411 0.5976 2.1978
-0.6108 0.5165 2.1687
-0.5804 0.4354 2.1678
-0.5497 0.3545 2.3349
-0.5192 0.2736 2.1920
-0.4892 0.1928 2.1690
-0.4590 0.1120 2.2775
-0.4294 0.0308 2.2702
-0.3997 -0.0504 2.2496
-0.3704 -0.1318 2.2465
-0.3408 -0.2129 2.1864
-0.3109 -0.2938 2.1893
-0.2808 -0.3747 2.2569
-0.2521 -0.4560 2.3238
-0.2231 -0.5371 2.2246
-0.1951 -0.6188 2.1528
-0.1669 -0.7010 2.1343
-0.1371 -0.7833 2.1332
-0.1067 -0.8657 2.1673
-0.0767 -0.9484 2.2980
-0.0468 -1.0312 2.3461
-0.0172 -1.1140 2.3033
0.0108 -1.1971 2.3503
0.0399 -1.2799 2.4173
0.0703 -1.3621 2.3292
0.1008 -1.4442 2.2169
0.1326 -1.5257 2.2721
0.1621 -1.6080 2.3082
0.1914 -1.6905 2.2090
0.2215 -1.7728 2.3524
0.2520 -1.8550 2.3670
0.2826 -1.9373 2.2961
0.3119 -2.0207 2.3858
0.3420 -2.1042 2.3755
0.3729 -2.1873 2.3751
0.4047 -2.2702 2.3180
0.4365 -2.3529 2.3013
0.4692 -2.4350 2.3104
0.5025 -2.5173 2.3182
0.5362 -2.5996 2.3623
0.5711 -2.6815 2.4811
0.6051 -2.7644 2.4363
0.6398 -2.8474 2.4355
0.6770 -2.9291 2.4406
0.7149 -3.0102 2.3757
0.7527 -3.0915 2.4407
0.7909 -3.1724 2.4877
0.8305 -3.2521 2.4572
0.8716 -3.3309 2.5449
0.9137 -3.4095 2.6094
0.9562 -3.4882 2.7053
0.9998 -3.5664 2.9107
1.0458 -3.6434 3.0319
1.0940 -3.7194 2.9797
1.1431 -3.7951 2.8982
1.1940 -3.8704 2.9174
1.2468 -3.9448 2.8822
1.3005 -4.0186 2.8732
1.3550 -4.0920 2.8936
1.4117 -4.1640 2.9481
1.4708 -4.2337 3.1494
1.5322 -4.3015 3.0607
1.5950 -4.3680 3.1804
1.6604 -4.4323 3.1700
1.7287 -4.4929 3.1576
1.8008 -4.5489 2.9556
1.8752 -4.6016 2.9643
1.9518 -4.6504 2.9568
2.0302 -4.6963 2.9943
2.1102 -4.7394 2.9968
2.1916 -4.7786 2.9134
2.2749 -4.8127 2.8663
2.3596 -4.8427 2.9105
2.4454 -4.8686 2.9020
2.5321 -4.8913 3.0067
2.6192 -4.9102 2.9670
2.7064 -4.9233 2.9308
2.7940 -4.9305 2.8408
2.8823 -4.9346 2.8464
2.9707 -4.9335 2.8965
3.0586 -4.9277 2.8037
3.1457 -4.9158 2.9070
3.2297 -4.8929 2.9691
3.3139 -4.8677 2.9558
3.3978 -4.8412 2.9259
3.4793 -4.8093 2.9929
3.5582 -4.7723 3.0351
3.6356 -4.7318 3.1105
3.7111 -4.6877 3.1565
3.7846 -4.6394 3.1045
3.8558 -4.5880 3.0769
3.9233 -4.5319 3.1156
3.9887 -4.4724 3.0593
4.0517 -4.4105 3.0330
4.1094 -4.3443 3.0295
4.1648 -4.2762 3.0935
4.2201 -4.2081 3.0695
4.2707 -4.1365 3.0411
4.3174 -4.0621 3.0416
4.3581 -3.9846 2.9516
4.3939 -3.9044 2.9860
4.4257 -3.8223 3.0244
4.4542 -3.7391 3.0147
4.4787 -3.6548 3.0915
4.4991 -3.5699 3.0074
4.5165 -3.4845 2.9968
4.5309 -3.3984 3.1312
4.5420 -3.3118 3.0381
4.5502 -3.2248 2.9190
4.5540 -3.1375 2.7987
4.5552 -3.0499 2.6560
4.5526 -2.9621 2.6960
4.5454 -2.8747 2.7307
4.5361 -2.7874 2.6529
4.5255 -2.7000 2.5580
4.5120 -2.6131 2.6111
4.4968 -2.5269 2.5340
4.4791 -2.4413 2.4909
4.4584 -2.3562 2.4289
4.4360 -2.2715 2.3684
4.4101 -2.1880 2.4344
4.3825 -2.1050 2.2936
4.3550 -2.0220 2.2997
4.3272 -1.9398 2.3009
4.2991 -1.8581 2.2402
4.2695 -1.7770 2.3076
4.2386 -1.6962 2.3329
4.2093 -1.6147 2.4894
4.1789 -1.5336 2.4694
4.1474 -1.4534 2.4018
4.1151 -1.3737 2.5207
4.0831 -1.2945 2.7047
4.0502 -1.2163 2.5426
4.0176 -1.1377 2.5152
3.9826 -1.0595 2.5177
3.9474 -0.9808 2.3810
3.9109 -0.9024 2.2994
3.8739 -0.8246 2.2212
3.8363 -0.7472 2.3337
3.7993 -0.6686 2.3853
3.7615 -0.5899 2.2477
3.7247 -0.5106 2.2724
3.6878 -0.4313 2.2527
3.6514 -0.3516 2.1932
3.6143 -0.2718 2.2223
3.5764 -0.1916 2.2024
3.5387 -0.1112 2.1881
3.5011 -0.0306 2.2256
3.4652 0.0508 2.1854
3.4295 0.1323 2.2005
3.3952 0.2145 2.1731
3.3618 0.2973 2.1677
3.3278 0.3805 2.1047
3.2956 0.4645 2.1258
3.2645 0.5489 2.1439
3.2356 0.6338 2.0976
3.2060 0.7184 2.2469
3.1773 0.8034 2.3566
3.1522 0.8898 2.3905
3.1300 0.9769 2.3993
3.1084 1.0645 2.4629
3.0884 1.1527 2.4468
3.0691 1.2411 2.4216
3.0480 1.3294 2.2950
3.0297 1.4189 2.2126
3.0137 1.5089 2.2180
2.9986 1.5989 2.2009
2.9859 1.6887 2.1822
2.9740 1.7790 2.3526
2.9645 1.8699 2.3060
2.9550 1.9606 2.2900
2.9506 2.0513 2.2878
2.9470 2.1421 2.2940
2.9446 2.2330 2.2101
2.9449 2.3240 2.2521
2.9479 2.4152 2.2330
2.9554 2.5062 2.1392
2.9665 2.5971 2.2585
2.9792 2.6879 2.1631
2.9952 2.7785 2.0773
3.0131 2.8694 2.0671
3.0333 2.9601 2.0408
3.0557 3.0505 2.0015
3.0807 3.1402 1.9678
3.1098 3.2285 1.8358
3.1434 3.3147 1.9927
3.1794 3.3999 1.9169
3.2187 3.4837 1.9381
3.2628 3.5646 1.9851
3.3086 3.6450 2.0499
3.3583 3.7227 2.0053
3.4116 3.7976 2.0101
3.4678 3.8707 1.9587
3.5264 3.9417 2.0316
3.5875 4.0101 2.1070
3.6512 4.0763 2.1621
3.7183 4.1393 2.1632
3.7892 4.1987 2.2209
3.8634 4.2542 2.3378
3.9400 4.3066 2.4128
4.0188 4.3551 2.4442
4.1003 4.3994 2.5160
4.1842 4.4392 2.4959
4.2700 4.4757 2.6066
4.3577 4.5072 2.6612
4.4471 4.5323 2.6369
4.5376 4.5519 2.4514
4.6293 4.5660 2.3373
4.7218 4.5747 2.4181
4.8146 4.5786 2.5034
4.9077 4.5776 2.2959
5.0009 4.5721 2.4191
5.0939 4.5638 2.5448
5.1868 4.5518 2.5138
5.2783 4.5323 2.4798
5.3688 4.5079 2.4805
5.4578 4.4792 2.4677
5.5450 4.4457 2.4357
5.6307 4.4087 2.5667
5.7154 4.3689 2.5936
5.7981 4.3252 2.5748
5.8777 4.2769 2.6643
5.9550 4.2258 2.6554
6.0301 4.1713 2.6765
6.1012 4.1117 2.6833
6.1701 4.0488 2.7334
6.2351 3.9819 2.7418
6.2970 3.9121 2.7923
6.3551 3.8401 2.7830
6.4093 3.7655 2.7069
6.4610 3.6889 2.6840
6.5107 3.6114 2.5969
6.5577 3.5330 2.6873
6.6047 3.4546 2.5891
6.6499 3.3741 2.7319
6.6916 3.2912 2.7999
6.7305 3.2071 2.7173
6.7663 3.1215 2.6769
6.8003 3.0348 2.7562
6.8323 2.9470 2.6704
6.8607 2.8576 2.6884
6.8850 2.7674 2.7783
6.9064 2.6763 2.9395
6.9262 2.5850 2.8855
6.9452 2.4937 2.7834
6.9622 2.4021 2.7585
6.9770 2.3103 2.7694
6.9910 2.2184 2.7417
7.0037 2.1263 2.7198
7.0144 2.0337 2.6760
7.0230 1.9404 2.6746
7.0301 1.8469 2.6522
7.0353 1.7533 2.6190
7.0404 1.6598 2.5708
7.0443 1.5655 2.7164
7.0468 1.4712 2.7591
7.0498 1.3772 2.9003
7.0533 1.2833 2.8996
7.0578 1.1897 2.8939
7.0628 1.0955 3.1176
7.0684 1.0007 3.1513
7.0745 0.9058 3.1171
7.0807 0.8110 3.0192
7.0862 0.7163 3.0216
7.0920 0.6214 3.1991
7.0979 0.5259 3.2534
7.1044 0.4301 3.3609
7.1118 0.3346 3.5283
7.1194 0.2392 3.5351
7.1254 0.1437 3.3588
7.1338 0.0485 3.6040
7.1429 -0.0464 3.5137
7.1566 -0.1406 3.5298
7.1725 -0.2345 3.5657
7.1898 -0.3282 3.7966
7.2080 -0.4215 3.5638
7.2274 -0.5142 3.6741
7.2478 -0.6069 3.8415
7.2688 -0.6995 4.1646
7.2923 -0.7910 4.0791
7.3170 -0.8820 4.0447
7.3447 -0.9718 4.1427
7.3742 -1.0608 4.1670
7.4042 -1.1494 4.0098
7.4389 -1.2364 3.8704
7.4767 -1.3221 3.9014
7.5163 -1.4070 4.0014
7.5592 -1.4902 4.1398
7.6031 -1.5728 4.0728
7.6477 -1.6548 4.1298
7.6955 -1.7343 4.1234
7.7452 -1.8123 4.1112
7.7973 -1.8887 4.0502
7.8518 -1.9635 4.1035
7.9098 -2.0358 4.1489
7.9686 -2.1078 3.8733
8.0282 -2.1794 3.9787
8.0898 -2.2489 3.8998
8.1536 -2.3154 3.7570
8.2202 -2.3790 3.6273
8.2889 -2.4406 3.6617
8.3594 -2.5009 3.5546
8.4317 -2.5596 3.4095
8.5053 -2.6175 3.4057
8.5804 -2.6734 3.4704
8.6566 -2.7272 3.3899
8.7345 -2.7784 3.3228
8.8136 -2.8280 3.3219
8.8935 -2.8752 3.3347
8.9749 -2.9182 3.3498
9.0579 -2.9582 3.3630
9.1420 -2.9953 3.3267
9.2276 -3.0294 3.3286
9.3147 -3.0608 3.3281
9.4029 -3.0888 3.3849
9.4918 -3.1147 3.5015
9.5811 -3.1379 3.6102
9.6707 -3.1602 3.6603
9.7606 -3.1793 3.7100
9.8510 -3.1955 3.6284
9.9417 -3.2102 3.3955
10.0324 -3.2238 3.4067
10.1231 -3.2350 3.4457
10.2143 -3.2427 3.2524
10.3058 -3.2492 3.3621
10.3971 -3.2549 3.4636
10.4883 -3.2591 3.4965
10.5801 -3.2600 3.5461
10.6726 -3.2592 3.4692
10.7651 -3.2570 3.4563
10.8577 -3.2534 3.4261
10.9507 -3.2550 3.4805
11.0463 -3.2526 3.5618
11.1458 -3.2392 3.4376
11.2503 -3.2240 3.4310
11.3591 -3.2156 3.4000
11.4672 -3.2034 3.4274
11.5743 -3.1844 3.4089
11.6810 -3.1635 3.2840
11.7877 -3.1415 3.3352
11.8940 -3.1167 3.3334
12.0001 -3.0894 3.8917
12.1065 -3.0620 5.5892
12.2132 -3.0354 7.6033
12.3193 -3.0055 9.7087
12.4253 -2.9738 12.1139
12.5305 -2.9400 14.5259
12.6357 -2.9059 16.9543
12.7416 -2.8729 19.4604
12.8468 -2.8387 21.8290
12.9515 -2.8034 24.2655
13.0565 -2.7682 26.7453
13.1612 -2.7321 29.1169
