x y a
9.2126 9.0038 26.0319
9.1480 9.0113 23.8101
9.0829 9.0179 21.6802
9.0176 9.0232 19.5236
8.9522 9.0263 17.3714
8.8871 9.0286 15.2967
8.8220 9.0308 13.2761
8.7568 9.0326 11.2280
8.6915 9.0329 9.3768
8.6264 9.0334 7.5568
8.5610 9.0338 6.1623
8.4953 9.0322 5.4201
8.4295 9.0299 5.4706
8.3637 9.0264 5.5040
8.2977 9.0220 5.4595
8.2314 9.0162 5.4032
8.1654 9.0088 5.3608
8.0996 9.0003 5.2871
8.0339 8.9916 5.3341
7.9679 8.9823 5.2862
7.9014 8.9720 5.2275
7.8353 8.9603 5.1580
7.7696 8.9460 5.1168
7.7038 8.9311 5.0426
7.6381 8.9163 4.9072
7.5724 8.9019 4.8853
7.5068 8.8875 4.8024
7.4417 8.8712 4.8512
7.3771 8.8539 4.8111
7.3130 8.8355 4.7166
7.2493 8.8165 4.6763
7.1853 8.7979 4.6329
7.1208 8.7784 4.6626
7.0567 8.7561 4.7140
6.9925 8.7331 4.6157
6.9286 8.7098 4.5780
6.8652 8.6854 4.4572
6.8022 8.6601 4.4488
6.7385 8.6354 4.3968
6.6745 8.6108 4.3089
6.6105 8.5863 4.3055
6.5466 8.5624 4.2938
6.4826 8.5395 4.3259
6.4185 8.5170 4.2158
6.3540 8.4945 4.2439
6.2892 8.4719 4.2930
6.2241 8.4487 4.3488
6.1583 8.4258 4.1223
6.0930 8.4017 4.0203
6.0277 8.3780 4.1769
5.9623 8.3546 4.0411
5.8968 8.3321 3.9414
5.8311 8.3099 3.8163
5.7652 8.2893 3.8309
5.6994 8.2685 3.8061
5.6339 8.2470 3.7784
5.5679 8.2272 3.7198
5.5015 8.2085 3.5665
5.4351 8.1894 3.4210
5.3680 8.1721 3.3615
5.3006 8.1551 3.4138
5.2332 8.1385 3.3915
5.1658 8.1235 3.3213
5.0983 8.1102 3.3040
5.0305 8.0980 3.2146
4.9629 8.0852 3.1496
4.8958 8.0710 3.0664
4.8291 8.0571 3.0623
4.7627 8.0428 3.0449
4.6964 8.0268 2.8964
4.6301 8.0111 2.7926
4.5641 7.9938 2.8305
4.4978 7.9766 2.8153
4.4315 7.9590 2.7665
4.3654 7.9412 2.7073
4.2990 7.9248 2.6995
4.2322 7.9084 2.7802
4.1651 7.8917 2.6769
4.0979 7.8754 2.5793
4.0307 7.8585 2.5242
3.9637 7.8417 2.4908
3.8963 7.8254 2.5073
3.8283 7.8101 2.5420
3.7599 7.7960 2.5887
3.6914 7.7816 2.6241
3.6235 7.7647 2.6882
3.5560 7.7470 2.6878
3.4886 7.7295 2.6224
3.4209 7.7122 2.4797
3.3529 7.6950 2.5063
3.2847 7.6778 2.5609
3.2161 7.6606 2.5440
3.1476 7.6432 2.3865
3.0793 7.6257 2.3932
3.0109 7.6083 2.4157
2.9425 7.5900 2.5721
2.8740 7.5717 2.5010
2.8055 7.5546 2.4038
2.7376 7.5374 2.3702
2.6702 7.5185 2.3359
2.6028 7.4983 2.2013
2.5352 7.4767 1.9798
2.4673 7.4551 2.0080
2.3994 7.4327 2.1551
2.3308 7.4113 2.1631
2.2625 7.3889 1.9798
2.1947 7.3654 1.9970
2.1268 7.3418 1.8956
2.0592 7.3172 1.9001
1.9919 7.2916 1.7423
1.9254 7.2655 1.7241
1.8590 7.2390 1.8074
1.7925 7.2124 1.8109
1.7265 7.1856 1.7897
1.6613 7.1569 1.7359
1.5966 7.1270 1.7287
1.5328 7.0949 1.8782
1.4687 7.0626 1.9849
1.4050 7.0284 1.9694
1.3423 6.9917 2.2125
1.2794 6.9541 2.3056
1.2161 6.9162 2.2440
1.1527 6.8771 2.3904
1.0902 6.8363 2.3578
1.0282 6.7949 2.3436
0.9664 6.7532 2.6075
0.9053 6.7102 2.4459
0.8450 6.6653 2.3637
0.7851 6.6193 2.4990
0.7255 6.5727 2.6939
0.6661 6.5254 2.5867
0.6079 6.4765 2.8066
0.5505 6.4265 3.0777
0.4934 6.3755 2.8596
0.4366 6.3240 2.6495
0.3803 6.2720 2.5083
0.3250 6.2192 2.3519
0.2694 6.1666 2.4822
0.2153 6.1125 2.4453
0.1629 6.0569 2.4137
0.1106 6.0011 2.4602
0.0594 5.9446 2.3508
0.0096 5.8873 2.3498
-0.0396 5.8292 2.4524
-0.0877 5.7703 2.4619
-0.1354 5.7115 2.3943
-0.1826 5.6526 2.4621
-0.2272 5.5922 2.4251
-0.2724 5.5325 2.4157
-0.3156 5.4716 2.3774
-0.3567 5.4090 2.4229
-0.3971 5.3453 2.3788
-0.4367 5.2803 2.3868
-0.4769 5.2154 2.3438
-0.5161 5.1492 2.2977
-0.5538 5.0818 2.3713
-0.5908 5.0135 2.3475
-0.6262 4.9444 2.3220
-0.6601 4.8744 2.2015
-0.6929 4.8035 2.1409
-0.7250 4.7322 2.2082
-0.7560 4.6607 2.2558
-0.7855 4.5889 2.2296
-0.8144 4.5173 2.2054
-0.8397 4.4445 2.2151
-0.8636 4.3712 2.1105
-0.8874 4.2977 2.2274
-0.9101 4.2232 2.3385
-0.9319 4.1479 2.2971
-0.9523 4.0722 2.2236
-0.9703 3.9962 2.2344
-0.9862 3.9200 2.1839
-1.0012 3.8437 2.0068
-1.0148 3.7674 2.1006
-1.0263 3.6907 2.1712
-1.0350 3.6132 2.1378
-1.0415 3.5355 2.0999
-1.0476 3.4577 2.2481
-1.0541 3.3800 2.1783
-1.0604 3.3023 2.2429
-1.0665 3.2246 2.2258
-1.0712 3.1470 2.3245
-1.0739 3.0693 2.3113
-1.0753 2.9914 2.4320
-1.0759 2.9129 2.4839
-1.0768 2.8342 2.4142
-1.0754 2.7556 2.4691
-1.0719 2.6773 2.4885
-1.0671 2.5993 2.4249
-1.0604 2.5212 2.4241
-1.0532 2.4426 2.3601
-1.0461 2.3637 2.2027
-1.0382 2.2848 2.2203
-1.0290 2.2058 2.2590
-1.0185 2.1272 2.2763
-1.0065 2.0487 2.2736
-0.9931 1.9703 2.4176
-0.9776 1.8924 2.4666
-0.9619 1.8144 2.3307
-0.9460 1.7366 2.3709
-0.9290 1.6591 2.4087
-0.9120 1.5820 2.3886
-0.8953 1.5051 2.3410
-0.8762 1.4283 2.3991
-0.8550 1.3512 2.4692
-0.8332 1.2739 2.4911
-0.8118 1.1968 2.4167
-0.7903 1.1194 2.4233
-0.7692 1.0416 2.4734
-0.7458 0.9642 2.6954
-0.7217 0.8871 2.6639
-0.6985 0.8101 2.5577
-0.6746 0.7333 2.6563
-0.6487 0.6571 2.6944
-0.6217 0.5810 2.8764
-0.5938 0.5057 2.7587
-0.5657 0.4313 2.8039
-0.5362 0.3576 2.8249
-0.5075 0.2830 2.8442
-0.4797 0.2076 2.8463
-0.4517 0.1315 2.9012
-0.4231 0.0550 2.9246
-0.3940 -0.0215 2.9277
-0.3654 -0.0981 2.9452
-0.3376 -0.1751 2.9506
-0.3115 -0.2529 2.8991
-0.2857 -0.3306 3.0099
-0.2606 -0.4084 2.9843
-0.2349 -0.4861 3.0050
-0.2098 -0.5647 3.0113
-0.1837 -0.6435 3.0241
-0.1559 -0.7218 3.0590
-0.1285 -0.8000 3.0530
-0.0998 -0.8781 3.0725
-0.0716 -0.9567 3.0566
-0.0427 -1.0352 3.0516
-0.0138 -1.1137 3.1286
0.0142 -1.1921 3.0736
0.0428 -1.2702 3.1138
0.0720 -1.3481 3.1210
0.0998 -1.4266 3.0778
0.1270 -1.5055 2.9996
0.1544 -1.5845 2.9810
0.1815 -1.6636 2.9611
0.2080 -1.7426 2.9898
0.2340 -1.8218 2.9380
0.2610 -1.9007 2.9339
0.2903 -1.9790 3.1309
0.3191 -2.0578 3.1748
0.3483 -2.1367 3.2052
0.3771 -2.2160 3.2099
0.4062 -2.2953 3.2686
0.4353 -2.3743 3.3058
0.4648 -2.4533 3.3308
0.4955 -2.5322 3.2822
0.5272 -2.6107 3.2928
0.5590 -2.6892 3.1988
0.5926 -2.7672 3.2178
0.6261 -2.8454 3.1953
0.6617 -2.9227 3.1738
0.6983 -2.9993 3.1841
0.7336 -3.0765 3.0835
0.7690 -3.1539 3.1247
0.8047 -3.2315 3.0906
0.8419 -3.3088 3.0068
0.8801 -3.3854 2.9802
0.9192 -3.4614 3.0002
0.9592 -3.5367 3.0573
1.0016 -3.6109 3.0317
1.0468 -3.6839 2.9467
1.0939 -3.7560 3.1426
1.1413 -3.8278 2.9872
1.1920 -3.8969 2.8384
1.2428 -3.9656 2.8089
1.2965 -4.0321 2.7861
1.3512 -4.0974 2.7491
1.4074 -4.1605 2.7844
1.4647 -4.2225 2.7738
1.5238 -4.2825 2.7873
1.5844 -4.3411 2.7689
1.6463 -4.3989 2.7490
1.7092 -4.4560 2.8067
1.7739 -4.5113 2.7873
1.8418 -4.5626 2.8316
1.9115 -4.6117 2.9004
1.9832 -4.6570 2.8244
2.0557 -4.7007 2.8178
2.1291 -4.7424 2.8541
2.2052 -4.7788 2.9072
2.2830 -4.8122 3.0142
2.3619 -4.8429 3.0225
2.4416 -4.8709 2.9343
2.5222 -4.8940 2.8860
2.6036 -4.9134 2.9017
2.6858 -4.9287 2.9145
2.7689 -4.9386 2.9278
2.8521 -4.9435 2.9371
2.9357 -4.9432 2.9943
3.0197 -4.9403 3.0275
3.1030 -4.9317 3.0404
3.1856 -4.9183 3.0196
3.2687 -4.9062 3.0268
3.3506 -4.8876 3.0581
3.4301 -4.8619 3.1041
3.5074 -4.8313 3.1471
3.5833 -4.7970 3.1681
3.6574 -4.7584 3.1523
3.7277 -4.7135 3.1746
3.7969 -4.6665 3.2243
3.8629 -4.6153 3.2334
3.9259 -4.5609 3.2483
3.9854 -4.5026 3.2463
4.0429 -4.4418 3.2077
4.0984 -4.3792 3.2801
4.1493 -4.3133 3.3094
4.1952 -4.2441 3.3379
4.2384 -4.1732 3.3655
4.2811 -4.1022 3.3937
4.3211 -4.0302 3.3755
4.3566 -3.9558 3.3764
4.3887 -3.8797 3.3886
4.4189 -3.8027 3.3652
4.4445 -3.7241 3.3847
4.4688 -3.6452 3.2890
4.4904 -3.5656 3.2922
4.5073 -3.4848 3.3446
4.5220 -3.4036 3.3439
4.5350 -3.3223 3.2546
4.5427 -3.2402 3.2429
4.5469 -3.1576 3.2491
4.5454 -3.0752 3.2885
4.5437 -2.9932 3.2299
4.5406 -2.9118 3.2544
4.5356 -2.8306 3.1797
4.5282 -2.7498 3.0875
4.5180 -2.6694 3.0615
4.5052 -2.5891 2.9774
4.4919 -2.5086 3.0545
4.4772 -2.4281 3.1353
4.4614 -2.3475 3.1571
4.4434 -2.2671 3.1014
4.4225 -2.1869 3.1439
4.4007 -2.1069 3.0443
4.3779 -2.0272 3.0244
4.3529 -1.9481 3.1469
4.3271 -1.8691 3.0869
4.3000 -1.7904 3.1050
4.2723 -1.7118 3.1381
4.2437 -1.6336 3.2278
4.2136 -1.5560 3.2909
4.1811 -1.4791 3.3659
4.1474 -1.4027 3.3923
4.1113 -1.3276 3.4391
4.0749 -1.2524 3.4591
4.0379 -1.1772 3.5050
4.0025 -1.1010 3.5682
3.9667 -1.0248 3.5628
3.9303 -0.9495 3.6191
3.8931 -0.8750 3.7073
3.8557 -0.8006 3.8298
3.8180 -0.7266 3.9599
3.7800 -0.6526 3.9846
3.7434 -0.5771 3.9491
3.7070 -0.5010 4.0051
3.6709 -0.4247 3.9921
3.6350 -0.3479 4.0430
3.6020 -0.2694 4.0796
3.5706 -0.1902 4.0327
3.5385 -0.1111 4.0143
3.5063 -0.0320 3.9366
3.4746 0.0472 4.0196
3.4420 0.1260 4.0902
3.4092 0.2047 4.0580
3.3774 0.2841 4.0572
3.3464 0.3641 3.9858
3.3154 0.4442 3.9407
3.2865 0.5254 4.0130
3.2575 0.6066 4.0271
3.2287 0.6877 4.0002
3.2018 0.7693 4.0512
3.1754 0.8515 3.9654
3.1500 0.9345 3.9484
3.1247 1.0180 4.0151
3.1009 1.1020 3.9408
3.0801 1.1863 3.9362
3.0588 1.2700 3.9758
3.0380 1.3536 3.7860
3.0205 1.4377 3.7786
3.0048 1.5222 3.5748
2.9902 1.6066 3.6057
2.9764 1.6908 3.6188
2.9643 1.7747 3.6683
2.9532 1.8583 3.8277
2.9453 1.9425 3.9089
2.9414 2.0273 3.8908
2.9401 2.1123 3.9020
2.9402 2.1973 3.9257
2.9423 2.2820 3.7606
2.9460 2.3663 3.6681
2.9522 2.4504 3.6865
2.9593 2.5348 3.6296
2.9674 2.6198 3.4691
2.9790 2.7053 3.4032
2.9932 2.7910 3.3973
3.0104 2.8762 3.3086
3.0289 2.9611 3.3699
3.0495 3.0455 3.3627
3.0732 3.1290 3.2441
3.1013 3.2110 3.0932
3.1328 3.2922 3.0943
3.1679 3.3723 3.1013
3.2053 3.4520 3.0965
3.2450 3.5309 3.1832
3.2864 3.6088 3.1922
3.3319 3.6842 3.2316
3.3798 3.7579 3.2025
3.4299 3.8304 3.1748
3.4843 3.8999 3.1170
3.5413 3.9672 3.0639
3.6018 4.0318 3.0288
3.6651 4.0942 3.0483
3.7313 4.1537 3.0217
3.8000 4.2104 3.0333
3.8709 4.2642 3.0470
3.9446 4.3139 3.1010
4.0200 4.3610 3.1407
4.0980 4.4034 3.1628
4.1789 4.4399 3.1138
4.2616 4.4731 3.1197
4.3457 4.5023 3.1012
4.4315 4.5252 3.1100
4.5187 4.5455 3.1259
4.6073 4.5616 3.1873
4.6963 4.5741 3.2030
4.7854 4.5819 3.1878
4.8745 4.5855 3.2230
4.9641 4.5837 3.3160
5.0544 4.5772 3.2494
5.1424 4.5652 3.3825
5.2248 4.5430 3.3429
5.3071 4.5189 3.4260
5.3890 4.4931 3.4303
5.4697 4.4632 3.6579
5.5493 4.4307 3.5706
5.6277 4.3959 3.6369
5.7041 4.3576 3.6168
5.7778 4.3151 3.7096
5.8501 4.2704 3.8477
5.9205 4.2222 3.7018
5.9898 4.1716 3.5672
6.0572 4.1182 3.7744
6.1220 4.0620 3.7567
6.1853 4.0037 3.7960
6.2472 3.9433 4.0203
6.3074 3.8809 4.0179
6.3648 3.8159 3.7745
6.4175 3.7471 3.7818
6.4694 3.6774 3.8360
6.5175 3.6051 3.7608
6.5627 3.5313 3.7398
6.6060 3.4566 3.7615
6.6480 3.3815 3.5726
6.6874 3.3052 3.4704
6.7249 3.2279 3.4380
6.7589 3.1486 3.4815
6.7905 3.0684 3.4010
6.8222 2.9885 3.3494
6.8491 2.9071 3.3210
6.8729 2.8243 3.2972
6.8951 2.7408 3.3498
6.9163 2.6569 3.2886
6.9345 2.5725 3.2581
6.9507 2.4876 3.3106
6.9658 2.4029 3.4297
6.9809 2.3193 3.3807
6.9927 2.2359 3.3835
7.0046 2.1524 3.3771
7.0151 2.0685 3.3990
7.0227 1.9839 3.4623
7.0274 1.8991 3.3308
7.0328 1.8145 3.2260
7.0378 1.7301 3.0994
7.0422 1.6458 2.9653
7.0464 1.5617 2.9659
7.0496 1.4777 2.8864
7.0527 1.3938 2.8299
7.0550 1.3099 2.8625
7.0576 1.2262 2.8687
7.0611 1.1428 2.8833
7.0650 1.0600 2.8066
7.0704 0.9774 2.7881
7.0747 0.8947 2.7686
7.0770 0.8121 2.7735
7.0780 0.7295 2.8330
7.0803 0.6468 2.7742
7.0812 0.5640 2.8381
7.0827 0.4809 2.8675
7.0845 0.3977 2.8518
7.0892 0.3147 2.8799
7.0960 0.2319 2.9072
7.1060 0.1494 2.8316
7.1157 0.0669 2.7675
7.1274 -0.0154 2.7045
7.1406 -0.0972 2.8180
7.1547 -0.1788 2.8719
7.1688 -0.2605 2.7892
7.1830 -0.3420 2.6967
7.1978 -0.4231 2.6746
7.2144 -0.5038 2.6366
7.2331 -0.5841 2.6672
7.2526 -0.6644 2.7312
7.2744 -0.7442 2.7384
7.2983 -0.8234 2.6789
7.3221 -0.9026 2.6239
7.3476 -0.9811 2.7477
7.3744 -1.0588 2.8446
7.4035 -1.1358 2.9101
7.4337 -1.2124 2.8638
7.4650 -1.2883 2.7607
7.4972 -1.3634 2.7185
7.5319 -1.4374 2.7802
7.5685 -1.5107 2.7178
7.6089 -1.5823 2.7209
7.6509 -1.6531 2.7701
7.6945 -1.7235 2.7257
7.7398 -1.7934 2.7853
7.7871 -1.8630 2.8343
7.8363 -1.9319 2.8271
7.8864 -2.0001 2.7567
7.9385 -2.0668 2.6637
7.9930 -2.1319 2.7033
8.0500 -2.1953 2.7100
8.1094 -2.2571 2.7916
8.1701 -2.3172 2.7601
8.2328 -2.3755 2.6551
8.2977 -2.4324 2.6076
8.3644 -2.4878 2.6035
8.4319 -2.5424 2.7052
8.5008 -2.5950 2.7377
8.5718 -2.6440 2.6966
8.6439 -2.6918 2.6683
8.7179 -2.7386 2.6676
8.7941 -2.7830 2.7364
8.8722 -2.8246 2.8020
8.9518 -2.8639 2.8558
9.0325 -2.9010 2.6610
9.1147 -2.9353 2.7639
9.1974 -2.9691 2.8077
9.2808 -3.0016 2.7593
9.3655 -3.0298 2.8130
9.4506 -3.0565 2.8179
9.5362 -3.0819 2.8291
9.6226 -3.1049 2.8076
9.7092 -3.1263 2.8447
9.7963 -3.1464 2.8727
9.8842 -3.1646 2.8747
9.9728 -3.1793 2.9233
10.0615 -3.1926 3.0078
10.1506 -3.2045 2.9745
10.2403 -3.2130 3.0041
10.3302 -3.2202 3.0259
10.4198 -3.2250 3.0845
10.5089 -3.2269 3.1487
10.5977 -3.2270 3.1602
10.6862 -3.2246 3.1109
10.7736 -3.2196 3.1801
10.8592 -3.2061 3.1741
10.9456 -3.1924 3.0700
11.0322 -3.1792 3.1358
11.1184 -3.1656 3.2142
11.2048 -3.1539 3.3084
11.2915 -3.1434 3.3401
11.3778 -3.1306 3.3519
11.4641 -3.1178 3.2705
11.5508 -3.1045 3.1257
11.6371 -3.0893 3.1767
11.7230 -3.0724 3.1398
11.8081 -3.0544 3.0887
11.8930 -3.0355 3.0148
11.9787 -3.0183 3.0009
12.0640 -2.9996 2.9721
12.1493 -2.9802 2.8409
12.2347 -2.9606 2.7728
12.3196 -2.9395 2.7218
12.4041 -2.9167 2.8051
12.4893 -2.8937 2.6743
12.5751 -2.8705 2.8193
12.6608 -2.8457 2.7367
12.7477 -2.8241 2.7136
12.8346 -2.8019 2.7652
12.9218 -2.7806 2.7541
13.0091 -2.7601 2.5534
13.0958 -2.7371 2.5461
13.1826 -2.7136 2.5625
13.2691 -2.6889 2.5264
13.3552 -2.6630 2.4168
13.4417 -2.6383 2.4298
13.5283 -2.6121 2.4283
13.6155 -2.5857 2.3337
13.7026 -2.5585 2.4051
13.7899 -2.5319 2.4405
13.8774 -2.5057 2.4039
13.9647 -2.4797 2.3813
14.0515 -2.4531 2.3189
14.1382 -2.4263 2.4409
14.2250 -2.3991 2.2424
14.3124 -2.3735 2.2998
14.3998 -2.3475 2.1871
14.4874 -2.3225 2.1374
14.5747 -2.2978 2.0587
14.6619 -2.2720 1.9543
14.7489 -2.2453 1.9730
14.8361 -2.2193 1.8393
14.9234 -2.1933 1.7381
15.0105 -2.1665 1.6000
15.0962 -2.1380 1.5895
15.1812 -2.1086 1.4945
15.2666 -2.0801 1.6150
15.3521 -2.0498 1.5413
15.4383 -2.0201 1.5667
15.5249 -1.9900 1.4850
15.6110 -1.9581 1.4786
15.6965 -1.9242 1.4059
15.7820 -1.8913 1.4615
15.8658 -1.8551 1.5598
15.9481 -1.8161 1.5211
16.0293 -1.7743 1.5304
16.1100 -1.7306 1.6318
16.1892 -1.6836 1.6066
16.2666 -1.6341 1.7012
16.3421 -1.5819 1.6365
16.4153 -1.5270 1.6743
16.4858 -1.4690 1.8641
16.5520 -1.4071 1.9207
16.6145 -1.3420 2.1037
16.6723 -1.2726 2.0816
16.7263 -1.2002 1.8485
16.7711 -1.1224 1.7797
16.8051 -1.0397 1.7574
16.8369 -0.9554 1.7313
16.8637 -0.8694 1.8199
16.8800 -0.7813 1.7747
16.8886 -0.6925 1.9507
16.8859 -0.6038 1.9103
16.8801 -0.5148 1.9114
16.8638 -0.4275 2.0089
16.8382 -0.3426 2.0937
16.8034 -0.2615 2.1027
16.7661 -0.1809 2.1972
16.7239 -0.1034 2.1213
16.6758 -0.0300 1.9042
16.6242 0.0406 1.8357
16.5689 0.1079 1.9744
16.5075 0.1700 1.7240
16.4409 0.2272 1.7846
16.3701 0.2796 1.7163
16.2957 0.3269 1.4383
16.2187 0.3699 1.4785
16.1394 0.4090 1.6565
16.0573 0.4420 1.6538
15.9733 0.4690 1.7868
15.8878 0.4901 2.2395
15.8011 0.5067 2.3188
15.7140 0.5178 2.3592
15.6275 0.5219 2.2222
15.5414 0.5221 2.2711
15.4554 0.5176 2.5787
15.3701 0.5070 2.2065
15.2852 0.4923 2.4490
15.2008 0.4748 2.6306
15.1176 0.4525 2.6103
15.0362 0.4250 2.6458
14.9551 0.3964 2.4163
14.8757 0.3638 2.2730
14.7966 0.3299 2.2890
14.7179 0.2955 2.5164
14.6395 0.2602 2.4020
14.5624 0.2219 1.8422
14.4851 0.1841 1.9005
14.4088 0.1444 1.7508
14.3322 0.1050 1.6769
14.2557 0.0655 1.9243
14.1795 0.0256 2.0430
14.1034 -0.0145 1.8102
14.0276 -0.0552 1.8195
13.9520 -0.0957 1.8064
13.8768 -0.1364 1.6560
13.8019 -0.1778 1.6830
13.7272 -0.2195 1.6327
13.6520 -0.2600 1.6678
13.5762 -0.2992 1.7320
13.5019 -0.3405 1.7229
13.4267 -0.3800 1.7912
13.3528 -0.4214 1.6777
13.2797 -0.4628 1.7583
13.2072 -0.5056 1.8399
13.1334 -0.5475 1.8115
13.0594 -0.5893 1.8420
12.9848 -0.6311 1.7983
12.9097 -0.6725 1.8819
12.8346 -0.7140 1.9440
12.7594 -0.7550 1.9314
12.6844 -0.7952 1.9331
12.6087 -0.8338 1.9941
12.5330 -0.8731 2.0268
12.4564 -0.9110 2.0241
12.3802 -0.9495 2.0512
12.3044 -0.9878 2.1456
12.2284 -1.0253 2.1890
12.1510 -1.0603 2.1423
12.0728 -1.0940 2.2534
11.9946 -1.1275 2.3607
11.9161 -1.1598 2.0923
11.8380 -1.1919 2.2938
11.7597 -1.2232 2.3773
11.6811 -1.2542 2.3437
11.6023 -1.2847 2.3321
11.5235 -1.3145 2.4458
11.4438 -1.3419 2.3475
11.3639 -1.3695 2.3804
11.2828 -1.3958 2.4108
11.2010 -1.4217 2.5949
11.1184 -1.4450 2.5095
11.0352 -1.4647 2.5278
10.9510 -1.4779 2.5372
10.8660 -1.4841 2.5501
10.7811 -1.4842 2.6757
10.6967 -1.4784 2.6806
10.6129 -1.4663 2.7480
10.5312 -1.4455 2.6796
10.4522 -1.4176 2.5074
10.3770 -1.3818 2.3605
10.3055 -1.3394 2.4305
10.2384 -1.2904 2.4079
10.1758 -1.2357 2.5314
10.1193 -1.1750 2.5392
10.0700 -1.1080 2.5541
10.0270 -1.0362 2.6803
9.9903 -0.9611 2.6920
9.9587 -0.8834 2.6706
9.9332 -0.8032 2.7157
9.9164 -0.7209 2.8126
9.9089 -0.6374 2.8397
9.9106 -0.5534 2.7982
9.9212 -0.4700 2.8741
9.9407 -0.3882 2.8569
9.9674 -0.3079 2.7774
9.9970 -0.2282 2.8447
10.0349 -0.1533 2.8167
10.0809 -0.0840 2.6879
10.1287 -0.0156 2.6941
10.1814 0.0494 2.7287
10.2379 0.1113 2.6666
10.2979 0.1697 2.7137
10.3616 0.2234 2.7465
10.4288 0.2724 2.8672
10.4975 0.3183 2.8572
10.5686 0.3599 2.8787
10.6402 0.4001 3.1691
10.7134 0.4373 2.9285
10.7876 0.4722 2.7793
10.8630 0.5042 2.9281
10.9393 0.5336 2.9355
11.0161 0.5606 2.8998
11.0935 0.5852 2.8889
11.1706 0.6111 2.8779
11.2484 0.6348 2.6258
11.3265 0.6573 2.4229
11.4037 0.6814 2.4307
11.4805 0.7066 2.4244
11.5579 0.7308 2.2997
11.6354 0.7555 2.2229
11.7126 0.7812 2.1656
11.7889 0.8088 2.0656
11.8651 0.8359 2.1179
11.9416 0.8623 2.0375
12.0178 0.8907 2.0891
12.0941 0.9200 2.1118
12.1703 0.9514 1.9906
12.2453 0.9860 1.9483
12.3192 1.0233 1.8997
12.3938 1.0606 1.9586
12.4686 1.0986 1.9338
12.5415 1.1405 2.2962
12.6138 1.1843 2.3942
12.6843 1.2320 2.2314
12.7515 1.2841 2.0725
12.8157 1.3394 2.0660
12.8764 1.3982 2.0413
12.9356 1.4580 1.9252
12.9922 1.5200 1.8517
13.0454 1.5850 1.6618
13.0927 1.6544 1.7781
13.1378 1.7251 1.8439
13.1798 1.7974 1.8566
13.2181 1.8715 2.0166
13.2532 1.9470 1.9467
13.2869 2.0234 1.9817
13.3181 2.1007 1.9489
13.3455 2.1793 2.1787
13.3678 2.2598 2.3889
13.3880 2.3410 2.3562
13.4055 2.4231 2.3262
13.4198 2.5061 2.2254
13.4323 2.5892 2.3051
13.4431 2.6724 2.4665
13.4515 2.7563 2.4934
13.4549 2.8409 2.5405
13.4541 2.9256 2.7685
13.4496 3.0105 3.0110
13.4409 3.0953 2.8616
13.4297 3.1801 2.7638
13.4189 3.2651 2.9104
13.4064 3.3499 2.9743
13.3910 3.4345 2.9868
13.3723 3.5188 2.7840
13.3521 3.6031 2.6573
13.3330 3.6879 2.6218
13.3109 3.7714 2.7215
13.2883 3.8542 2.7118
13.2644 3.9365 2.6588
13.2385 4.0192 2.8712
13.2121 4.1022 2.8108
13.1882 4.1860 2.8545
13.1605 4.2684 2.7731
13.1304 4.3498 2.7202
13.0981 4.4307 2.7462
13.0654 4.5114 2.9007
13.0313 4.5919 2.9623
12.9985 4.6730 2.8859
12.9653 4.7538 2.6634
12.9349 4.8356 2.7440
12.9024 4.9167 2.7620
12.8713 4.9983 2.7079
12.8374 5.0784 2.6463
12.8015 5.1576 2.6977
12.7640 5.2364 2.5744
12.7290 5.3162 2.5505
12.6921 5.3953 2.5836
12.6551 5.4750 2.6709
12.6188 5.5555 2.7371
12.5818 5.6357 2.7292
12.5436 5.7155 2.7152
12.5088 5.7969 2.6992
12.4731 5.8777 2.7202
12.4395 5.9592 2.5888
12.4020 6.0394 2.5836
12.3635 6.1195 2.6294
12.3260 6.2008 2.5642
12.2886 6.2829 2.5479
12.2565 6.3668 2.6423
12.2218 6.4499 2.6434
12.1860 6.5327 2.7074
12.1476 6.6144 2.7221
12.1075 6.6956 2.7312
12.0652 6.7760 2.7051
12.0235 6.8571 2.7277
11.9789 6.9373 2.7187
11.9339 7.0175 2.7146
11.8872 7.0973 2.7070
11.8379 7.1760 2.7829
11.7867 7.2532 2.8343
11.7393 7.3326 2.7435
11.6912 7.4115 2.7697
11.6464 7.4923 2.7429
11.5998 7.5727 2.7084
11.5488 7.6503 2.6293
11.4941 7.7252 2.5722
11.4360 7.7977 2.6166
11.3757 7.8687 2.6301
11.3160 7.9406 2.7058
11.2529 8.0096 2.6590
11.1879 8.0774 2.6651
11.1227 8.1450 2.6899
11.0563 8.2112 2.7052
10.9878 8.2754 2.6597
10.9179 8.3372 2.7523
10.8459 8.3957 2.7899
10.7765 8.4575 2.8902
10.7112 8.5228 2.8082
10.6472 8.5888 2.7349
10.5794 8.6509 2.8821
10.5066 8.7071 2.8501
10.4292 8.7556 2.7662
10.3485 8.7988 2.7823
10.2661 8.8393 2.8628
10.1819 8.8751 2.9204
10.0956 8.9052 2.9670
10.0084 8.9328 2.9621
9.9200 8.9576 2.9951
9.8309 8.9808 3.0250
9.7422 9.0056 2.9959
9.6527 9.0258 3.0069
9.5620 9.0427 2.9493
9.4705 9.0565 3.0010
9.3787 9.0664 2.9705
9.2871 9.0740 2.9637
9.1958 9.0789 2.8673
9.1047 9.0835 2.8263
9.0137 9.0880 2.8676
8.9223 9.0905 2.9312
8.8310 9.0924 2.8591
8.7401 9.0908 2.8633
8.6495 9.0856 2.7918
8.5591 9.0777 2.6884
8.4690 9.0676 2.7986
8.3792 9.0560 2.8458
8.2895 9.0428 2.8671
8.2003 9.0279 2.7956
8.1117 9.0120 2.6790
8.0233 8.9950 2.5275
7.9352 8.9757 2.4646
7.8476 8.9554 2.4307
7.7603 8.9338 2.3494
7.6733 8.9111 2.3405
7.5869 8.8865 2.3456
7.5009 8.8610 2.3354
7.4150 8.8359 2.3760
7.3293 8.8088 2.3787
7.2432 8.7805 2.3970
7.1572 8.7515 2.5646
7.0714 8.7220 2.8434
6.9852 8.6934 3.1791
6.8987 8.6653 3.4208
6.8126 8.6368 3.2541
6.7272 8.6075 3.3690
6.6419 8.5782 3.1633
6.5568 8.5483 3.2618
6.4725 8.5168 3.1191
6.3885 8.4852 3.2632
6.3044 8.4539 3.1963
6.2203 8.4222 3.0071
6.1354 8.3915 2.9350
6.0498 8.3627 3.2220
5.9636 8.3361 3.3210
5.8768 8.3097 3.3706
5.7895 8.2848 3.3295
5.7011 8.2621 3.4997
5.6114 8.2400 3.3690
5.5213 8.2179 3.0047
5.4308 8.1981 2.9348
5.3407 8.1776 2.8983
5.2506 8.1567 2.7522
5.1607 8.1350 2.8012
5.0703 8.1152 2.7135
4.9800 8.0952 2.5811
4.8897 8.0748 2.6338
4.7994 8.0552 2.6669
4.7092 8.0356 2.7669
4.6193 8.0142 2.7344
4.5301 7.9919 2.7798
4.4411 7.9712 2.7170
4.3522 7.9515 2.7069
4.2638 7.9295 2.6581
4.1748 7.9080 2.5628
4.0857 7.8867 2.4770
3.9965 7.8658 2.5740
3.9068 7.8455 2.5577
3.8170 7.8239 2.6825
3.7271 7.8019 2.7204
3.6368 7.7806 2.6065
3.5462 7.7595 2.5725
3.4555 7.7366 2.4941
3.3648 7.7128 2.5483
3.2738 7.6890 2.4677
3.1827 7.6646 2.5299
3.0916 7.6410 2.5750
3.0008 7.6168 2.5183
2.9102 7.5917 2.5550
2.8202 7.5660 2.4887
2.7305 7.5395 2.4616
2.6409 7.5121 2.4203
2.5512 7.4846 2.3006
2.4619 7.4561 2.1592
2.3729 7.4271 2.2083
2.2849 7.3951 2.1015
2.1973 7.3615 2.0230
2.1100 7.3262 2.0898
2.0225 7.2899 2.1320
1.9338 7.2554 2.1490
1.8456 7.2190 2.1517
1.7583 7.1797 2.0545
1.6703 7.1415 1.9633
1.5828 7.1023 1.8471
1.4958 7.0620 1.6876
1.4104 7.0193 1.6641
1.3253 6.9756 1.6686
1.2409 6.9312 1.4965
1.1566 6.8869 1.3353
1.0739 6.8399 1.1956
0.9926 6.7902 1.1066
0.9133 6.7379 1.1523
0.8354 6.6844 1.1363
0.7587 6.6292 1.1320
0.6839 6.5710 1.2647
0.6103 6.5107 1.2977
0.5375 6.4486 1.2800
0.4655 6.3852 1.3308
0.3939 6.3207 1.4087
0.3246 6.2537 1.5102
0.2569 6.1846 1.5505
0.1898 6.1144 1.5845
0.1229 6.0446 1.7308
0.0576 5.9738 1.7748
-0.0062 5.9015 1.9116
-0.0688 5.8280 2.0350
-0.1296 5.7526 2.1122
-0.1888 5.6756 2.0765
-0.2453 5.5966 2.1223
-0.3000 5.5156 2.3587
-0.3518 5.4323 2.4694
-0.4013 5.3479 2.6750
-0.4486 5.2621 2.4714
-0.4930 5.1750 2.4258
-0.5383 5.0885 2.4524
-0.5832 5.0020 2.5907
-0.6260 4.9148 2.4430
-0.6666 4.8266 2.5716
-0.7060 4.7378 2.7193
-0.7439 4.6479 2.8494
-0.7804 4.5575 2.9143
-0.8150 4.4661 2.8986
-0.8464 4.3730 2.8492
-0.8759 4.2788 2.7615
-0.9040 4.1837 2.7868
-0.9289 4.0874 2.7963
-0.9536 3.9910 2.9657
-0.9745 3.8937 2.9497
-0.9940 3.7965 2.8121
-1.0120 3.6993 2.7422
-1.0264 3.6016 2.8040
-1.0381 3.5035 2.8964
-1.0479 3.4052 2.8082
-1.0557 3.3068 2.6843
-1.0624 3.2085 2.5351
-1.0682 3.1099 2.5344
-1.0723 3.0113 2.5024
-1.0742 2.9129 2.6119
-1.0745 2.8152 2.6174
-1.0713 2.7181 2.6519
-1.0654 2.6216 2.7431
-1.0579 2.5253 2.6943
-1.0488 2.4292 2.6637
-1.0381 2.3331 2.7256
-1.0249 2.2371 2.9838
-1.0091 2.1418 2.8495
-0.9911 2.0469 2.8891
-0.9720 1.9521 3.0150
-0.9536 1.8572 2.9028
-0.9346 1.7629 2.7203
-0.9138 1.6691 2.7454
-0.8924 1.5755 3.0051
-0.8702 1.4820 2.8871
-0.8461 1.3890 2.8449
-0.8228 1.2959 3.1345
-0.7995 1.2030 3.1446
-0.7755 1.1103 2.9382
-0.7503 1.0176 2.9228
-0.7243 0.9245 2.7814
-0.6954 0.8314 2.8961
-0.6656 0.7382 2.7953
-0.6353 0.6453 2.7445
-0.6025 0.5528 2.6982
-0.5695 0.4605 2.6712
-0.5368 0.3685 2.5438
-0.5029 0.2770 2.6434
-0.4675 0.1863 2.5573
-0.4336 0.0950 2.5622
-0.4030 0.0028 2.4563
-0.3708 -0.0882 2.3593
-0.3390 -0.1789 2.4917
-0.3048 -0.2688 2.4512
-0.2698 -0.3585 2.4692
-0.2355 -0.4487 2.4803
-0.2026 -0.5395 2.6014
-0.1690 -0.6299 2.5680
-0.1373 -0.7208 2.5888
-0.1065 -0.8115 2.6987
-0.0782 -0.9025 2.6388
-0.0503 -0.9937 2.6248
-0.0231 -1.0851 2.4621
0.0057 -1.1760 2.1198
0.0351 -1.2671 1.9939
0.0648 -1.3586 1.9763
0.0958 -1.4496 1.9057
0.1259 -1.5408 1.8479
0.1568 -1.6314 1.8509
0.1882 -1.7220 1.6701
0.2194 -1.8123 1.7629
0.2522 -1.9022 1.6470
0.2860 -1.9922 1.6991
0.3205 -2.0820 1.5963
0.3552 -2.1715 1.5534
0.3895 -2.2613 1.5204
0.4221 -2.3520 1.5978
0.4553 -2.4424 1.4889
0.4897 -2.5328 1.4925
0.5252 -2.6232 1.6776
0.5619 -2.7130 1.7041
0.5985 -2.8031 1.7170
0.6353 -2.8931 1.5535
0.6740 -2.9819 1.6723
0.7152 -3.0693 1.8011
0.7562 -3.1572 1.9239
0.7995 -3.2437 1.8310
0.8428 -3.3302 1.8172
0.8862 -3.4166 1.7961
0.9333 -3.5012 1.6840
0.9829 -3.5848 1.6166
1.0351 -3.6670 1.5687
1.0885 -3.7486 1.5779
1.1432 -3.8293 1.5968
1.1999 -3.9086 1.6904
1.2590 -3.9866 1.6058
1.3193 -4.0638 1.6358
1.3814 -4.1395 1.7505
1.4459 -4.2133 1.8773
1.5122 -4.2853 2.0905
1.5814 -4.3548 1.9966
1.6526 -4.4224 2.1769
1.7256 -4.4876 2.1564
1.8020 -4.5482 2.2689
1.8813 -4.6049 2.1999
1.9621 -4.6593 2.3299
2.0452 -4.7098 2.5140
2.1308 -4.7555 2.2635
2.2189 -4.7953 2.1775
2.3091 -4.8294 2.4058
2.4006 -4.8588 2.7478
2.4935 -4.8817 2.7031
2.5872 -4.9005 2.8923
2.6819 -4.9135 2.9089
2.7775 -4.9203 2.7003
2.8736 -4.9234 2.8598
2.9696 -4.9194 2.6288
3.0652 -4.9101 2.5649
3.1600 -4.8961 2.5727
3.2514 -4.8707 2.5637
3.3420 -4.8416 2.4960
3.4313 -4.8095 2.2097
3.5189 -4.7742 2.2642
3.6044 -4.7344 2.3845
3.6869 -4.6887 2.6263
3.7668 -4.6385 2.3843
3.8435 -4.5838 2.5237
3.9180 -4.5263 2.4543
3.9900 -4.4660 2.3864
4.0592 -4.4026 2.3861
4.1220 -4.3329 2.3753
4.1792 -4.2589 2.1717
4.2318 -4.1817 2.1932
4.2803 -4.1020 2.0984
4.3268 -4.0214 1.9699
4.3662 -3.9375 1.9160
4.4010 -3.8521 1.9775
4.4293 -3.7649 1.8070
4.4558 -3.6766 1.7385
4.4785 -3.5868 1.8117
4.4968 -3.4957 1.5924
4.5128 -3.4037 1.5497
4.5260 -3.3112 1.5975
4.5362 -3.2188 1.5683
4.5413 -3.1264 1.4740
4.5426 -3.0339 1.4773
4.5429 -2.9410 1.5732
4.5398 -2.8480 1.4523
4.5312 -2.7553 1.5137
4.5184 -2.6627 1.6692
4.5034 -2.5700 1.5392
4.4856 -2.4776 1.6238
4.4646 -2.3865 1.6167
4.4442 -2.2954 1.5655
4.4227 -2.2046 1.5209
4.3972 -2.1142 1.6093
4.3686 -2.0244 1.6203
4.3391 -1.9348 1.6424
4.3062 -1.8465 1.4722
4.2719 -1.7588 1.5074
4.2381 -1.6710 1.5596
4.2024 -1.5837 1.8083
4.1642 -1.4971 1.8284
4.1252 -1.4111 1.9767
4.0856 -1.3255 2.0053
4.0459 -1.2396 1.8964
4.0063 -1.1538 1.6023
3.9671 -1.0681 1.5578
3.9273 -0.9831 1.6176
3.8873 -0.8987 1.5705
3.8470 -0.8137 1.5681
3.8069 -0.7282 1.5755
3.7677 -0.6427 1.6863
3.7291 -0.5571 1.4762
3.6916 -0.4708 1.6340
3.6541 -0.3848 1.9982
3.6179 -0.2986 2.0032
3.5834 -0.2116 2.0029
3.5500 -0.1244 1.9967
3.5155 -0.0380 1.9671
3.4816 0.0482 1.9350
3.4474 0.1344 2.0156
3.4137 0.2207 1.6814
3.3800 0.3069 1.5856
3.3451 0.3926 1.7266
3.3109 0.4786 1.4009
3.2779 0.5658 1.3037
3.2469 0.6544 1.2512
3.2175 0.7439 1.0803
3.1875 0.8339 1.0835
3.1562 0.9238 0.9161
3.1263 1.0142 1.0011
3.0984 1.1050 1.1523
3.0739 1.1962 1.3153
3.0505 1.2872 1.2505
3.0298 1.3786 1.1817
3.0109 1.4702 1.1515
2.9932 1.5619 1.0239
2.9781 1.6542 1.0785
2.9675 1.7473 0.9467
2.9590 1.8405 0.9630
2.9516 1.9338 0.9306
2.9470 2.0270 0.9787
2.9435 2.1197 1.0003
2.9401 2.2123 1.1250
2.9389 2.3051 1.2854
2.9423 2.3974 1.4461
2.9479 2.4892 1.4933
2.9560 2.5807 1.5437
2.9686 2.6710 1.6448
2.9835 2.7610 1.6459
3.0001 2.8510 1.7834
3.0183 2.9403 1.9314
3.0406 3.0282 2.0536
3.0667 3.1156 2.0450
3.0956 3.2028 2.1469
3.1264 3.2896 2.1241
3.1610 3.3745 2.1338
3.1981 3.4580 2.1791
3.2392 3.5401 2.2028
3.2837 3.6208 2.2710
3.3334 3.6990 2.3111
3.3872 3.7752 2.3772
3.4429 3.8500 2.3572
3.4997 3.9244 2.4324
3.5614 3.9953 2.3329
3.6263 4.0635 2.2820
3.6950 4.1280 2.2140
3.7668 4.1899 2.1582
3.8421 4.2478 2.1077
3.9206 4.3010 2.0545
4.0023 4.3485 2.1317
4.0857 4.3939 2.1712
4.1713 4.4356 2.2730
4.2590 4.4727 2.3625
4.3486 4.5060 2.4303
4.4401 4.5346 2.5057
4.5336 4.5573 2.6636
4.6288 4.5726 2.8365
4.7252 4.5823 2.8492
4.8220 4.5879 2.6789
4.9188 4.5881 2.8790
5.0156 4.5830 2.7905
5.1116 4.5716 2.8398
5.2046 4.5480 2.9751
5.2973 4.5206 2.8878
5.3901 4.4919 2.8441
5.4834 4.4628 2.9486
5.5757 4.4310 2.9095
5.6656 4.3934 2.6388
5.7532 4.3509 2.8665
5.8382 4.3035 2.8446
5.9201 4.2511 2.9571
5.9997 4.1950 3.0859
6.0768 4.1357 2.9784
6.1499 4.0715 3.0110
6.2191 4.0031 2.9124
6.2865 3.9331 2.9484
6.3495 3.8597 2.8716
6.4088 3.7837 2.6709
6.4642 3.7047 2.5801
6.5164 3.6236 2.5211
6.5637 3.5394 2.4859
6.6105 3.4544 2.5145
6.6541 3.3680 2.4001
6.6942 3.2800 2.3646
6.7334 3.1912 2.3556
6.7690 3.0998 2.3433
6.8044 3.0080 2.2997
6.8373 2.9157 2.2895
6.8673 2.8224 2.2026
6.8952 2.7283 2.2133
6.9225 2.6339 2.0895
6.9467 2.5390 2.0982
6.9676 2.4435 2.1546
6.9858 2.3477 2.0779
7.0009 2.2516 2.1768
7.0147 2.1552 2.2191
7.0281 2.0585 2.0466
7.0385 1.9608 2.0309
7.0482 1.8625 1.9925
7.0575 1.7639 1.9387
7.0670 1.6654 2.0315
7.0751 1.5669 2.0452
7.0810 1.4686 2.1274
7.0834 1.3696 2.1968
7.0854 1.2697 2.2447
7.0873 1.1694 2.0842
7.0887 1.0687 2.0918
7.0887 0.9675 2.1790
7.0901 0.8664 2.1528
7.0935 0.7654 2.1659
7.0952 0.6635 2.1250
7.0987 0.5613 2.1822
7.1011 0.4592 2.2527
7.1071 0.3573 2.2826
7.1161 0.2557 2.2975
7.1244 0.1537 2.5825
7.1335 0.0510 2.4387
7.1451 -0.0514 2.3952
7.1618 -0.1530 2.3758
7.1791 -0.2550 2.3175
7.1995 -0.3572 2.4000
7.2212 -0.4596 2.6333
7.2436 -0.5620 2.8843
7.2693 -0.6632 2.8485
7.2990 -0.7635 3.0198
7.3304 -0.8635 2.8702
7.3641 -0.9628 2.8749
7.3992 -1.0611 2.9315
7.4374 -1.1578 3.0730
7.4769 -1.2542 3.1123
7.5171 -1.3501 3.0396
7.5597 -1.4445 2.8151
7.6042 -1.5375 2.8982
7.6503 -1.6294 2.7079
7.7006 -1.7195 2.6069
7.7530 -1.8086 2.7224
7.8090 -1.8952 2.6947
7.8680 -1.9797 2.9506
7.9313 -2.0613 2.9988
7.9987 -2.1392 2.8640
8.0674 -2.2157 2.7019
8.1382 -2.2902 2.7536
8.2105 -2.3636 2.8577
8.2858 -2.4344 2.6213
8.3633 -2.5037 2.6362
8.4431 -2.5706 2.6689
8.5255 -2.6333 2.4639
8.6103 -2.6931 2.1791
8.6972 -2.7501 2.2435
8.7870 -2.8025 2.3204
8.8781 -2.8526 2.3173
8.9726 -2.8965 2.2795
9.0696 -2.9359 2.3477
9.1674 -2.9746 2.2236
9.2662 -3.0097 2.1638
9.3659 -3.0416 2.2464
9.4661 -3.0715 2.2643
9.5671 -3.0979 2.2832
9.6685 -3.1234 2.3199
9.7707 -3.1471 2.4023
9.8736 -3.1697 2.3578
9.9771 -3.1898 2.3108
10.0814 -3.2042 2.2662
10.1863 -3.2147 2.3020
10.2914 -3.2232 2.3719
10.3964 -3.2289 2.4201
10.5013 -3.2313 2.3716
10.6058 -3.2320 2.3503
10.7096 -3.2291 2.3775
10.8134 -3.2247 2.4387
10.9167 -3.2259 2.3051
11.0197 -3.2239 2.3700
11.1226 -3.2172 2.4489
11.2252 -3.2078 2.4446
11.3275 -3.1981 2.3551
11.4295 -3.1863 2.4054
11.5304 -3.1700 2.3291
11.6302 -3.1517 2.2369
11.7291 -3.1302 2.2619
11.8277 -3.1073 2.2159
11.9259 -3.0827 2.2297
12.0239 -3.0569 2.2353
12.1223 -3.0316 2.2323
12.2208 -3.0044 2.0840
12.3193 -2.9759 2.1374
12.4177 -2.9469 2.1532
12.5160 -2.9164 2.1084
12.6141 -2.8847 1.9919
12.7116 -2.8514 2.0601
12.8101 -2.8207 2.1468
12.9086 -2.7899 2.2237
13.0071 -2.7596 2.0854
13.1059 -2.7302 2.0924
13.2043 -2.6997 2.0056
13.3017 -2.6670 2.0286
13.3985 -2.6331 1.9730
13.4954 -2.5999 1.9360
13.5923 -2.5675 2.0077
13.6895 -2.5380 2.0606
13.7865 -2.5095 1.9632
13.8838 -2.4825 1.9574
13.9804 -2.4533 2.0336
14.0766 -2.4231 2.0657
14.1732 -2.3933 2.0794
14.2698 -2.3647 2.1554
14.3662 -2.3355 2.1211
14.4629 -2.3069 2.1923
14.5603 -2.2798 2.2087
14.6579 -2.2516 2.3165
14.7553 -2.2239 2.2954
14.8525 -2.1974 2.1920
14.9493 -2.1704 2.2528
15.0462 -2.1432 2.3998
15.1428 -2.1162 2.4472
15.2390 -2.0888 2.5111
15.3346 -2.0594 2.5014
15.4303 -2.0307 2.6333
15.5245 -1.9989 2.6123
15.6179 -1.9650 2.5061
15.7106 -1.9284 2.4941
15.8024 -1.8902 2.5274
15.8930 -1.8487 2.6590
15.9819 -1.8036 2.7525
16.0692 -1.7561 2.7091
16.1537 -1.7051 2.9316
16.2345 -1.6492 2.9915
16.3116 -1.5888 2.9356
16.3855 -1.5248 3.1436
16.4542 -1.4557 3.2489
16.5175 -1.3818 3.1293
16.5762 -1.3040 3.1106
16.6293 -1.2223 3.0852
16.6776 -1.1378 3.0978
16.7200 -1.0501 3.0798
16.7558 -0.9594 3.1365
16.7843 -0.8668 3.1990
16.8027 -0.7724 3.2494
16.8142 -0.6768 3.2555
16.8154 -0.5805 3.3697
16.8064 -0.4849 3.3762
16.7897 -0.3905 3.5150
16.7630 -0.2988 3.4227
16.7245 -0.2117 3.5162
16.6780 -0.1290 3.5435
16.6226 -0.0526 3.6461
16.5601 0.0183 3.6432
16.4940 0.0867 3.6929
16.4219 0.1495 3.7364
16.3442 0.2057 3.7588
16.2616 0.2546 3.7437
16.1751 0.2964 3.7975
16.0860 0.3325 3.8076
15.9938 0.3607 3.7283
15.8998 0.3844 3.7428
15.8044 0.3993 3.6532
15.7086 0.4092 3.7466
15.6128 0.4143 3.8495
15.5170 0.4159 3.8718
15.4211 0.4120 3.8315
15.3253 0.4038 3.8421
15.2297 0.3902 3.7996
15.1340 0.3719 3.8359
15.0390 0.3480 3.6624
14.9439 0.3215 3.7105
14.8501 0.2906 3.6850
14.7580 0.2554 3.6704
14.6668 0.2164 3.7923
14.5758 0.1752 3.7610
14.4858 0.1315 3.8562
14.3966 0.0868 3.6709
14.3085 0.0396 3.6457
14.2216 -0.0105 3.4572
14.1354 -0.0617 3.4388
14.0500 -0.1137 3.4141
13.9646 -0.1660 3.3757
13.8790 -0.2181 3.3829
13.7935 -0.2700 3.4235
13.7075 -0.3209 3.3937
13.6222 -0.3726 3.3252
13.5371 -0.4248 3.3913
13.4518 -0.4777 3.2896
13.3649 -0.5290 3.2495
13.2773 -0.5800 3.3330
13.1883 -0.6292 3.2549
13.0991 -0.6783 3.0378
13.0096 -0.7268 3.0488
12.9193 -0.7734 2.9728
12.8304 -0.8217 3.0204
12.7428 -0.8717 3.0720
12.6559 -0.9220 2.9595
12.5677 -0.9693 2.7859
12.4795 -1.0161 2.6789
12.3916 -1.0636 2.7157
12.3023 -1.1084 2.6895
12.2137 -1.1546 2.6071
12.1244 -1.1992 2.5684
12.0341 -1.2414 2.4949
11.9432 -1.2829 2.4051
11.8513 -1.3214 2.3115
11.7576 -1.3561 2.2801
11.6637 -1.3908 2.2800
11.5686 -1.4224 2.2495
11.4726 -1.4524 2.2817
11.3756 -1.4796 2.3021
11.2775 -1.5008 2.3562
11.1784 -1.5161 2.4027
11.0789 -1.5274 2.4539
10.9791 -1.5331 2.5616
10.8798 -1.5302 2.6963
10.7825 -1.5147 2.7121
10.6852 -1.4954 2.7710
10.5891 -1.4698 2.6531
10.4962 -1.4350 2.6147
10.4063 -1.3936 2.5704
10.3239 -1.3410 2.4729
10.2490 -1.2785 2.6166
10.1763 -1.2125 2.5790
10.1128 -1.1394 2.6718
10.0605 -1.0591 2.6106
10.0111 -0.9760 2.6812
9.9702 -0.8887 2.7121
9.9391 -0.7983 2.7029
9.9184 -0.7052 2.6396
9.9093 -0.6106 2.5856
9.9102 -0.5158 2.5739
9.9233 -0.4221 2.5586
9.9460 -0.3297 2.4085
9.9748 -0.2386 2.4186
10.0121 -0.1512 2.4335
10.0547 -0.0664 2.3425
10.1039 0.0142 2.3043
10.1612 0.0888 2.2543
10.2261 0.1572 2.2371
10.2954 0.2213 2.2627
10.3689 0.2804 2.2106
10.4451 0.3365 2.1603
10.5240 0.3887 2.3648
10.6041 0.4383 2.2616
10.6865 0.4842 2.3722
10.7706 0.5261 2.3671
10.8557 0.5651 2.3607
10.9427 0.5991 2.3535
11.0311 0.6289 2.2920
11.1198 0.6584 2.4052
11.2086 0.6875 2.3811
11.2979 0.7153 2.4156
11.3872 0.7428 2.4958
11.4767 0.7703 2.5135
11.5660 0.7988 2.6262
11.6551 0.8283 2.5758
11.7433 0.8593 2.4827
11.8311 0.8913 2.4947
11.9195 0.9228 2.4614
12.0071 0.9564 2.5364
12.0948 0.9900 2.6096
12.1816 1.0269 2.5814
12.2669 1.0671 2.6545
12.3508 1.1096 2.6405
12.4336 1.1552 2.7472
12.5151 1.2037 2.8943
12.5941 1.2559 2.9680
12.6700 1.3122 2.5987
12.7432 1.3724 2.7802
12.8130 1.4368 2.8647
12.8803 1.5039 2.8710
12.9440 1.5751 2.6777
13.0038 1.6498 2.7228
13.0597 1.7272 2.6420
13.1113 1.8073 2.6586
13.1581 1.8906 2.5942
13.2003 1.9765 2.6019
13.2369 2.0649 2.6029
13.2712 2.1552 2.5792
13.3017 2.2470 2.6962
13.3286 2.3400 2.6533
13.3489 2.4347 2.7877
13.3683 2.5297 2.7252
13.3839 2.6252 2.8184
13.3944 2.7216 2.6521
13.4041 2.8179 2.4037
13.4095 2.9139 2.5288
13.4103 3.0093 2.5019
13.4076 3.1045 2.4232
13.4015 3.1997 2.4137
13.3896 3.2942 2.4408
13.3737 3.3885 2.3582
13.3576 3.4828 2.3789
13.3405 3.5767 2.4459
13.3217 3.6706 2.3724
13.2989 3.7635 2.5308
13.2748 3.8560 2.6898
13.2503 3.9487 2.6813
13.2224 4.0404 2.7784
13.1934 4.1320 2.6910
13.1614 4.2224 2.7352
13.1270 4.3119 2.5683
13.0911 4.4013 2.4103
13.0527 4.4894 2.4863
13.0140 4.5768 2.3415
12.9757 4.6636 2.3250
12.9385 4.7503 2.2775
12.9027 4.8374 2.3849
12.8659 4.9236 2.3381
12.8293 5.0096 2.3400
12.7936 5.0959 2.3788
12.7579 5.1823 2.3592
12.7200 5.2684 2.2002
12.6811 5.3544 2.3114
12.6407 5.4395 2.2805
12.5996 5.5246 2.2135
12.5597 5.6105 2.3107
12.5200 5.6968 2.4425
12.4788 5.7824 2.4741
12.4402 5.8695 2.5916
12.4002 5.9563 2.5011
12.3606 6.0432 2.3893
12.3199 6.1295 2.2315
12.2778 6.2148 2.1197
12.2348 6.2994 2.1776
12.1901 6.3831 2.2058
12.1450 6.4668 2.2421
12.1007 6.5510 2.3323
12.0571 6.6351 2.2043
12.0121 6.7180 2.3113
11.9676 6.8013 2.3006
11.9244 6.8854 2.3979
11.8815 6.9700 2.2444
11.8395 7.0552 2.2219
11.7951 7.1395 2.2192
11.7483 7.2229 2.2314
11.6998 7.3057 2.2345
11.6498 7.3875 2.2978
11.5985 7.4686 2.3558
11.5460 7.5496 2.2733
11.4914 7.6294 2.1952
11.4331 7.7065 2.2070
11.3740 7.7834 2.2236
11.3123 7.8581 2.2536
11.2504 7.9328 2.3959
11.1863 8.0057 2.4110
11.1210 8.0776 2.3115
11.0549 8.1485 2.3605
10.9870 8.2170 2.3971
10.9165 8.2821 2.3092
10.8433 8.3439 2.3322
10.7675 8.4026 2.3073
10.6907 8.4599 2.2979
10.6124 8.5152 2.2545
10.5336 8.5698 2.1680
10.4526 8.6210 2.2755
10.3701 8.6709 2.2852
10.2861 8.7183 2.2163
10.2003 8.7624 2.4524
10.1130 8.8038 2.2485
10.0234 8.8409 2.3479
9.9321 8.8742 2.4830
9.8396 8.9047 2.4038
9.7463 8.9330 2.5139
9.6515 8.9570 2.4004
9.5564 8.9790 2.3672
9.4610 8.9990 2.3638
9.3648 9.0164 2.2015
9.2681 9.0327 2.2933
9.1707 9.0458 2.3019
9.0729 9.0567 2.3515
8.9748 9.0634 2.3682
8.8766 9.0657 2.3805
8.7786 9.0660 2.2120
8.6806 9.0633 2.4634
8.5827 9.0586 2.5295
8.4848 9.0506 2.6158
8.3869 9.0385 2.7827
8.2890 9.0243 2.9111
8.1913 9.0073 2.9211
8.0934 8.9903 2.7361
7.9961 8.9720 2.5558
7.8997 8.9516 2.7659
7.8037 8.9294 2.4587
7.7089 8.9030 2.6028
7.6138 8.8771 2.4588
7.5190 8.8496 2.5190
7.4246 8.8213 2.4418
7.3308 8.7906 2.3370
7.2371 8.7587 2.1954
7.1427 8.7288 2.1407
7.0493 8.6974 2.2080
6.9565 8.6654 2.2666
6.8636 8.6336 2.1498
6.7706 8.6032 2.0742
6.6770 8.5750 2.1246
6.5833 8.5457 2.1164
6.4892 8.5159 2.0704
6.3952 8.4852 2.1675
6.3015 8.4542 2.1786
6.2074 8.4242 2.1590
6.1130 8.3955 2.2454
6.0190 8.3662 2.2259
5.9253 8.3374 2.2609
5.8318 8.3085 2.4043
5.7384 8.2806 2.4438
5.6451 8.2530 2.6166
5.5517 8.2265 2.5129
5.4582 8.2004 2.5103
5.3643 8.1759 2.4373
5.2704 8.1523 2.4535
5.1756 8.1320 2.5327
5.0809 8.1112 2.5587
4.9866 8.0901 2.7182
4.8925 8.0686 2.7745
4.7979 8.0481 2.7218
4.7036 8.0247 2.6761
4.6094 8.0007 2.6579
4.5152 7.9773 2.7744
4.4215 7.9538 2.8309
4.3286 7.9291 2.7613
4.2357 7.9062 2.6962
4.1426 7.8843 2.7922
4.0493 7.8617 2.7364
3.9562 7.8378 2.6999
3.8630 7.8148 2.6697
3.7697 7.7932 2.6912
3.6758 7.7737 2.6537
3.5818 7.7541 2.6587
3.4882 7.7332 2.5565
3.3949 7.7119 2.6128
3.3023 7.6878 2.7435
3.2103 7.6615 2.6672
3.1180 7.6364 2.7760
3.0262 7.6126 2.9779
2.9349 7.5873 3.0568
2.8439 7.5608 3.0794
2.7524 7.5347 3.2200
2.6611 7.5078 3.2238
2.5695 7.4803 3.1158
2.4774 7.4522 3.1581
2.3853 7.4229 3.0796
2.2934 7.3922 2.9933
2.2018 7.3603 3.0895
2.1106 7.3277 3.0544
2.0197 7.2947 3.0142
1.9297 7.2600 3.0813
1.8401 7.2247 3.0099
1.7523 7.1852 3.0308
1.6645 7.1455 2.9873
1.5773 7.1052 2.9428
1.4913 7.0629 2.7897
1.4055 7.0204 2.7959
1.3217 6.9746 2.7821
1.2392 6.9276 2.7799
1.1570 6.8808 2.9089
1.0758 6.8330 2.8539
0.9962 6.7831 2.6088
0.9179 6.7318 2.5807
0.8419 6.6770 2.7586
0.7657 6.6214 2.8471
0.6899 6.5649 2.9412
0.6143 6.5081 2.8604
0.5393 6.4499 2.6948
0.4647 6.3907 2.3842
0.3923 6.3286 2.2241
0.3214 6.2649 2.2298
0.2527 6.1990 2.1990
0.1860 6.1314 2.0806
0.1214 6.0623 2.0129
0.0583 5.9921 2.0477
-0.0017 5.9197 2.0176
-0.0599 5.8465 1.9909
-0.1166 5.7727 2.0718
-0.1726 5.6985 2.0139
-0.2271 5.6230 2.0803
-0.2794 5.5454 2.1887
-0.3318 5.4672 2.1444
-0.3836 5.3879 2.1383
-0.4339 5.3069 2.1707
-0.4819 5.2245 2.2478
-0.5280 5.1410 2.4492
-0.5724 5.0560 2.2847
-0.6158 4.9702 2.2801
-0.6577 4.8835 2.3508
-0.6981 4.7957 2.3298
-0.7362 4.7074 2.3953
-0.7716 4.6185 2.3848
-0.8039 4.5286 2.2700
-0.8355 4.4389 2.2023
-0.8656 4.3488 2.1947
-0.8933 4.2578 2.2057
-0.9180 4.1656 2.1954
-0.9405 4.0730 2.1677
-0.9630 3.9812 2.1474
-0.9860 3.8900 2.1534
-1.0060 3.7984 2.2175
-1.0239 3.7063 2.1366
-1.0394 3.6138 2.2125
-1.0493 3.5204 2.3160
-1.0575 3.4267 2.3983
-1.0644 3.3331 2.3480
-1.0687 3.2392 2.3694
-1.0711 3.1452 2.5308
-1.0716 3.0512 2.4476
-1.0714 2.9574 2.3410
-1.0718 2.8639 2.2517
-1.0705 2.7706 2.3269
-1.0670 2.6773 2.2657
-1.0610 2.5838 2.3395
-1.0535 2.4896 2.5765
-1.0431 2.3959 2.5554
-1.0300 2.3026 2.4863
-1.0152 2.2091 2.4828
-0.9994 2.1156 2.5495
-0.9838 2.0222 2.4913
-0.9685 1.9286 2.3483
-0.9505 1.8353 2.1758
-0.9310 1.7422 2.3026
-0.9104 1.6498 2.2678
-0.8903 1.5574 2.0969
-0.8675 1.4656 2.0156
-0.8437 1.3740 2.0496
-0.8194 1.2825 1.9392
-0.7939 1.1914 1.9005
-0.7661 1.1003 1.9509
-0.7370 1.0089 1.9400
-0.7082 0.9178 1.9324
-0.6796 0.8266 2.0820
-0.6505 0.7355 2.0836
-0.6207 0.6442 2.0924
-0.5885 0.5534 1.9786
-0.5570 0.4620 1.8824
-0.5264 0.3701 1.8177
-0.4969 0.2776 1.9303
-0.4677 0.1846 2.0212
-0.4381 0.0916 2.0542
-0.4085 -0.0010 2.2581
-0.3776 -0.0928 2.2621
-0.3448 -0.1840 2.3137
-0.3126 -0.2754 2.1394
-0.2815 -0.3674 2.1220
-0.2497 -0.4596 2.0313
-0.2182 -0.5521 2.0591
-0.1855 -0.6443 1.9524
-0.1513 -0.7361 1.8424
-0.1177 -0.8278 1.7986
-0.0842 -0.9197 1.7555
-0.0522 -1.0124 1.7444
-0.0200 -1.1054 1.7841
0.0127 -1.1990 1.8084
0.0472 -1.2923 1.8199
0.0802 -1.3864 1.7828
0.1150 -1.4802 1.7407
0.1484 -1.5748 1.7942
0.1818 -1.6702 1.7928
0.2170 -1.7654 1.8404
0.2511 -1.8612 1.8318
0.2857 -1.9572 1.8314
0.3218 -2.0525 1.8653
0.3564 -2.1481 1.8855
0.3897 -2.2441 1.9118
0.4243 -2.3396 1.8364
0.4598 -2.4349 1.7918
0.4960 -2.5301 1.7142
0.5334 -2.6250 1.7304
0.5736 -2.7188 1.8435
0.6151 -2.8118 1.9658
0.6556 -2.9055 1.8931
0.6967 -2.9996 1.8379
0.7387 -3.0937 1.7493
0.7829 -3.1873 1.7049
0.8269 -3.2813 1.7434
0.8722 -3.3745 1.7291
0.9197 -3.4664 1.7356
0.9686 -3.5578 1.7256
1.0201 -3.6474 1.9026
1.0730 -3.7363 2.0302
1.1289 -3.8235 2.1289
1.1869 -3.9095 1.9366
1.2487 -3.9933 1.8580
1.3147 -4.0734 1.9544
1.3814 -4.1529 1.9288
1.4510 -4.2299 1.8662
1.5231 -4.3048 1.9362
1.5956 -4.3792 2.0729
1.6714 -4.4503 1.9668
1.7511 -4.5171 1.9089
1.8342 -4.5795 2.0574
1.9206 -4.6372 2.0074
2.0105 -4.6900 1.8206
2.1005 -4.7428 1.7558
2.1929 -4.7896 1.8287
2.2884 -4.8292 1.9074
2.3864 -4.8622 1.8711
2.4859 -4.8910 1.9293
2.5870 -4.9117 1.9712
2.6891 -4.9237 1.9427
2.7913 -4.9332 2.2353
2.8938 -4.9364 2.1671
2.9956 -4.9301 2.1465
3.0952 -4.9142 1.8768
3.1921 -4.8889 1.9226
3.2891 -4.8619 2.0192
3.3851 -4.8314 2.1332
3.4789 -4.7953 2.2588
3.5705 -4.7542 2.1587
3.6598 -4.7080 2.4706
3.7466 -4.6576 2.8982
3.8294 -4.6011 2.6266
3.9074 -4.5385 2.5415
3.9801 -4.4701 2.9218
4.0498 -4.3988 3.2751
4.1158 -4.3242 3.1758
4.1751 -4.2447 3.3558
4.2284 -4.1618 3.2590
4.2776 -4.0763 3.0516
4.3224 -3.9883 2.8246
4.3620 -3.8982 2.4969
4.3956 -3.8058 2.5151
4.4251 -3.7123 2.6398
4.4489 -3.6176 2.6208
4.4706 -3.5223 2.2991
4.4903 -3.4262 1.8778
4.5054 -3.3294 1.8251
4.5154 -3.2322 1.9813
4.5212 -3.1348 2.0580
4.5229 -3.0372 1.9364
4.5245 -2.9399 1.8234
4.5220 -2.8429 1.7074
4.5162 -2.7462 1.7473
4.5081 -2.6501 1.8034
4.4963 -2.5549 1.8186
4.4810 -2.4609 1.9473
4.4651 -2.3673 1.9608
4.4461 -2.2741 2.0575
4.4242 -2.1811 2.0399
4.4010 -2.0880 2.1206
4.3714 -1.9963 2.2157
4.3405 -1.9043 2.3326
4.3092 -1.8126 2.2173
4.2757 -1.7219 2.1769
4.2401 -1.6322 2.1513
4.2021 -1.5433 2.1283
4.1625 -1.4546 2.0841
4.1217 -1.3663 2.0645
4.0806 -1.2784 1.9512
4.0388 -1.1908 1.9352
3.9972 -1.1033 1.9278
3.9559 -1.0159 1.9030
3.9142 -0.9292 1.8457
3.8723 -0.8427 1.8649
3.8302 -0.7562 1.7987
3.7879 -0.6695 1.8105
3.7458 -0.5828 1.7710
3.7045 -0.4962 1.7816
3.6636 -0.4096 1.7209
3.6232 -0.3227 1.7475
3.5835 -0.2352 1.7553
3.5443 -0.1475 1.7934
3.5047 -0.0596 2.0887
3.4654 0.0286 1.9749
3.4280 0.1182 2.2882
3.3913 0.2089 2.4116
3.3564 0.3004 2.2500
3.3219 0.3922 2.1187
3.2898 0.4847 2.3132
3.2574 0.5773 2.3972
3.2253 0.6697 2.1598
3.1943 0.7621 1.9635
3.1641 0.8542 1.9299
3.1369 0.9466 2.0364
3.1108 1.0389 1.8672
3.0885 1.1321 1.7990
3.0657 1.2257 1.9002
3.0431 1.3195 2.0146
3.0227 1.4138 2.3963
3.0047 1.5084 2.0215
2.9894 1.6033 1.9507
2.9762 1.6990 2.1250
2.9641 1.7955 2.2206
2.9536 1.8917 2.2098
2.9454 1.9880 2.0525
2.9407 2.0847 1.9653
2.9400 2.1816 1.9054
2.9408 2.2790 1.5981
2.9427 2.3761 1.7101
2.9475 2.4729 1.4269
2.9558 2.5690 1.4174
2.9666 2.6646 1.4499
2.9806 2.7598 1.5623
2.9974 2.8549 1.5325
3.0190 2.9491 1.4530
3.0450 3.0421 1.5022
3.0730 3.1344 1.4820
3.1064 3.2251 1.4594
3.1437 3.3143 1.5917
3.1836 3.4022 1.7379
3.2264 3.4885 1.8056
3.2703 3.5740 1.7462
3.3167 3.6576 1.7151
3.3667 3.7392 1.6710
3.4211 3.8178 1.9138
3.4783 3.8942 2.0123
3.5384 3.9689 2.0255
3.6021 4.0408 2.0774
3.6707 4.1081 2.0911
3.7430 4.1715 2.2676
3.8174 4.2321 2.4187
3.8950 4.2876 2.2709
3.9757 4.3371 2.3729
4.0580 4.3827 2.4443
4.1427 4.4239 2.2888
4.2293 4.4609 2.4737
4.3181 4.4932 2.2758
4.4087 4.5212 2.2051
4.5011 4.5424 2.0899
4.5946 4.5605 1.9940
4.6894 4.5741 2.0291
4.7852 4.5808 1.9892
4.8814 4.5829 1.8862
4.9774 4.5798 1.7589
5.0725 4.5716 1.8288
5.1661 4.5585 1.8640
5.2570 4.5358 1.8547
5.3480 4.5117 1.8700
5.4380 4.4831 1.8657
5.5275 4.4512 1.8709
5.6156 4.4153 2.1017
5.7017 4.3748 2.0735
5.7854 4.3298 2.2909
5.8673 4.2817 2.3868
5.9461 4.2296 2.0719
6.0221 4.1741 2.1200
6.0956 4.1159 2.0823
6.1650 4.0534 2.2856
6.2338 3.9897 2.3626
6.2985 3.9221 1.9749
6.3615 3.8529 1.9845
6.4211 3.7802 1.9018
6.4745 3.7024 1.8823
6.5259 3.6229 1.8045
6.5722 3.5405 1.5192
6.6139 3.4558 1.5269
6.6536 3.3703 1.5525
6.6894 3.2831 1.6103
6.7237 3.1952 1.6981
6.7567 3.1068 1.7465
6.7877 3.0176 1.8594
6.8174 2.9282 1.8750
6.8442 2.8382 1.8498
6.8706 2.7486 1.7176
6.8967 2.6587 1.6702
6.9211 2.5680 1.7269
6.9432 2.4770 1.5026
6.9623 2.3854 1.4637
6.9796 2.2934 1.4805
6.9944 2.2013 1.2978
7.0070 2.1092 1.3633
7.0181 2.0167 1.3548
7.0266 1.9239 1.3349
7.0340 1.8310 1.3738
7.0399 1.7380 1.4317
7.0452 1.6451 1.3097
7.0503 1.5523 1.2840
7.0550 1.4594 1.3984
7.0576 1.3666 1.5032
7.0608 1.2740 1.4197
7.0623 1.1810 1.3224
7.0640 1.0876 1.2144
7.0673 0.9937 1.1235
7.0716 0.8994 1.1608
7.0754 0.8050 1.1809
7.0798 0.7106 1.1842
7.0842 0.6163 1.1388
7.0872 0.5222 1.1016
7.0924 0.4281 1.2180
7.0999 0.3344 1.2090
7.1085 0.2408 1.1904
7.1197 0.1476 1.5010
7.1295 0.0544 1.4716
7.1401 -0.0389 1.3516
7.1532 -0.1320 1.3564
7.1680 -0.2248 1.3391
7.1843 -0.3175 1.3413
7.2004 -0.4107 1.3310
7.2189 -0.5040 1.3420
7.2397 -0.5966 1.2924
7.2632 -0.6886 1.2397
7.2881 -0.7801 1.2229
7.3158 -0.8705 1.3213
7.3456 -0.9607 1.3575
7.3775 -1.0502 1.3384
7.4123 -1.1388 1.3421
7.4476 -1.2278 1.3825
7.4850 -1.3163 1.3964
7.5264 -1.4027 1.4245
7.5705 -1.4876 1.4623
7.6160 -1.5719 1.4615
7.6633 -1.6549 1.4409
7.7136 -1.7355 1.3776
7.7670 -1.8141 1.5223
7.8219 -1.8919 1.5414
7.8787 -1.9686 1.5406
7.9376 -2.0439 1.7233
7.9992 -2.1173 1.7810
8.0633 -2.1889 1.7173
8.1294 -2.2590 1.5261
8.1976 -2.3281 1.5451
8.2674 -2.3960 1.5150
8.3389 -2.4622 1.4689
8.4117 -2.5273 1.5169
8.4868 -2.5898 1.6529
8.5647 -2.6487 1.9584
8.6445 -2.7050 1.8232
8.7255 -2.7598 1.9436
8.8078 -2.8129 1.9415
8.8922 -2.8624 1.8964
8.9795 -2.9058 1.7240
9.0687 -2.9453 1.6265
9.1592 -2.9809 1.5061
9.2508 -3.0141 1.3267
9.3430 -3.0453 1.3696
9.4356 -3.0740 1.3633
9.5292 -3.0989 1.3375
9.6231 -3.1211 1.3865
9.7174 -3.1413 1.3548
9.8120 -3.1604 1.3503
9.9064 -3.1782 1.3765
10.0006 -3.1925 1.4139
10.0951 -3.2034 1.3670
10.1901 -3.2136 1.3388
10.2854 -3.2214 1.4397
10.3808 -3.2273 1.3616
10.4762 -3.2314 1.4127
10.5719 -3.2332 1.4245
10.6678 -3.2326 1.3577
10.7639 -3.2307 1.2573
10.8593 -3.2250 1.2609
10.9526 -3.2098 1.4078
11.0463 -3.1942 1.5453
11.1405 -3.1804 1.5243
11.2352 -3.1660 1.3377
11.3299 -3.1519 1.1795
11.4245 -3.1364 1.2202
11.5197 -3.1212 1.1776
11.6151 -3.1061 1.1327
11.7096 -3.0885 1.1357
11.8042 -3.0711 1.1852
11.8987 -3.0543 1.1780
11.9932 -3.0362 1.1289
12.0879 -3.0176 1.1175
12.1822 -2.9974 1.0645
12.2765 -2.9753 1.0439
12.3705 -2.9517 1.1673
12.4643 -2.9274 1.2330
12.5577 -2.9022 1.3041
12.6507 -2.8766 1.2253
12.7434 -2.8507 1.2965
12.8361 -2.8245 1.6360
12.9287 -2.7979 1.6510
13.0214 -2.7709 1.3874
13.1139 -2.7427 1.3055
13.2065 -2.7146 1.1925
13.2990 -2.6847 1.2055
13.3907 -2.6529 1.3210
13.4827 -2.6218 1.2372
13.5749 -2.5906 1.1674
13.6670 -2.5594 1.2737
13.7592 -2.5296 1.2662
13.8513 -2.5000 1.2386
13.9430 -2.4687 1.2748
14.0347 -2.4367 1.2243
14.1259 -2.4043 1.3775
14.2172 -2.3721 1.1727
14.3095 -2.3434 1.1652
14.4016 -2.3161 1.3064
14.4935 -2.2902 1.2045
14.5855 -2.2640 1.2447
14.6775 -2.2381 1.3547
14.7705 -2.2155 1.5072
14.8632 -2.1916 1.6219
14.9552 -2.1671 1.5753
15.0467 -2.1420 1.6782
15.1378 -2.1172 2.0433
15.2277 -2.0909 1.8625
15.3179 -2.0650 1.9076
15.4074 -2.0351 1.7852
15.4973 -2.0047 1.5909
15.5863 -1.9716 1.5331
15.6739 -1.9360 1.5572
15.7609 -1.8995 1.5863
15.8480 -1.8609 1.5817
15.9338 -1.8190 1.4427
16.0202 -1.7782 1.4985
16.1037 -1.7322 1.5480
16.1847 -1.6819 1.5714
16.2625 -1.6264 1.4752
16.3372 -1.5660 1.4000
16.4081 -1.5013 1.4265
16.4747 -1.4322 1.4917
16.5380 -1.3600 1.5064
16.5941 -1.2826 1.5090
16.6424 -1.2003 1.4901
16.6895 -1.1167 1.4245
16.7281 -1.0290 1.4593
16.7598 -0.9385 1.4003
16.7825 -0.8457 1.3264
16.7982 -0.7518 1.2973
16.8005 -0.6576 1.3202
16.7913 -0.5641 1.3580
16.7800 -0.4698 1.3144
16.7663 -0.3758 1.4203
16.7421 -0.2844 1.4489
16.7074 -0.1967 1.4916
16.6645 -0.1129 1.4302
16.6110 -0.0357 1.4014
16.5505 0.0369 1.4413
16.4860 0.1064 1.4001
16.4139 0.1664 1.4053
16.3355 0.2164 1.3708
16.2517 0.2572 1.5629
16.1657 0.2951 1.4599
16.0769 0.3240 1.4847
15.9873 0.3508 1.5439
15.8963 0.3710 1.6170
15.8041 0.3854 1.5012
15.7111 0.3929 1.4795
15.6176 0.3974 1.6301
15.5238 0.3987 1.5371
15.4298 0.3955 1.5704
15.3362 0.3868 1.6126
15.2428 0.3735 1.5526
15.1496 0.3552 1.5675
15.0572 0.3324 1.6107
14.9661 0.3044 1.6310
14.8761 0.2726 1.6207
14.7871 0.2383 1.5285
14.6988 0.2030 1.7231
14.6118 0.1647 1.6635
14.5257 0.1243 1.6396
14.4398 0.0839 1.6918
14.3551 0.0404 1.6410
14.2709 -0.0036 1.6048
14.1870 -0.0479 1.4890
14.1036 -0.0936 1.3330
14.0214 -0.1409 1.4368
13.9403 -0.1897 1.4675
13.8594 -0.2393 1.5771
13.7782 -0.2888 1.6404
13.6962 -0.3380 1.4807
13.6143 -0.3879 1.5375
13.5322 -0.4379 1.6985
13.4502 -0.4874 1.6858
13.3679 -0.5371 1.7681
13.2852 -0.5865 1.8383
13.2022 -0.6361 1.9591
13.1187 -0.6849 2.0961
13.0341 -0.7315 1.9645
12.9491 -0.7769 1.7129
12.8637 -0.8218 1.5534
12.7778 -0.8661 1.6365
12.6918 -0.9104 1.7837
12.6048 -0.9532 1.5344
12.5178 -0.9964 1.5550
12.4331 -1.0433 1.5744
12.3467 -1.0871 1.6477
12.2592 -1.1290 1.5988
12.1722 -1.1723 1.6048
12.0847 -1.2140 1.5752
11.9964 -1.2536 1.5983
11.9079 -1.2926 1.7010
11.8190 -1.3309 1.7313
11.7290 -1.3666 1.5150
11.6382 -1.3990 1.4217
11.5475 -1.4303 1.5244
11.4554 -1.4572 1.4672
11.3618 -1.4784 1.4001
11.2673 -1.4977 1.5058
11.1719 -1.5115 1.6101
11.0761 -1.5201 1.5699
10.9809 -1.5200 1.5760
10.8858 -1.5193 1.5721
10.7915 -1.5106 1.5632
10.6986 -1.4950 1.5925
10.6077 -1.4729 1.6544
10.5178 -1.4471 1.5894
10.4300 -1.4135 1.6046
10.3465 -1.3701 1.5557
10.2679 -1.3190 1.5349
10.1950 -1.2601 1.5764
10.1276 -1.1949 1.5539
10.0682 -1.1222 1.5454
10.0189 -1.0426 1.5285
9.9785 -0.9585 1.5538
9.9454 -0.8712 1.6024
9.9220 -0.7811 1.5459
9.9050 -0.6898 1.5973
9.8987 -0.5977 1.6574
9.9038 -0.5061 1.6551
9.9124 -0.4143 1.7327
9.9299 -0.3243 1.7508
9.9539 -0.2356 1.7539
9.9889 -0.1508 1.7654
10.0337 -0.0711 1.7429
10.0871 0.0028 1.7213
10.1432 0.0752 1.7859
10.2051 0.1434 1.7097
10.2725 0.2059 1.8139
10.3441 0.2632 1.9565
10.4182 0.3169 1.9991
10.4940 0.3681 1.9877
10.5725 0.4161 2.2571
10.6535 0.4609 2.2850
10.7363 0.5026 2.2534
10.8204 0.5413 2.2038
10.9059 0.5762 2.1365
10.9925 0.6089 2.2849
11.0805 0.6395 2.2622
11.1693 0.6688 2.3905
11.2582 0.6970 2.6208
11.3477 0.7230 2.4979
11.4378 0.7461 2.2200
11.5273 0.7713 2.5670
11.6166 0.7968 2.6364
11.7043 0.8263 2.5142
11.7914 0.8577 2.5520
11.8781 0.8903 2.7931
11.9643 0.9237 2.4498
12.0494 0.9588 2.3605
12.1340 0.9954 2.5962
12.2179 1.0335 2.9829
12.2998 1.0748 2.8452
12.3801 1.1184 2.6302
12.4580 1.1656 2.6708
12.5343 1.2150 2.5684
12.6087 1.2668 2.2652
12.6792 1.3237 2.2516
12.7468 1.3839 2.2689
12.8118 1.4471 2.3937
12.8734 1.5135 2.4716
12.9337 1.5809 2.3731
12.9918 1.6499 2.5251
13.0444 1.7223 2.6758
13.0931 1.7970 2.7712
13.1390 1.8734 2.6916
13.1804 1.9524 2.7782
13.2161 2.0343 2.6462
13.2509 2.1168 2.2494
13.2844 2.2001 2.1859
13.3139 2.2846 2.3178
13.3382 2.3699 2.1183
13.3580 2.4562 2.1237
13.3742 2.5436 2.2867
13.3875 2.6318 2.3924
13.3974 2.7209 2.2875
13.4056 2.8107 2.2819
13.4108 2.9007 2.3789
13.4136 2.9904 2.3764
13.4132 3.0802 2.2640
13.4113 3.1700 2.2732
13.4072 3.2592 2.2443
13.3987 3.3474 2.2508
13.3872 3.4353 2.2143
13.3730 3.5226 2.2837
13.3559 3.6096 2.3748
13.3361 3.6964 2.4137
13.3133 3.7826 2.3914
13.2891 3.8683 2.4646
13.2631 3.9532 2.5414
13.2372 4.0382 2.6615
13.2092 4.1221 3.0333
13.1792 4.2052 3.0208
13.1487 4.2883 2.6783
13.1177 4.3708 2.7000
13.0858 4.4528 2.6731
13.0515 4.5340 2.5529
13.0176 4.6156 2.4652
12.9844 4.6972 2.5363
12.9511 4.7785 2.5512
12.9161 4.8597 2.5965
12.8805 4.9415 2.5395
12.8452 5.0234 2.6146
12.8087 5.1050 2.7093
12.7700 5.1858 2.8306
12.7303 5.2662 2.8310
12.6901 5.3463 2.6897
12.6502 5.4265 2.7252
12.6111 5.5067 2.8507
12.5727 5.5865 2.8462
12.5348 5.6666 2.8420
12.4976 5.7469 2.8483
12.4612 5.8276 2.8933
12.4239 5.9083 2.8293
12.3859 5.9891 3.3924
12.3488 6.0706 4.9819
12.3132 6.1528 6.7805
12.2754 6.2345 8.7376
12.2366 6.3161 10.9701
12.1968 6.3971 13.2142
12.1568 6.4781 15.4239
12.1172 6.5597 17.7604
12.0771 6.6407 19.9488
12.0361 6.7213 22.1850
11.9946 6.8018 24.4861
11.9519 6.8817 26.6721
