x y
9.2086 8.4855
9.1701 8.4901
9.1309 8.4943
9.0914 8.4980
9.0526 8.5012
9.0142 8.5039
8.9759 8.5061
8.9376 8.5078
8.8992 8.5090
8.8606 8.5099
8.8217 8.5103
8.7825 8.5103
8.7430 8.5099
8.7032 8.5092
8.6633 8.5080
8.6232 8.5065
8.5829 8.5046
8.5425 8.5023
8.5020 8.4996
8.4613 8.4964
8.4206 8.4929
8.3797 8.4889
8.3387 8.4845
8.2977 8.4796
8.2565 8.4743
8.2153 8.4685
8.1740 8.4623
8.1326 8.4555
8.0912 8.4483
8.0497 8.4406
8.0081 8.4324
7.9665 8.4237
7.9248 8.4146
7.8831 8.4050
7.8414 8.3949
7.7997 8.3843
7.7579 8.3733
7.7161 8.3619
7.6743 8.3500
7.6325 8.3378
7.5906 8.3251
7.5487 8.3119
7.5069 8.2984
7.4650 8.2846
7.4231 8.2703
7.3812 8.2557
7.3393 8.2408
7.2974 8.2255
7.2554 8.2100
7.2135 8.1941
7.1715 8.1779
7.1294 8.1615
7.0874 8.1448
7.0452 8.1279
7.0031 8.1108
6.9609 8.0934
6.9186 8.0759
6.8763 8.0583
6.8340 8.0404
6.7915 8.0225
6.7491 8.0044
6.7065 7.9863
6.6639 7.9681
6.6212 7.9498
6.5785 7.9314
6.5357 7.9130
6.4928 7.8945
6.4498 7.8760
6.4067 7.8575
6.3636 7.8390
6.3204 7.8205
6.2771 7.8019
6.2337 7.7834
6.1903 7.7648
6.1468 7.7463
6.1031 7.7278
6.0595 7.7092
6.0157 7.6908
5.9719 7.6723
5.9279 7.6539
5.8839 7.6356
5.8398 7.6173
5.7957 7.5991
5.7515 7.5810
5.7072 7.5630
5.6628 7.5451
5.6183 7.5274
5.5738 7.5098
5.5292 7.4923
5.4846 7.4751
5.4399 7.4581
5.3950 7.4413
5.3502 7.4247
5.3052 7.4084
5.2602 7.3924
5.2151 7.3766
5.1700 7.3612
5.1248 7.3460
5.0795 7.3312
5.0342 7.3166
4.9888 7.3024
4.9435 7.2885
4.8980 7.2749
4.8526 7.2617
4.8071 7.2487
4.7617 7.2360
4.7162 7.2237
4.6707 7.2115
4.6253 7.1997
4.5798 7.1881
4.5344 7.1768
4.4890 7.1656
4.4436 7.1547
4.3983 7.1439
4.3530 7.1334
4.3079 7.1230
4.2627 7.1127
4.2177 7.1025
4.1727 7.0925
4.1278 7.0826
4.0830 7.0727
4.0384 7.0629
3.9938 7.0532
3.9493 7.0436
3.9049 7.0339
3.8606 7.0243
3.8165 7.0148
3.7725 7.0052
3.7286 6.9956
3.6848 6.9861
3.6412 6.9765
3.5977 6.9669
3.5543 6.9573
3.5110 6.9477
3.4679 6.9380
3.4250 6.9283
3.3822 6.9185
3.3395 6.9086
3.2970 6.8987
3.2547 6.8887
3.2125 6.8786
3.1705 6.8683
3.1287 6.8580
3.0870 6.8475
3.0455 6.8369
3.0042 6.8261
2.9630 6.8151
2.9221 6.8039
2.8813 6.7925
2.8407 6.7809
2.8003 6.7691
2.7601 6.7570
2.7202 6.7447
2.6805 6.7321
2.6409 6.7192
2.6017 6.7061
2.5626 6.6927
2.5238 6.6789
2.4852 6.6649
2.4469 6.6507
2.4088 6.6361
2.3709 6.6213
2.3333 6.6062
2.2959 6.5908
2.2587 6.5752
2.2218 6.5594
2.1851 6.5433
2.1485 6.5271
2.1122 6.5107
2.0761 6.4941
2.0401 6.4774
2.0043 6.4605
1.9686 6.4436
1.9331 6.4266
1.8977 6.4095
1.8624 6.3923
1.8271 6.3751
1.7920 6.3579
1.7569 6.3406
1.7218 6.3233
1.6867 6.3061
1.6517 6.2888
1.6166 6.2715
1.5815 6.2543
1.5464 6.2370
1.5112 6.2197
1.4759 6.2025
1.4405 6.1852
1.4051 6.1679
1.3695 6.1507
1.3337 6.1334
1.2979 6.1161
1.2619 6.0987
1.2257 6.0813
1.1893 6.0639
1.1528 6.0463
1.1162 6.0287
1.0794 6.0111
1.0424 5.9933
1.0053 5.9754
0.9681 5.9573
0.9307 5.9391
0.8933 5.9206
0.8558 5.9020
0.8182 5.8830
0.7807 5.8639
0.7431 5.8444
0.7057 5.8245
0.6683 5.8043
0.6311 5.7837
0.5941 5.7626
0.5573 5.7411
0.5207 5.7191
0.4845 5.6966
0.4486 5.6736
0.4132 5.6499
0.3782 5.6257
0.3436 5.6009
0.3096 5.5754
0.2761 5.5493
0.2433 5.5225
0.2110 5.4950
0.1795 5.4669
0.1486 5.4381
0.1184 5.4086
0.0891 5.3784
0.0605 5.3475
0.0327 5.3160
0.0057 5.2838
-0.0204 5.2510
-0.0457 5.2175
-0.0700 5.1834
-0.0935 5.1488
-0.1161 5.1135
-0.1379 5.0777
-0.1587 5.0414
-0.1786 5.0047
-0.1976 4.9674
-0.2158 4.9297
-0.2331 4.8916
-0.2496 4.8531
-0.2652 4.8143
-0.2800 4.7751
-0.2940 4.7356
-0.3073 4.6959
-0.3198 4.6559
-0.3316 4.6157
-0.3427 4.5753
-0.3531 4.5346
-0.3628 4.4938
-0.3719 4.4529
-0.3803 4.4118
-0.3881 4.3705
-0.3953 4.3292
-0.4019 4.2877
-0.4079 4.2461
-0.4132 4.2045
-0.4179 4.1627
-0.4220 4.1209
-0.4255 4.0790
-0.4284 4.0370
-0.4306 3.9950
-0.4321 3.9529
-0.4329 3.9108
-0.4331 3.8686
-0.4325 3.8265
-0.4312 3.7843
-0.4292 3.7422
-0.4265 3.7001
-0.4229 3.6581
-0.4186 3.6162
-0.4135 3.5743
-0.4077 3.5325
-0.4010 3.4909
-0.3936 3.4494
-0.3854 3.4080
-0.3765 3.3667
-0.3669 3.3257
-0.3565 3.2848
-0.3454 3.2441
-0.3337 3.2036
-0.3214 3.1634
-0.3084 3.1233
-0.2949 3.0835
-0.2809 3.0439
-0.2663 3.0046
-0.2513 2.9655
-0.2359 2.9266
-0.2201 2.8880
-0.2039 2.8496
-0.1875 2.8115
-0.1707 2.7736
-0.1536 2.7359
-0.1363 2.6984
-0.1188 2.6611
-0.1010 2.6241
-0.0831 2.5872
-0.0650 2.5505
-0.0467 2.5140
-0.0282 2.4777
-0.0096 2.4415
0.0091 2.4054
0.0279 2.3695
0.0469 2.3337
0.0660 2.2980
0.0852 2.2624
0.1045 2.2269
0.1239 2.1915
0.1434 2.1561
0.1630 2.1208
0.1827 2.0855
0.2024 2.0502
0.2221 2.0150
0.2419 1.9797
0.2617 1.9445
0.2816 1.9092
0.3014 1.8740
0.3212 1.8386
0.3410 1.8032
0.3607 1.7678
0.3804 1.7323
0.4000 1.6966
0.4195 1.6609
0.4389 1.6250
0.4582 1.5890
0.4773 1.5528
0.4963 1.5165
0.5151 1.4800
0.5338 1.4433
0.5523 1.4064
0.5706 1.3694
0.5887 1.3321
0.6067 1.2946
0.6245 1.2568
0.6421 1.2189
0.6595 1.1807
0.6768 1.1423
0.6939 1.1037
0.7108 1.0648
0.7276 1.0257
0.7442 0.9864
0.7607 0.9468
0.7770 0.9070
0.7932 0.8670
0.8093 0.8268
0.8252 0.7863
0.8411 0.7456
0.8568 0.7047
0.8723 0.6636
0.8877 0.6222
0.9030 0.5806
0.9181 0.5388
0.9331 0.4968
0.9479 0.4545
0.9625 0.4121
0.9769 0.3694
0.9910 0.3265
1.0050 0.2833
1.0186 0.2400
1.0320 0.1964
1.0451 0.1525
1.0579 0.1085
1.0704 0.0642
1.0825 0.0197
1.0943 -0.0250
1.1057 -0.0699
1.1167 -0.1151
1.1274 -0.1604
1.1377 -0.2060
1.1477 -0.2517
1.1573 -0.2977
1.1665 -0.3438
1.1754 -0.3900
1.1840 -0.4364
1.1924 -0.4829
1.2004 -0.5295
1.2083 -0.5762
1.2159 -0.6230
1.2233 -0.6698
1.2305 -0.7166
1.2376 -0.7635
1.2446 -0.8104
1.2516 -0.8573
1.2584 -0.9041
1.2652 -0.9509
1.2720 -0.9976
1.2788 -1.0443
1.2856 -1.0909
1.2924 -1.1374
1.2993 -1.1838
1.3062 -1.2300
1.3133 -1.2761
1.3204 -1.3221
1.3276 -1.3679
1.3350 -1.4136
1.3425 -1.4591
1.3501 -1.5044
1.3580 -1.5495
1.3660 -1.5944
1.3742 -1.6391
1.3826 -1.6836
1.3912 -1.7278
1.4001 -1.7718
1.4091 -1.8156
1.4184 -1.8590
1.4280 -1.9023
1.4378 -1.9452
1.4478 -1.9879
1.4581 -2.0302
1.4686 -2.0723
1.4793 -2.1141
1.4903 -2.1555
1.5014 -2.1967
1.5128 -2.2376
1.5244 -2.2782
1.5362 -2.3184
1.5481 -2.3584
1.5602 -2.3981
1.5724 -2.4375
1.5847 -2.4765
1.5971 -2.5153
1.6095 -2.5538
1.6220 -2.5921
1.6344 -2.6301
1.6468 -2.6678
1.6592 -2.7053
1.6714 -2.7426
1.6835 -2.7797
1.6955 -2.8166
1.7074 -2.8534
1.7190 -2.8900
1.7305 -2.9265
1.7417 -2.9630
1.7528 -2.9993
1.7637 -3.0355
1.7744 -3.0716
1.7851 -3.1077
1.7957 -3.1436
1.8063 -3.1795
1.8169 -3.2152
1.8278 -3.2507
1.8388 -3.2860
1.8502 -3.3211
1.8619 -3.3558
1.8742 -3.3902
1.8870 -3.4241
1.9005 -3.4575
1.9148 -3.4903
1.9298 -3.5224
1.9457 -3.5537
1.9625 -3.5842
1.9803 -3.6137
1.9989 -3.6423
2.0186 -3.6698
2.0391 -3.6963
2.0606 -3.7216
2.0829 -3.7457
2.1061 -3.7686
2.1299 -3.7903
2.1545 -3.8108
2.1796 -3.8300
2.2053 -3.8481
2.2313 -3.8649
2.2577 -3.8805
2.2843 -3.8949
2.3111 -3.9083
2.3379 -3.9205
2.3648 -3.9317
2.3916 -3.9418
2.4183 -3.9510
2.4449 -3.9593
2.4712 -3.9667
2.4973 -3.9732
2.5230 -3.9790
2.5484 -3.9840
2.5734 -3.9883
2.5980 -3.9920
2.6222 -3.9951
2.6458 -3.9976
2.6690 -3.9997
2.6916 -4.0013
2.7138 -4.0025
2.7354 -4.0034
2.7566 -4.0039
2.7773 -4.0043
2.7976 -4.0045
2.8174 -4.0045
2.8369 -4.0044
2.8560 -4.0042
2.8749 -4.0039
2.8936 -4.0036
2.9120 -4.0032
2.9304 -4.0028
2.9486 -4.0022
2.9668 -4.0015
2.9851 -4.0007
3.0033 -3.9997
3.0216 -3.9985
3.0400 -3.9970
3.0585 -3.9951
3.0771 -3.9928
3.0958 -3.9901
3.1145 -3.9869
3.1333 -3.9831
3.1521 -3.9788
3.1709 -3.9738
3.1897 -3.9681
3.2084 -3.9617
3.2270 -3.9546
3.2456 -3.9466
3.2640 -3.9378
3.2823 -3.9281
3.3004 -3.9176
3.3183 -3.9062
3.3359 -3.8939
3.3532 -3.8807
3.3701 -3.8667
3.3866 -3.8518
3.4027 -3.8361
3.4183 -3.8195
3.4333 -3.8022
3.4479 -3.7841
3.4618 -3.7652
3.4752 -3.7455
3.4880 -3.7252
3.5002 -3.7041
3.5117 -3.6823
3.5226 -3.6599
3.5328 -3.6368
3.5424 -3.6130
3.5513 -3.5887
3.5595 -3.5638
3.5671 -3.5384
3.5739 -3.5125
3.5801 -3.4861
3.5856 -3.4593
3.5905 -3.4322
3.5947 -3.4046
3.5982 -3.3767
3.6012 -3.3485
3.6035 -3.3200
3.6052 -3.2911
3.6064 -3.2620
3.6071 -3.2326
3.6072 -3.2028
3.6067 -3.1728
3.6058 -3.1425
3.6043 -3.1119
3.6024 -3.0811
3.5999 -3.0501
3.5969 -3.0188
3.5935 -2.9874
3.5895 -2.9557
3.5850 -2.9239
3.5800 -2.8919
3.5745 -2.8597
3.5685 -2.8273
3.5619 -2.7948
3.5549 -2.7621
3.5473 -2.7292
3.5393 -2.6961
3.5307 -2.6629
3.5217 -2.6295
3.5123 -2.5960
3.5024 -2.5623
3.4921 -2.5284
3.4815 -2.4944
3.4705 -2.4602
3.4592 -2.4258
3.4477 -2.3912
3.4359 -2.3564
3.4239 -2.3214
3.4117 -2.2862
3.3995 -2.2507
3.3871 -2.2151
3.3746 -2.1792
3.3621 -2.1430
3.3495 -2.1066
3.3369 -2.0699
3.3242 -2.0329
3.3115 -1.9956
3.2988 -1.9581
3.2861 -1.9202
3.2733 -1.8820
3.2604 -1.8435
3.2475 -1.8047
3.2345 -1.7656
3.2215 -1.7262
3.2083 -1.6865
3.1950 -1.6466
3.1816 -1.6064
3.1681 -1.5660
3.1545 -1.5253
3.1407 -1.4844
3.1267 -1.4433
3.1126 -1.4020
3.0983 -1.3605
3.0838 -1.3188
3.0692 -1.2769
3.0544 -1.2348
3.0394 -1.1925
3.0243 -1.1500
3.0090 -1.1074
2.9935 -1.0645
2.9779 -1.0215
2.9621 -0.9783
2.9462 -0.9349
2.9301 -0.8914
2.9139 -0.8477
2.8976 -0.8038
2.8811 -0.7598
2.8645 -0.7156
2.8477 -0.6713
2.8308 -0.6268
2.8139 -0.5821
2.7967 -0.5373
2.7795 -0.4924
2.7621 -0.4472
2.7447 -0.4020
2.7271 -0.3566
2.7095 -0.3110
2.6917 -0.2653
2.6739 -0.2194
2.6560 -0.1734
2.6381 -0.1272
2.6202 -0.0808
2.6022 -0.0343
2.5843 0.0125
2.5664 0.0594
2.5485 0.1065
2.5307 0.1538
2.5129 0.2014
2.4953 0.2492
2.4777 0.2972
2.4603 0.3454
2.4430 0.3939
2.4259 0.4426
2.4088 0.4915
2.3920 0.5407
2.3753 0.5901
2.3587 0.6398
2.3423 0.6896
2.3260 0.7397
2.3098 0.7900
2.2938 0.8405
2.2778 0.8912
2.2619 0.9422
2.2461 0.9933
2.2303 1.0447
2.2145 1.0964
2.1987 1.1483
2.1830 1.2004
2.1672 1.2527
2.1515 1.3054
2.1357 1.3582
2.1199 1.4114
2.1041 1.4649
2.0883 1.5186
2.0725 1.5727
2.0567 1.6272
2.0409 1.6819
2.0251 1.7371
2.0095 1.7927
1.9939 1.8487
1.9783 1.9052
1.9630 1.9621
1.9477 2.0195
1.9326 2.0775
1.9178 2.1360
1.9031 2.1950
1.8887 2.2546
1.8746 2.3148
1.8608 2.3755
1.8474 2.4368
1.8344 2.4987
1.8219 2.5613
1.8099 2.6245
1.7984 2.6884
1.7876 2.7530
1.7776 2.8184
1.7684 2.8845
1.7601 2.9513
1.7528 3.0189
1.7466 3.0871
1.7416 3.1560
1.7380 3.2256
1.7358 3.2958
1.7351 3.3665
1.7361 3.4378
1.7389 3.5095
1.7435 3.5816
1.7500 3.6541
1.7586 3.7269
1.7694 3.7999
1.7824 3.8730
1.7977 3.9463
1.8154 4.0194
1.8356 4.0925
1.8582 4.1654
1.8834 4.2379
1.9112 4.3101
1.9415 4.3817
1.9745 4.4527
2.0101 4.5230
2.0483 4.5925
2.0892 4.6611
2.1327 4.7286
2.1787 4.7950
2.2274 4.8602
2.2786 4.9240
2.3322 4.9863
2.3882 5.0471
2.4465 5.1062
2.5069 5.1636
2.5695 5.2191
2.6340 5.2727
2.7004 5.3243
2.7686 5.3740
2.8384 5.4217
2.9098 5.4674
2.9827 5.5112
3.0569 5.5530
3.1324 5.5928
3.2091 5.6308
3.2868 5.6668
3.3654 5.7011
3.4447 5.7335
3.5247 5.7642
3.6053 5.7933
3.6864 5.8207
3.7680 5.8467
3.8500 5.8713
3.9324 5.8946
4.0152 5.9166
4.0984 5.9375
4.1819 5.9572
4.2659 5.9758
4.3503 5.9933
4.4351 6.0098
4.5202 6.0253
4.6058 6.0397
4.6917 6.0529
4.7781 6.0651
4.8650 6.0760
4.9524 6.0857
5.0404 6.0940
5.1288 6.1007
5.2178 6.1058
5.3072 6.1092
5.3971 6.1106
5.4872 6.1099
5.5775 6.1070
5.6679 6.1017
5.7582 6.0940
5.8483 6.0837
5.9381 6.0707
6.0273 6.0549
6.1160 6.0364
6.2039 6.0150
6.2909 5.9908
6.3769 5.9637
6.4617 5.9338
6.5453 5.9012
6.6276 5.8659
6.7084 5.8281
6.7878 5.7879
6.8655 5.7453
6.9417 5.7007
7.0161 5.6541
7.0889 5.6057
7.1600 5.5556
7.2295 5.5041
7.2973 5.4512
7.3635 5.3971
7.4282 5.3418
7.4914 5.2856
7.5532 5.2284
7.6137 5.1703
7.6728 5.1115
7.7306 5.0520
7.7872 4.9918
7.8425 4.9310
7.8967 4.8697
7.9497 4.8080
8.0015 4.7457
8.0522 4.6831
8.1017 4.6200
8.1502 4.5566
8.1977 4.4929
8.2440 4.4288
8.2893 4.3644
8.3336 4.2996
8.3768 4.2346
8.4189 4.1693
8.4599 4.1038
8.4998 4.0380
8.5386 3.9721
8.5761 3.9060
8.6125 3.8397
8.6476 3.7732
8.6814 3.7066
8.7139 3.6399
8.7450 3.5731
8.7747 3.5062
8.8028 3.4393
8.8295 3.3724
8.8545 3.3055
8.8779 3.2387
8.8997 3.1719
8.9198 3.1053
8.9381 3.0388
8.9546 2.9724
8.9694 2.9063
8.9824 2.8404
8.9935 2.7748
9.0029 2.7095
9.0104 2.6446
9.0162 2.5800
9.0201 2.5159
9.0222 2.4524
9.0226 2.3893
9.0213 2.3269
9.0182 2.2650
9.0135 2.2038
9.0072 2.1433
8.9994 2.0835
8.9900 2.0243
8.9793 1.9659
8.9672 1.9081
8.9538 1.8511
8.9392 1.7948
8.9236 1.7392
8.9069 1.6843
8.8893 1.6301
8.8710 1.5767
8.8519 1.5239
8.8323 1.4719
8.8122 1.4205
8.7917 1.3698
8.7710 1.3198
8.7502 1.2704
8.7293 1.2216
8.7085 1.1734
8.6878 1.1258
8.6673 1.0788
8.6472 1.0323
8.6274 0.9864
8.6081 0.9409
8.5892 0.8960
8.5709 0.8515
8.5531 0.8074
8.5359 0.7638
8.5193 0.7206
8.5032 0.6778
8.4877 0.6354
8.4728 0.5933
8.4584 0.5516
8.4444 0.5103
8.4310 0.4692
8.4179 0.4285
8.4052 0.3880
8.3928 0.3478
8.3807 0.3079
8.3688 0.2681
8.3570 0.2286
8.3454 0.1893
8.3338 0.1502
8.3222 0.1111
8.3107 0.0722
8.2992 0.0334
8.2876 -0.0054
8.2760 -0.0441
8.2644 -0.0828
8.2527 -0.1216
8.2412 -0.1603
8.2297 -0.1992
8.2183 -0.2381
8.2072 -0.2770
8.1963 -0.3161
8.1858 -0.3552
8.1758 -0.3944
8.1663 -0.4337
8.1575 -0.4730
8.1494 -0.5123
8.1421 -0.5516
8.1357 -0.5910
8.1304 -0.6302
8.1261 -0.6694
8.1229 -0.7085
8.1209 -0.7474
8.1201 -0.7861
8.1206 -0.8245
8.1224 -0.8627
8.1255 -0.9006
8.1299 -0.9381
8.1355 -0.9753
8.1425 -1.0120
8.1507 -1.0483
8.1601 -1.0842
8.1707 -1.1196
8.1825 -1.1545
8.1954 -1.1889
8.2093 -1.2228
8.2243 -1.2562
8.2402 -1.2890
8.2571 -1.3213
8.2748 -1.3530
8.2934 -1.3842
8.3127 -1.4148
8.3328 -1.4449
8.3535 -1.4744
8.3749 -1.5034
8.3968 -1.5319
8.4193 -1.5599
8.4423 -1.5874
8.4657 -1.6144
8.4896 -1.6409
8.5139 -1.6671
8.5386 -1.6928
8.5637 -1.7181
8.5891 -1.7431
8.6148 -1.7677
8.6408 -1.7920
8.6670 -1.8160
8.6935 -1.8397
8.7202 -1.8631
8.7471 -1.8862
8.7743 -1.9090
8.8016 -1.9315
8.8291 -1.9539
8.8569 -1.9759
8.8848 -1.9978
8.9130 -2.0194
8.9414 -2.0407
8.9700 -2.0619
8.9990 -2.0828
9.0282 -2.1034
9.0577 -2.1238
9.0875 -2.1439
9.1177 -2.1636
9.1482 -2.1831
9.1790 -2.2021
9.2102 -2.2208
9.2417 -2.2390
9.2737 -2.2567
9.3060 -2.2740
9.3387 -2.2907
9.3717 -2.3068
9.4052 -2.3222
9.4390 -2.3370
9.4732 -2.3512
9.5078 -2.3646
9.5427 -2.3773
9.5780 -2.3893
9.6136 -2.4005
9.6495 -2.4109
9.6857 -2.4205
9.7222 -2.4294
9.7589 -2.4376
9.7959 -2.4450
9.8331 -2.4516
9.8705 -2.4576
9.9080 -2.4629
9.9458 -2.4676
9.9836 -2.4717
10.0215 -2.4753
10.0596 -2.4783
10.0977 -2.4810
10.1359 -2.4832
10.1742 -2.4851
10.2125 -2.4867
10.2508 -2.4881
10.2892 -2.4894
10.3277 -2.4905
10.3662 -2.4915
10.4047 -2.4925
10.4433 -2.4935
10.4820 -2.4945
10.5208 -2.4956
10.5596 -2.4968
10.5985 -2.4981
10.6375 -2.4995
10.6767 -2.5010
10.7160 -2.5027
10.7554 -2.5044
10.7949 -2.5063
10.8347 -2.5082
10.8745 -2.5102
10.9146 -2.5123
10.9549 -2.5143
10.9953 -2.5164
11.0360 -2.5183
11.0768 -2.5202
11.1178 -2.5219
11.1590 -2.5235
11.2004 -2.5248
11.2420 -2.5260
11.2836 -2.5268
11.3255 -2.5273
11.3675 -2.5274
11.4096 -2.5271
11.4518 -2.5264
11.4941 -2.5253
11.5366 -2.5236
11.5791 -2.5214
11.6216 -2.5186
11.6643 -2.5153
11.7069 -2.5113
11.7497 -2.5067
11.7924 -2.5015
11.8351 -2.4957
11.8778 -2.4892
11.9205 -2.4820
11.9632 -2.4742
12.0058 -2.4657
12.0484 -2.4567
12.0910 -2.4470
12.1335 -2.4367
12.1760 -2.4258
12.2185 -2.4144
12.2609 -2.4024
12.3033 -2.3900
12.3456 -2.3770
12.3879 -2.3637
12.4302 -2.3499
12.4725 -2.3358
12.5147 -2.3213
12.5569 -2.3065
12.5991 -2.2914
12.6414 -2.2759
12.6836 -2.2602
12.7258 -2.2443
12.7680 -2.2280
12.8102 -2.2115
12.8524 -2.1948
12.8947 -2.1778
12.9369 -2.1605
12.9791 -2.1429
13.0213 -2.1251
13.0635 -2.1069
13.1057 -2.0885
13.1478 -2.0696
13.1900 -2.0505
13.2320 -2.0309
13.2741 -2.0110
13.3161 -1.9907
13.3580 -1.9700
13.4000 -1.9489
13.4418 -1.9274
13.4837 -1.9055
13.5254 -1.8832
13.5672 -1.8605
13.6089 -1.8374
13.6505 -1.8141
13.6921 -1.7904
13.7337 -1.7665
13.7752 -1.7423
13.8168 -1.7179
13.8583 -1.6934
13.8998 -1.6687
13.9413 -1.6440
13.9828 -1.6193
14.0243 -1.5946
14.0659 -1.5700
14.1074 -1.5455
14.1490 -1.5213
14.1905 -1.4972
14.2321 -1.4734
14.2737 -1.4500
14.3152 -1.4269
14.3567 -1.4042
14.3982 -1.3819
14.4396 -1.3601
14.4810 -1.3388
14.5223 -1.3180
14.5634 -1.2978
14.6044 -1.2781
14.6453 -1.2589
14.6860 -1.2404
14.7264 -1.2224
14.7666 -1.2050
14.8065 -1.1882
14.8461 -1.1720
14.8854 -1.1564
14.9243 -1.1414
14.9628 -1.1269
15.0009 -1.1130
15.0385 -1.0996
15.0757 -1.0868
15.1123 -1.0745
15.1485 -1.0627
15.1842 -1.0514
15.2194 -1.0406
15.2540 -1.0302
15.2880 -1.0203
15.3215 -1.0108
15.3544 -1.0016
15.3867 -0.9929
15.4183 -0.9845
15.4494 -0.9764
15.4799 -0.9686
15.5098 -0.9611
15.5391 -0.9538
15.5678 -0.9467
15.5959 -0.9399
15.6234 -0.9332
15.6504 -0.9266
15.6768 -0.9201
15.7027 -0.9138
15.7280 -0.9074
15.7529 -0.9011
15.7772 -0.8948
15.8012 -0.8885
15.8247 -0.8821
15.8478 -0.8755
15.8705 -0.8689
15.8929 -0.8621
15.9149 -0.8552
15.9365 -0.8479
15.9579 -0.8405
15.9790 -0.8327
15.9997 -0.8244
16.0203 -0.8157
16.0405 -0.8065
16.0605 -0.7965
16.0801 -0.7859
16.0995 -0.7744
16.1184 -0.7620
16.1368 -0.7486
16.1547 -0.7342
16.1719 -0.7188
16.1884 -0.7022
16.2040 -0.6845
16.2185 -0.6657
16.2320 -0.6457
16.2441 -0.6247
16.2548 -0.6027
16.2640 -0.5797
16.2715 -0.5558
16.2772 -0.5312
16.2811 -0.5060
16.2830 -0.4803
16.2829 -0.4543
16.2807 -0.4281
16.2764 -0.4020
16.2700 -0.3761
16.2616 -0.3505
16.2511 -0.3254
16.2385 -0.3010
16.2240 -0.2774
16.2076 -0.2547
16.1894 -0.2330
16.1694 -0.2125
16.1478 -0.1933
16.1247 -0.1753
16.1002 -0.1587
16.0744 -0.1435
16.0474 -0.1298
16.0194 -0.1176
15.9905 -0.1069
15.9607 -0.0976
15.9303 -0.0899
15.8992 -0.0836
15.8676 -0.0787
15.8356 -0.0752
15.8033 -0.0730
15.7706 -0.0722
15.7377 -0.0726
15.7047 -0.0743
15.6715 -0.0771
15.6382 -0.0811
15.6048 -0.0862
15.5714 -0.0924
15.5380 -0.0996
15.5046 -0.1078
15.4711 -0.1171
15.4377 -0.1273
15.4042 -0.1385
15.3708 -0.1507
15.3373 -0.1638
15.3039 -0.1779
15.2704 -0.1928
15.2370 -0.2087
15.2037 -0.2254
15.1704 -0.2430
15.1371 -0.2614
15.1040 -0.2806
15.0709 -0.3005
15.0379 -0.3212
15.0050 -0.3425
14.9721 -0.3645
14.9393 -0.3871
14.9064 -0.4102
14.8736 -0.4338
14.8407 -0.4579
14.8077 -0.4823
14.7746 -0.5070
14.7413 -0.5320
14.7078 -0.5572
14.6741 -0.5824
14.6401 -0.6078
14.6059 -0.6331
14.5713 -0.6583
14.5365 -0.6834
14.5012 -0.7084
14.4656 -0.7331
14.4295 -0.7576
14.3931 -0.7818
14.3562 -0.8057
14.3188 -0.8293
14.2810 -0.8525
14.2428 -0.8754
14.2041 -0.8980
14.1650 -0.9203
14.1255 -0.9423
14.0856 -0.9639
14.0454 -0.9853
14.0048 -1.0065
13.9640 -1.0274
13.9229 -1.0482
13.8815 -1.0688
13.8399 -1.0892
13.7982 -1.1096
13.7562 -1.1299
13.7142 -1.1502
13.6720 -1.1704
13.6297 -1.1907
13.5874 -1.2110
13.5450 -1.2313
13.5025 -1.2517
13.4600 -1.2721
13.4175 -1.2927
13.3749 -1.3133
13.3323 -1.3339
13.2897 -1.3547
13.2469 -1.3755
13.2042 -1.3963
13.1613 -1.4172
13.1184 -1.4382
13.0754 -1.4591
13.0324 -1.4801
12.9892 -1.5010
12.9460 -1.5219
12.9027 -1.5427
12.8592 -1.5635
12.8157 -1.5842
12.7720 -1.6049
12.7281 -1.6255
12.6840 -1.6461
12.6398 -1.6666
12.5953 -1.6870
12.5505 -1.7074
12.5055 -1.7277
12.4602 -1.7479
12.4146 -1.7680
12.3687 -1.7881
12.3225 -1.8080
12.2760 -1.8278
12.2291 -1.8475
12.1818 -1.8671
12.1340 -1.8865
12.0859 -1.9059
12.0372 -1.9251
11.9880 -1.9442
11.9382 -1.9631
11.8878 -1.9819
11.8368 -2.0006
11.7851 -2.0190
11.7326 -2.0373
11.6794 -2.0554
11.6254 -2.0733
11.5705 -2.0909
11.5147 -2.1084
11.4579 -2.1255
11.3999 -2.1424
11.3408 -2.1589
11.2805 -2.1750
11.2189 -2.1906
11.1559 -2.2057
11.0915 -2.2202
11.0255 -2.2339
10.9579 -2.2467
10.8885 -2.2585
10.8173 -2.2691
10.7441 -2.2782
10.6689 -2.2855
10.5917 -2.2909
10.5123 -2.2940
10.4310 -2.2944
10.3476 -2.2918
10.2623 -2.2858
10.1753 -2.2760
10.0867 -2.2620
9.9970 -2.2434
9.9063 -2.2199
9.8151 -2.1909
9.7238 -2.1563
9.6329 -2.1156
9.5431 -2.0687
9.4549 -2.0155
9.3691 -1.9557
9.2863 -1.8895
9.2073 -1.8170
9.1328 -1.7384
9.0636 -1.6542
9.0001 -1.5648
8.9430 -1.4706
8.8927 -1.3723
8.8497 -1.2707
8.8141 -1.1661
8.7861 -1.0595
8.7659 -0.9513
8.7534 -0.8429
8.7485 -0.7346
8.7508 -0.6262
8.7604 -0.5180
8.7769 -0.4121
8.7995 -0.3096
8.8279 -0.2104
8.8615 -0.1144
8.8998 -0.0217
8.9422 0.0673
8.9883 0.1526
9.0375 0.2342
9.0895 0.3120
9.1437 0.3861
9.1999 0.4567
9.2575 0.5237
9.3165 0.5874
9.3765 0.6480
9.4372 0.7054
9.4985 0.7600
9.5602 0.8118
9.6221 0.8610
9.6842 0.9077
9.7463 0.9521
9.8084 0.9943
9.8702 1.0343
9.9319 1.0723
9.9932 1.1085
10.0541 1.1427
10.1146 1.1753
10.1746 1.2062
10.2339 1.2356
10.2927 1.2635
10.3508 1.2900
10.4082 1.3152
10.4648 1.3392
10.5206 1.3620
10.5756 1.3837
10.6297 1.4044
10.6830 1.4241
10.7354 1.4430
10.7870 1.4610
10.8377 1.4783
10.8875 1.4948
10.9364 1.5107
10.9844 1.5259
11.0315 1.5406
11.0777 1.5548
11.1229 1.5684
11.1672 1.5816
11.2105 1.5943
11.2529 1.6067
11.2943 1.6187
11.3347 1.6305
11.3743 1.6419
11.4129 1.6532
11.4506 1.6642
11.4875 1.6751
11.5235 1.6859
11.5587 1.6966
11.5931 1.7072
11.6266 1.7178
11.6595 1.7284
11.6915 1.7391
11.7229 1.7498
11.7536 1.7605
11.7836 1.7714
11.8130 1.7825
11.8419 1.7937
11.8701 1.8050
11.8979 1.8166
11.9251 1.8284
11.9518 1.8404
11.9780 1.8527
12.0038 1.8653
12.0291 1.8781
12.0540 1.8913
12.0785 1.9048
12.1025 1.9186
12.1262 1.9328
12.1494 1.9475
12.1723 1.9626
12.1949 1.9781
12.2170 1.9942
12.2389 2.0108
12.2603 2.0280
12.2814 2.0458
12.3020 2.0642
12.3223 2.0833
12.3420 2.1030
12.3613 2.1233
12.3801 2.1444
12.3983 2.1661
12.4159 2.1885
12.4330 2.2115
12.4493 2.2353
12.4650 2.2597
12.4800 2.2848
12.4943 2.3106
12.5078 2.3369
12.5205 2.3639
12.5323 2.3914
12.5434 2.4195
12.5535 2.4481
12.5628 2.4772
12.5712 2.5068
12.5788 2.5368
12.5854 2.5672
12.5911 2.5981
12.5960 2.6293
12.5999 2.6609
12.6029 2.6927
12.6050 2.7249
12.6061 2.7573
12.6064 2.7900
12.6057 2.8228
12.6041 2.8559
12.6015 2.8891
12.5980 2.9225
12.5935 2.9560
12.5881 2.9896
12.5817 3.0232
12.5742 3.0569
12.5658 3.0906
12.5564 3.1243
12.5459 3.1579
12.5344 3.1915
12.5219 3.2250
12.5083 3.2584
12.4938 3.2918
12.4783 3.3250
12.4617 3.3581
12.4443 3.3911
12.4259 3.4239
12.4066 3.4567
12.3865 3.4893
12.3656 3.5217
12.3440 3.5541
12.3218 3.5863
12.2989 3.6184
12.2755 3.6505
12.2517 3.6824
12.2275 3.7143
12.2029 3.7462
12.1781 3.7781
12.1531 3.8100
12.1280 3.8420
12.1028 3.8742
12.0775 3.9065
12.0522 3.9390
12.0270 3.9717
12.0019 4.0046
11.9769 4.0378
11.9520 4.0713
11.9272 4.1050
11.9027 4.1390
11.8783 4.1734
11.8541 4.2080
11.8301 4.2429
11.8062 4.2780
11.7826 4.3135
11.7591 4.3493
11.7359 4.3854
11.7128 4.4219
11.6899 4.4586
11.6671 4.4956
11.6446 4.5330
11.6223 4.5706
11.6001 4.6085
11.5782 4.6468
11.5566 4.6853
11.5351 4.7241
11.5140 4.7631
11.4931 4.8025
11.4726 4.8421
11.4523 4.8820
11.4324 4.9222
11.4129 4.9626
11.3937 5.0033
11.3749 5.0442
11.3565 5.0854
11.3385 5.1267
11.3209 5.1683
11.3036 5.2101
11.2868 5.2520
11.2703 5.2941
11.2542 5.3363
11.2384 5.3786
11.2230 5.4210
11.2079 5.4635
11.1930 5.5060
11.1784 5.5484
11.1639 5.5909
11.1497 5.6332
11.1356 5.6755
11.1216 5.7177
11.1077 5.7597
11.0938 5.8015
11.0800 5.8432
11.0661 5.8847
11.0523 5.9260
11.0383 5.9670
11.0243 6.0078
11.0102 6.0484
10.9961 6.0886
10.9818 6.1286
10.9675 6.1683
10.9530 6.2076
10.9386 6.2466
10.9240 6.2853
10.9095 6.3236
10.8949 6.3617
10.8803 6.3993
10.8657 6.4367
10.8511 6.4738
10.8366 6.5105
10.8222 6.5470
10.8078 6.5832
10.7936 6.6191
10.7795 6.6549
10.7655 6.6904
10.7517 6.7257
10.7380 6.7609
10.7245 6.7959
10.7112 6.8307
10.6981 6.8655
10.6852 6.9002
10.6725 6.9348
10.6599 6.9693
10.6475 7.0038
10.6353 7.0383
10.6232 7.0728
10.6111 7.1073
10.5992 7.1418
10.5873 7.1763
10.5754 7.2108
10.5635 7.2454
10.5515 7.2800
10.5393 7.3147
10.5270 7.3493
10.5146 7.3840
10.5018 7.4186
10.4888 7.4532
10.4754 7.4878
10.4617 7.5223
10.4475 7.5567
10.4328 7.5909
10.4177 7.6250
10.4019 7.6589
10.3856 7.6926
10.3687 7.7260
10.3511 7.7591
10.3329 7.7919
10.3139 7.8244
10.2942 7.8564
10.2738 7.8880
10.2526 7.9191
10.2306 7.9496
10.2079 7.9796
10.1843 8.0090
10.1600 8.0377
10.1349 8.0658
10.1090 8.0931
10.0823 8.1196
10.0548 8.1453
10.0265 8.1702
9.9975 8.1941
9.9677 8.2172
9.9373 8.2393
9.9061 8.2604
9.8743 8.2805
9.8418 8.2995
9.8087 8.3176
9.7751 8.3346
9.7409 8.3506
9.7062 8.3655
9.6710 8.3794
9.6353 8.3924
9.5990 8.4044
9.5621 8.4156
9.5245 8.4260
9.4863 8.4356
9.4474 8.4445
9.4081 8.4528
9.3683 8.4604
9.3281 8.4675
9.2873 8.4742
9.2473 8.4802
