x y a
9.2126 9.0037 28.3074
9.1480 9.0111 26.0962
9.0828 9.0174 23.9451
9.0175 9.0224 21.8105
8.9521 9.0253 19.6478
8.8868 9.0274 17.5433
8.8217 9.0295 15.5397
8.7565 9.0311 13.5494
8.6912 9.0312 11.7090
8.6260 9.0316 9.8746
8.5605 9.0318 8.4007
8.4948 9.0299 7.3752
8.4289 9.0274 6.9080
8.3631 9.0237 6.8438
8.2970 9.0192 6.8959
8.2307 9.0132 6.8496
8.1645 9.0057 6.7892
8.0987 8.9972 6.6076
8.0329 8.9886 6.6494
7.9668 8.9793 6.6828
7.9002 8.9690 6.6553
7.8340 8.9574 6.5233
7.7682 8.9433 6.4856
7.7022 8.9288 6.3653
7.6364 8.9143 6.2471
7.5706 8.9001 6.1185
7.5048 8.8861 6.1661
7.4395 8.8699 6.2692
7.3748 8.8528 6.2211
7.3106 8.8348 6.1068
7.2468 8.8160 6.1896
7.1826 8.7977 6.0662
7.1179 8.7785 6.0832
7.0536 8.7565 6.0612
6.9893 8.7339 5.9745
6.9253 8.7109 5.8911
6.8617 8.6868 5.8312
6.7985 8.6620 5.8149
6.7346 8.6376 5.8066
6.6705 8.6133 5.7312
6.6064 8.5891 5.7194
6.5423 8.5653 5.6818
6.4783 8.5425 5.6587
6.4141 8.5200 5.5497
6.3496 8.4975 5.6805
6.2848 8.4748 5.6735
6.2197 8.4515 5.7002
6.1540 8.4284 5.5355
6.0887 8.4042 5.4798
6.0234 8.3804 5.5742
5.9581 8.3569 5.5247
5.8927 8.3343 5.3255
5.8270 8.3120 5.1524
5.7611 8.2912 5.1511
5.6955 8.2703 5.1455
5.6300 8.2486 4.9610
5.5642 8.2286 4.9922
5.4978 8.2097 4.9766
5.4315 8.1904 4.8847
5.3645 8.1727 4.9085
5.2972 8.1556 4.9155
5.2299 8.1387 4.7957
5.1626 8.1234 4.6886
5.0951 8.1098 4.6924
5.0274 8.0973 4.5699
4.9599 8.0841 4.5750
4.8928 8.0696 4.4982
4.8262 8.0555 4.5626
4.7598 8.0410 4.5785
4.6936 8.0249 4.2794
4.6272 8.0091 4.1774
4.5612 7.9918 4.2387
4.4949 7.9746 4.0831
4.4286 7.9571 3.9140
4.3625 7.9394 3.7866
4.2960 7.9231 3.6589
4.2292 7.9068 3.6777
4.1622 7.8902 3.4475
4.0949 7.8740 3.2109
4.0278 7.8572 3.0676
3.9608 7.8405 3.0838
3.8934 7.8243 2.9838
3.8254 7.8091 2.9555
3.7571 7.7951 3.1425
3.6887 7.7808 3.0236
3.6208 7.7639 3.1104
3.5533 7.7463 3.0122
3.4859 7.7289 3.0112
3.4183 7.7117 2.8604
3.3504 7.6947 2.7989
3.2822 7.6775 2.7556
3.2136 7.6605 2.7305
3.1452 7.6433 2.5921
3.0769 7.6258 2.4654
3.0086 7.6085 2.6592
2.9403 7.5903 2.8255
2.8718 7.5721 2.6402
2.8035 7.5550 2.5298
2.7356 7.5380 2.5663
2.6682 7.5191 2.6507
2.6009 7.4989 2.5607
2.5334 7.4774 2.4306
2.4656 7.4559 2.4446
2.3978 7.4335 2.6843
2.3294 7.4121 2.6948
2.2611 7.3899 2.6301
2.1934 7.3664 2.6519
2.1256 7.3429 2.4856
2.0581 7.3184 2.3938
1.9909 7.2928 2.3208
1.9244 7.2668 2.4373
1.8582 7.2403 2.5251
1.7918 7.2138 2.4279
1.7259 7.1870 2.3097
1.6608 7.1582 2.4151
1.5962 7.1284 2.3238
1.5326 7.0963 2.5141
1.4686 7.0640 2.6913
1.4050 7.0297 2.8514
1.3422 6.9932 2.9286
1.2794 6.9559 3.0150
1.2161 6.9181 2.9399
1.1528 6.8792 3.1311
1.0905 6.8384 3.0977
1.0289 6.7968 3.0126
0.9676 6.7547 3.3258
0.9069 6.7114 3.1506
0.8473 6.6660 3.1599
0.7881 6.6195 3.2120
0.7294 6.5724 3.3905
0.6708 6.5244 3.2801
0.6137 6.4748 3.4666
0.5575 6.4240 3.7329
0.5016 6.3721 3.5120
0.4460 6.3199 3.4454
0.3910 6.2670 3.3589
0.3370 6.2134 3.2733
0.2827 6.1600 3.3692
0.2300 6.1051 3.3175
0.1789 6.0489 3.2197
0.1278 5.9927 3.2488
0.0777 5.9359 3.1305
0.0287 5.8785 3.0697
-0.0195 5.8202 3.1016
-0.0668 5.7613 3.1263
-0.1136 5.7025 3.0305
-0.1603 5.6439 3.0870
-0.2045 5.5838 2.9625
-0.2494 5.5247 2.9969
-0.2926 5.4644 3.0337
-0.3339 5.4026 3.0052
-0.3746 5.3398 3.0258
-0.4147 5.2759 3.1530
-0.4557 5.2122 3.2022
-0.4959 5.1473 3.1750
-0.5347 5.0813 3.2451
-0.5731 5.0146 3.1721
-0.6101 4.9470 3.0824
-0.6457 4.8786 2.9316
-0.6804 4.8094 2.7605
-0.7144 4.7397 2.7625
-0.7476 4.6699 2.8177
-0.7792 4.5997 2.7760
-0.8099 4.5296 2.9077
-0.8373 4.4583 2.8402
-0.8631 4.3864 2.7581
-0.8888 4.3142 2.7855
-0.9131 4.2409 2.9088
-0.9360 4.1667 2.7609
-0.9574 4.0920 2.5750
-0.9760 4.0169 2.5040
-0.9923 3.9414 2.4250
-1.0076 3.8660 2.3528
-1.0214 3.7904 2.3592
-1.0331 3.7144 2.3889
-1.0418 3.6377 2.3692
-1.0484 3.5607 2.2450
-1.0544 3.4836 2.2632
-1.0607 3.4065 2.1328
-1.0668 3.3295 2.1678
-1.0724 3.2525 1.9853
-1.0768 3.1755 2.0076
-1.0790 3.0986 1.9366
-1.0800 3.0214 1.9949
-1.0803 2.9435 2.0117
-1.0809 2.8655 1.7835
-1.0794 2.7876 1.5741
-1.0758 2.7100 1.5916
-1.0709 2.6328 1.5077
-1.0642 2.5553 1.6240
-1.0572 2.4774 1.4613
-1.0505 2.3992 1.1583
-1.0429 2.3209 1.1222
-1.0341 2.2425 1.2656
-1.0241 2.1646 1.2472
-1.0125 2.0867 1.2092
-0.9997 2.0089 1.2599
-0.9847 1.9315 1.4136
-0.9696 1.8541 1.1322
-0.9542 1.7769 1.0593
-0.9380 1.7000 0.9988
-0.9217 1.6235 1.1537
-0.9056 1.5472 1.0536
-0.8871 1.4710 1.0140
-0.8667 1.3943 1.0780
-0.8462 1.3174 1.2013
-0.8261 1.2407 1.2425
-0.8055 1.1637 1.0892
-0.7852 1.0864 1.3413
-0.7625 1.0096 1.5920
-0.7390 0.9331 1.4662
-0.7162 0.8566 1.4286
-0.6927 0.7805 1.3659
-0.6671 0.7049 1.4537
-0.6406 0.6294 1.6629
-0.6134 0.5545 1.5325
-0.5857 0.4807 1.5587
-0.5566 0.4076 1.5751
-0.5282 0.3336 1.5709
-0.5006 0.2588 1.6604
-0.4728 0.1833 1.7432
-0.4444 0.1075 1.8044
-0.4154 0.0317 1.7566
-0.3870 -0.0443 1.8215
-0.3593 -0.1207 1.8711
-0.3333 -0.1979 1.8046
-0.3076 -0.2749 1.8761
-0.2826 -0.3520 1.8394
-0.2569 -0.4292 1.9151
-0.2318 -0.5071 1.9689
-0.2058 -0.5852 1.9822
-0.1781 -0.6629 1.9285
-0.1507 -0.7404 2.0047
-0.1221 -0.8179 1.9564
-0.0939 -0.8958 1.9312
-0.0651 -0.9737 1.9937
-0.0365 -1.0516 2.1406
-0.0092 -1.1297 2.1774
0.0188 -1.2074 2.2920
0.0476 -1.2847 2.2803
0.0751 -1.3627 2.2408
0.1021 -1.4411 2.1680
0.1293 -1.5195 2.1192
0.1561 -1.5980 2.0572
0.1819 -1.6767 2.0598
0.2049 -1.7561 2.0781
0.2301 -1.8350 2.1623
0.2581 -1.9131 2.3939
0.2860 -1.9915 2.4374
0.3145 -2.0701 2.4630
0.3429 -2.1489 2.4537
0.3716 -2.2276 2.5257
0.4005 -2.3061 2.5626
0.4293 -2.3847 2.6035
0.4578 -2.4637 2.5408
0.4883 -2.5421 2.5658
0.5193 -2.6203 2.5190
0.5522 -2.6980 2.5358
0.5843 -2.7761 2.5119
0.6188 -2.8532 2.5152
0.6547 -2.9295 2.4705
0.6893 -3.0063 2.3131
0.7241 -3.0833 2.2817
0.7593 -3.1605 2.2965
0.7959 -3.2374 2.2633
0.8336 -3.3137 2.3168
0.8721 -3.3893 2.3409
0.9115 -3.4643 2.4049
0.9531 -3.5384 2.4634
0.9974 -3.6113 2.5144
1.0435 -3.6834 2.7044
1.0898 -3.7552 2.5256
1.1392 -3.8246 2.4847
1.1888 -3.8936 2.3591
1.2410 -3.9607 2.3388
1.2941 -4.0267 2.2831
1.3485 -4.0907 2.2654
1.4039 -4.1537 2.3122
1.4609 -4.2151 2.3603
1.5193 -4.2753 2.2725
1.5788 -4.3349 2.2688
1.6393 -4.3940 2.3487
1.7014 -4.4516 2.3564
1.7667 -4.5054 2.5062
1.8338 -4.5573 2.6681
1.9030 -4.6057 2.5614
1.9730 -4.6527 2.5818
2.0439 -4.6978 2.5947
2.1175 -4.7381 2.6433
2.1931 -4.7755 2.6974
2.2698 -4.8105 2.7133
2.3474 -4.8429 2.6597
2.4261 -4.8706 2.4968
2.5058 -4.8949 2.4527
2.5867 -4.9151 2.3972
2.6686 -4.9300 2.3825
2.7510 -4.9399 2.4063
2.8342 -4.9449 2.4492
2.9179 -4.9473 2.5020
3.0013 -4.9442 2.5360
3.0843 -4.9363 2.5765
3.1673 -4.9268 2.5600
3.2503 -4.9150 2.5776
3.3313 -4.8959 2.5061
3.4104 -4.8714 2.5659
3.4882 -4.8428 2.5533
3.5644 -4.8097 2.4489
3.6373 -4.7700 2.4360
3.7093 -4.7280 2.4552
3.7783 -4.6817 2.3762
3.8446 -4.6320 2.4028
3.9076 -4.5781 2.4031
3.9689 -4.5217 2.3286
4.0281 -4.4632 2.4423
4.0829 -4.4009 2.4242
4.1329 -4.3351 2.4635
4.1802 -4.2673 2.4300
4.2269 -4.1994 2.5205
4.2710 -4.1302 2.5008
4.3107 -4.0584 2.5351
4.3469 -3.9846 2.5891
4.3813 -3.9098 2.5879
4.4111 -3.8331 2.6228
4.4396 -3.7560 2.4327
4.4655 -3.6781 2.3425
4.4865 -3.5987 2.3544
4.5053 -3.5187 2.3038
4.5222 -3.4385 2.1958
4.5339 -3.3573 2.2507
4.5419 -3.2754 2.2922
4.5440 -3.1934 2.3400
4.5458 -3.1118 2.2336
4.5461 -3.0307 2.2435
4.5443 -2.9498 2.2601
4.5401 -2.8692 2.1472
4.5328 -2.7888 2.1004
4.5228 -2.7085 2.0711
4.5122 -2.6280 2.1832
4.5001 -2.5475 2.1796
4.4869 -2.4669 2.2773
4.4713 -2.3863 2.2095
4.4527 -2.3060 2.1820
4.4332 -2.2258 2.0178
4.4124 -2.1459 1.9113
4.3895 -2.0666 1.9546
4.3659 -1.9873 1.8732
4.3408 -1.9084 1.9026
4.3151 -1.8295 1.8652
4.2883 -1.7511 1.9125
4.2599 -1.6733 1.9566
4.2289 -1.5963 2.0298
4.1965 -1.5197 2.0210
4.1616 -1.4445 2.0070
4.1261 -1.3693 1.9397
4.0899 -1.2942 1.9647
4.0552 -1.2181 2.0018
4.0201 -1.1421 2.0022
3.9841 -1.0670 2.0356
3.9472 -0.9928 2.0605
3.9101 -0.9188 2.2607
3.8726 -0.8452 2.3779
3.8346 -0.7715 2.3459
3.7980 -0.6965 2.2301
3.7616 -0.6209 2.2445
3.7254 -0.5450 2.1733
3.6893 -0.4687 2.1976
3.6560 -0.3908 2.2191
3.6244 -0.3120 2.1747
3.5920 -0.2335 2.1273
3.5594 -0.1549 1.9943
3.5271 -0.0764 2.1321
3.4937 0.0017 2.2068
3.4601 0.0797 2.1364
3.4273 0.1583 2.1456
3.3953 0.2374 2.0701
3.3631 0.3167 2.0224
3.3329 0.3971 2.1548
3.3026 0.4774 2.0413
3.2723 0.5576 1.9986
3.2438 0.6384 2.0283
3.2158 0.7197 2.0206
3.1887 0.8019 2.0138
3.1616 0.8845 2.1804
3.1359 0.9677 2.0620
3.1131 1.0511 2.0384
3.0899 1.1341 2.1750
3.0670 1.2168 1.9331
3.0474 1.3002 1.9535
3.0295 1.3839 1.5973
3.0128 1.4677 1.6866
2.9966 1.5512 1.5298
2.9820 1.6345 1.6695
2.9683 1.7175 1.8967
2.9577 1.8011 2.0984
2.9509 1.8855 1.9635
2.9467 1.9702 2.0376
2.9439 2.0550 2.1111
2.9429 2.1395 1.9650
2.9433 2.2237 1.8268
2.9461 2.3078 1.8631
2.9496 2.3922 1.7488
2.9539 2.4772 1.5038
2.9616 2.5630 1.5774
2.9716 2.6491 1.7082
2.9847 2.7349 1.6268
2.9989 2.8204 1.6542
3.0152 2.9057 1.6886
3.0345 2.9902 1.5552
3.0581 3.0734 1.3786
3.0850 3.1561 1.4732
3.1155 3.2380 1.5160
3.1482 3.3196 1.5572
3.1830 3.4006 1.7213
3.2194 3.4810 1.6919
3.2600 3.5590 1.7064
3.3029 3.6356 1.7113
3.3479 3.7112 1.7487
3.3975 3.7842 1.6575
3.4496 3.8553 1.6123
3.5053 3.9240 1.5823
3.5638 3.9909 1.6582
3.6252 4.0552 1.6668
3.6894 4.1170 1.7053
3.7558 4.1762 1.7353
3.8252 4.2316 1.8320
3.8966 4.2846 1.9160
3.9707 4.3335 2.0088
4.0482 4.3769 1.8850
4.1278 4.4169 1.8863
4.2091 4.4531 1.8428
4.2925 4.4836 1.8637
4.3777 4.5113 1.8737
4.4646 4.5351 1.9216
4.5522 4.5554 1.9697
4.6402 4.5711 2.0300
4.7287 4.5826 2.0998
4.8182 4.5889 2.1827
4.9087 4.5905 2.1111
4.9998 4.5873 2.2125
5.0908 4.5792 2.1662
5.1806 4.5645 2.3795
5.2673 4.5392 2.3832
5.3541 4.5118 2.8831
5.4402 4.4822 2.8372
5.5251 4.4499 2.8741
5.6080 4.4138 2.8794
5.6882 4.3728 2.9862
5.7670 4.3292 3.0918
5.8439 4.2819 3.0267
5.9198 4.2319 2.8772
5.9937 4.1788 3.0628
6.0649 4.1225 3.1194
6.1344 4.0638 3.2307
6.2027 4.0029 3.4771
6.2693 3.9399 3.2693
6.3332 3.8740 2.9665
6.3916 3.8035 2.8049
6.4490 3.7317 2.7436
6.5021 3.6570 2.7289
6.5521 3.5805 2.6551
6.6001 3.5028 2.7450
6.6462 3.4243 2.6727
6.6893 3.3444 2.5232
6.7303 3.2635 2.4777
6.7674 3.1802 2.4996
6.8016 3.0958 2.2651
6.8358 3.0117 2.3409
6.8645 2.9257 2.3412
6.8893 2.8383 2.2728
6.9121 2.7499 2.2931
6.9336 2.6612 2.4337
6.9517 2.5719 2.5088
6.9676 2.4819 2.5980
6.9820 2.3923 2.5745
6.9965 2.3036 2.5547
7.0074 2.2152 2.6538
7.0185 2.1268 2.5632
7.0282 2.0379 2.4968
7.0348 1.9484 2.6813
7.0385 1.8588 2.7492
7.0429 1.7693 2.3937
7.0469 1.6800 2.4179
7.0505 1.5909 2.3826
7.0540 1.5019 2.3578
7.0566 1.4131 2.3769
7.0592 1.3243 2.4806
7.0611 1.2356 2.3117
7.0635 1.1471 2.3312
7.0670 1.0589 2.3515
7.0712 0.9714 2.3232
7.0771 0.8840 2.4239
7.0821 0.7966 2.4890
7.0850 0.7092 2.3611
7.0867 0.6218 2.3794
7.0898 0.5344 2.4990
7.0916 0.4468 2.3685
7.0941 0.3589 2.4065
7.0972 0.2710 2.3486
7.1033 0.1834 2.2505
7.1120 0.0960 2.2720
7.1242 0.0090 2.3573
7.1363 -0.0780 2.4059
7.1509 -0.1647 2.5007
7.1673 -0.2508 2.4192
7.1849 -0.3366 2.4190
7.2027 -0.4223 2.6075
7.2207 -0.5079 2.4938
7.2395 -0.5931 2.4886
7.2603 -0.6777 2.4213
7.2835 -0.7618 2.3820
7.3077 -0.8457 2.2229
7.3346 -0.9290 2.1924
7.3637 -1.0114 2.1125
7.3931 -1.0938 2.1743
7.4244 -1.1752 2.1794
7.4573 -1.2557 2.1921
7.4925 -1.3352 2.1492
7.5293 -1.4142 2.0797
7.5672 -1.4923 1.9402
7.6063 -1.5694 1.8582
7.6479 -1.6451 1.9343
7.6917 -1.7199 2.1386
7.7396 -1.7923 2.0851
7.7895 -1.8637 2.2641
7.8410 -1.9343 2.2044
7.8945 -2.0042 2.2373
7.9501 -2.0734 2.3637
8.0078 -2.1416 2.3128
8.0666 -2.2088 2.2909
8.1274 -2.2743 2.3413
8.1905 -2.3379 2.2731
8.2563 -2.3993 2.3640
8.3244 -2.4585 2.5517
8.3941 -2.5156 2.4812
8.4657 -2.5707 2.4804
8.5395 -2.6239 2.5118
8.6152 -2.6750 2.6935
8.6916 -2.7253 2.7398
8.7693 -2.7733 2.7098
8.8489 -2.8172 2.7228
8.9295 -2.8598 2.8896
9.0120 -2.9009 2.7489
9.0966 -2.9393 2.7074
9.1829 -2.9744 2.8030
9.2705 -3.0068 2.8030
9.3591 -3.0367 2.7267
9.4488 -3.0636 2.5194
9.5391 -3.0900 2.6301
9.6299 -3.1151 2.4717
9.7215 -3.1357 2.4465
9.8134 -3.1548 2.3343
9.9057 -3.1727 2.1452
9.9985 -3.1883 2.1524
10.0915 -3.2024 2.1769
10.1847 -3.2153 2.0636
10.2785 -3.2265 2.0163
10.3728 -3.2341 2.0451
10.4670 -3.2400 2.2343
10.5616 -3.2446 2.1881
10.6565 -3.2453 2.1394
10.7515 -3.2447 2.0602
10.8460 -3.2415 2.1382
10.9399 -3.2359 2.1407
11.0335 -3.2348 2.0599
11.1267 -3.2299 2.1865
11.2191 -3.2211 2.1110
11.3110 -3.2079 2.1654
11.4033 -3.1933 2.2354
11.4953 -3.1760 2.4081
11.5865 -3.1562 2.5357
11.6778 -3.1371 2.5160
11.7693 -3.1182 2.6584
11.8599 -3.0963 2.6251
11.9505 -3.0738 2.4885
12.0413 -3.0506 2.4078
12.1317 -3.0255 2.4953
12.2214 -2.9987 2.4527
12.3103 -2.9711 2.2817
12.3989 -2.9428 2.4410
12.4886 -2.9167 2.6297
12.5780 -2.8895 2.5855
12.6673 -2.8619 2.4864
12.7570 -2.8348 2.3092
12.8461 -2.8065 2.2915
12.9349 -2.7771 2.2830
13.0246 -2.7478 2.2992
13.1149 -2.7188 2.4566
13.2052 -2.6887 2.2954
13.2970 -2.6625 2.3242
13.3890 -2.6361 2.1849
13.4814 -2.6112 2.2796
13.5740 -2.5877 2.2105
13.6661 -2.5619 2.1086
13.7584 -2.5360 2.0917
13.8504 -2.5092 2.1948
13.9420 -2.4811 2.0804
14.0342 -2.4548 2.0670
14.1264 -2.4271 1.9941
14.2193 -2.3995 2.0579
14.3122 -2.3711 2.0462
14.4053 -2.3436 1.9732
14.4986 -2.3164 2.0685
14.5916 -2.2895 1.9332
14.6841 -2.2618 1.8438
14.7767 -2.2348 1.9902
14.8692 -2.2062 1.9042
14.9621 -2.1794 2.0232
15.0548 -2.1512 1.9742
15.1474 -2.1230 1.9979
15.2396 -2.0946 2.0407
15.3312 -2.0643 2.0213
15.4223 -2.0320 2.1102
15.5134 -1.9996 2.1142
15.6039 -1.9658 2.1541
15.6935 -1.9294 2.1772
15.7810 -1.8901 2.1084
15.8667 -1.8482 2.1031
15.9525 -1.8060 2.1262
16.0362 -1.7589 2.0168
16.1193 -1.7097 1.9350
16.2008 -1.6571 1.9239
16.2794 -1.6001 2.0347
16.3544 -1.5384 2.1176
16.4272 -1.4746 2.0050
16.4938 -1.4052 2.0270
16.5544 -1.3309 2.1271
16.6085 -1.2517 2.1911
16.6581 -1.1690 2.3302
16.7011 -1.0825 2.2115
16.7369 -0.9931 2.3036
16.7659 -0.9015 2.1134
16.7844 -0.8078 2.1263
16.7950 -0.7130 2.2075
16.7979 -0.6183 2.1676
16.7928 -0.5241 2.1736
16.7790 -0.4308 1.9670
16.7605 -0.3379 1.9082
16.7309 -0.2487 1.8599
16.6897 -0.1646 1.8397
16.6404 -0.0849 1.8165
16.5825 -0.0114 1.8879
16.5173 0.0559 1.9517
16.4489 0.1200 2.1691
16.3747 0.1767 2.1017
16.2963 0.2277 2.1658
16.2136 0.2714 2.3234
16.1276 0.3087 2.5576
16.0397 0.3412 2.4639
15.9508 0.3710 2.5953
15.8603 0.3925 2.4874
15.7689 0.4078 2.3401
15.6772 0.4181 2.4708
15.5854 0.4228 2.6249
15.4931 0.4210 2.4770
15.4003 0.4147 2.6225
15.3078 0.4028 2.6682
15.2161 0.3854 2.5376
15.1251 0.3644 2.4374
15.0345 0.3410 2.4874
14.9448 0.3132 2.5511
14.8565 0.2820 2.8309
14.7695 0.2475 3.0922
14.6837 0.2097 3.1126
14.5990 0.1703 3.1379
14.5163 0.1292 3.1473
14.4343 0.0878 3.1662
14.3536 0.0441 3.3553
14.2737 -0.0012 3.2285
14.1944 -0.0479 3.4369
14.1155 -0.0955 3.5887
14.0371 -0.1437 3.6303
13.9588 -0.1920 3.6687
13.8804 -0.2400 3.6346
13.8026 -0.2890 3.4544
13.7252 -0.3386 3.5444
13.6472 -0.3868 3.7642
13.5686 -0.4344 3.6584
13.4902 -0.4829 3.3271
13.4112 -0.5300 3.2488
13.3326 -0.5775 3.0515
13.2529 -0.6236 2.8344
13.1730 -0.6692 3.0394
13.0928 -0.7142 3.1606
13.0120 -0.7578 2.9614
12.9309 -0.8008 2.8822
12.8498 -0.8435 2.7796
12.7688 -0.8857 2.5962
12.6875 -0.9273 2.5728
12.6061 -0.9684 2.5725
12.5237 -1.0072 2.5484
12.4405 -1.0442 2.5585
12.3585 -1.0829 2.4819
12.2758 -1.1198 2.3847
12.1942 -1.1585 2.3060
12.1132 -1.1970 2.3410
12.0323 -1.2359 2.3882
11.9496 -1.2722 2.2336
11.8662 -1.3075 2.1887
11.7819 -1.3417 2.1688
11.6965 -1.3736 2.1430
11.6105 -1.4038 2.1494
11.5237 -1.4310 2.1713
11.4368 -1.4557 2.1830
11.3490 -1.4764 2.2438
11.2607 -1.4959 2.3701
11.1713 -1.5098 2.4001
11.0815 -1.5187 2.4700
10.9918 -1.5224 2.5704
10.9022 -1.5230 2.5485
10.8129 -1.5166 2.4732
10.7242 -1.5037 2.5959
10.6365 -1.4859 2.7147
10.5509 -1.4610 2.4169
10.4684 -1.4293 2.5430
10.3889 -1.3909 2.5935
10.3108 -1.3490 2.6250
10.2366 -1.3012 2.6439
10.1680 -1.2464 2.7925
10.1053 -1.1852 2.6720
10.0469 -1.1194 2.6673
9.9965 -1.0470 2.5756
9.9521 -0.9702 2.7438
9.9149 -0.8896 2.6452
9.8843 -0.8065 2.5455
9.8629 -0.7211 2.5220
9.8519 -0.6337 2.5741
9.8442 -0.5458 2.6115
9.8451 -0.4581 2.5646
9.8566 -0.3714 2.6763
9.8777 -0.2869 2.6425
9.9055 -0.2046 2.4350
9.9428 -0.1268 2.1791
9.9879 -0.0535 2.1916
10.0359 0.0187 2.1130
10.0892 0.0868 2.2696
10.1483 0.1501 2.2182
10.2129 0.2084 2.1774
10.2818 0.2621 2.2647
10.3530 0.3131 2.2208
10.4267 0.3608 2.2396
10.5020 0.4069 2.2687
10.5796 0.4492 2.3185
10.6591 0.4882 2.3098
10.7406 0.5236 2.3345
10.8237 0.5559 2.4026
10.9080 0.5855 2.4127
10.9931 0.6142 2.3878
11.0791 0.6404 2.3918
11.1650 0.6652 2.4242
11.2505 0.6895 2.3401
11.3357 0.7146 2.4384
11.4212 0.7400 2.4491
11.5068 0.7652 2.4440
11.5920 0.7915 2.4021
11.6762 0.8200 2.3922
11.7608 0.8468 2.5598
11.8447 0.8741 2.7586
11.9277 0.9030 2.8274
12.0094 0.9345 3.2172
12.0905 0.9671 3.0329
12.1706 1.0020 2.9596
12.2496 1.0392 3.1557
12.3275 1.0783 3.2627
12.4041 1.1189 3.1730
12.4788 1.1625 3.1293
12.5505 1.2106 3.0705
12.6204 1.2615 2.9284
12.6878 1.3153 2.8764
12.7521 1.3722 2.8638
12.8141 1.4315 2.8236
12.8751 1.4924 2.6780
12.9343 1.5552 2.5944
12.9895 1.6215 2.6578
13.0406 1.6906 2.6472
13.0891 1.7613 2.7741
13.1354 1.8336 2.7477
13.1777 1.9086 2.8028
13.2171 1.9856 2.8377
13.2520 2.0654 2.8773
13.2810 2.1477 2.8849
13.3072 2.2311 2.9100
13.3295 2.3163 2.8177
13.3499 2.4025 2.7882
13.3662 2.4899 3.0118
13.3810 2.5781 3.0177
13.3940 2.6673 2.8182
13.4032 2.7569 2.6546
13.4084 2.8466 2.6174
13.4111 2.9362 2.6477
13.4131 3.0254 2.6024
13.4127 3.1146 2.5310
13.4089 3.2036 2.3413
13.3998 3.2925 2.4176
13.3876 3.3807 2.5745
13.3726 3.4684 2.5170
13.3547 3.5553 2.6393
13.3341 3.6413 2.5185
13.3132 3.7276 2.4737
13.2916 3.8136 2.3455
13.2673 3.8988 2.4500
13.2396 3.9834 2.5304
13.2114 4.0679 2.3705
13.1827 4.1525 2.3191
13.1522 4.2370 2.2562
13.1209 4.3208 2.1984
13.0896 4.4045 2.3377
13.0578 4.4886 2.4963
13.0244 4.5725 2.4911
12.9899 4.6561 2.7820
12.9542 4.7397 3.0238
12.9165 4.8226 2.8479
12.8787 4.9058 2.6888
12.8418 4.9894 2.7596
12.8048 5.0732 2.7947
12.7671 5.1570 2.8390
12.7283 5.2408 2.6056
12.6895 5.3250 2.4640
12.6517 5.4098 2.3283
12.6124 5.4935 2.3626
12.5734 5.5767 2.4514
12.5343 5.6599 2.3356
12.4933 5.7431 2.5578
12.4521 5.8268 2.5732
12.4121 5.9111 2.6138
12.3711 5.9949 2.5419
12.3295 6.0783 2.5720
12.2880 6.1620 2.6173
12.2473 6.2461 2.6824
12.2061 6.3303 2.6365
12.1656 6.4150 2.6294
12.1240 6.4990 2.4103
12.0835 6.5833 2.4060
12.0425 6.6677 2.4642
12.0020 6.7522 2.4264
11.9600 6.8356 2.4247
11.9168 6.9184 2.4979
11.8724 7.0008 2.4402
11.8288 7.0835 2.4265
11.7832 7.1652 2.5313
11.7363 7.2468 2.4792
11.6869 7.3274 2.4926
11.6362 7.4073 2.4907
11.5845 7.4866 2.5017
11.5330 7.5661 2.4651
11.4782 7.6430 2.4356
11.4224 7.7191 2.3521
11.3634 7.7931 2.3572
11.3025 7.8660 2.2762
11.2412 7.9393 2.2958
11.1792 8.0129 2.3680
11.1160 8.0853 2.3728
11.0500 8.1552 2.3519
10.9821 8.2234 2.4857
10.9128 8.2905 2.5420
10.8414 8.3557 2.5115
10.7676 8.4183 2.4506
10.6923 8.4798 2.5211
10.6138 8.5380 2.4798
10.5339 8.5945 2.3808
10.4504 8.6462 2.3358
10.3643 8.6945 2.4443
10.2765 8.7389 2.4590
10.1877 8.7811 2.4384
10.0972 8.8191 2.4533
10.0057 8.8554 2.4738
9.9130 8.8896 2.3992
9.8191 8.9207 2.2942
9.7241 8.9478 2.2433
9.6279 8.9708 2.2472
9.5306 8.9901 2.2306
9.4328 9.0088 2.2710
9.3345 9.0247 2.2425
9.2354 9.0379 2.2114
9.1362 9.0508 2.1714
9.0369 9.0618 2.1119
8.9372 9.0691 2.1592
8.8379 9.0722 2.1628
8.7391 9.0705 2.2384
8.6403 9.0650 2.2584
8.5420 9.0576 2.1242
8.4442 9.0490 2.1845
8.3467 9.0374 2.3923
8.2488 9.0250 2.4159
8.1518 9.0088 2.3175
8.0552 8.9902 2.3198
7.9585 8.9706 2.3026
7.8627 8.9485 2.1831
7.7676 8.9234 2.0813
7.6725 8.8983 2.0344
7.5775 8.8716 2.0158
7.4825 8.8442 2.1714
7.3877 8.8159 2.1201
7.2931 8.7878 2.0477
7.1982 8.7588 2.0910
7.1032 8.7290 2.1137
7.0086 8.6985 2.0593
6.9146 8.6673 2.0080
6.8213 8.6356 1.9681
6.7280 8.6048 1.8933
6.6341 8.5761 1.8216
6.5399 8.5474 1.9248
6.4453 8.5204 1.9533
6.3513 8.4921 1.8438
6.2576 8.4634 1.9159
6.1641 8.4339 1.7565
6.0706 8.4045 1.8222
5.9769 8.3759 1.9036
5.8829 8.3481 1.8118
5.7890 8.3209 1.7336
5.6952 8.2945 1.7588
5.6012 8.2686 1.6523
5.5070 8.2422 1.6882
5.4128 8.2170 1.7709
5.3185 8.1919 1.8014
5.2241 8.1672 1.8255
5.1300 8.1419 1.8499
5.0358 8.1169 1.9623
4.9413 8.0936 1.9462
4.8468 8.0690 2.0162
4.7515 8.0443 2.1871
4.6561 8.0196 2.3746
4.5606 7.9950 2.7236
4.4646 7.9719 3.1019
4.3682 7.9498 3.3903
4.2721 7.9275 3.1855
4.1766 7.9044 3.3331
4.0812 7.8812 2.9518
3.9859 7.8576 3.1580
3.8913 7.8321 3.0240
3.7969 7.8064 3.1573
3.7026 7.7808 3.0619
3.6082 7.7545 2.9430
3.5133 7.7287 2.9452
3.4180 7.7045 3.2741
3.3224 7.6817 3.2853
3.2264 7.6584 3.3462
3.1302 7.6355 3.3408
3.0332 7.6138 3.4297
2.9354 7.5916 3.2113
2.8376 7.5674 2.7311
2.7396 7.5448 2.7464
2.6424 7.5197 2.7821
2.5458 7.4928 2.9234
2.4499 7.4635 2.9959
2.3539 7.4346 2.7426
2.2584 7.4040 2.6673
2.1635 7.3714 2.6227
2.0692 7.3380 2.5076
1.9756 7.3029 2.5829
1.8834 7.2643 2.6028
1.7929 7.2230 2.6239
1.7030 7.1819 2.8110
1.6138 7.1400 2.8438
1.5266 7.0942 2.8731
1.4396 7.0473 2.8546
1.3532 6.9990 2.8805
1.2675 6.9496 2.8455
1.1819 6.8993 2.9239
1.0975 6.8464 2.9878
1.0142 6.7915 2.9817
0.9312 6.7359 2.9452
0.8488 6.6790 2.8815
0.7680 6.6190 2.9475
0.6886 6.5568 2.9124
0.6099 6.4934 2.8589
0.5325 6.4281 2.8256
0.4556 6.3626 2.7012
0.3803 6.2954 2.6637
0.3067 6.2263 2.7240
0.2348 6.1561 2.7564
0.1646 6.0845 2.7206
0.0957 6.0113 2.6495
0.0279 5.9369 2.7772
-0.0380 5.8610 2.7738
-0.1024 5.7841 2.8724
-0.1635 5.7045 2.9039
-0.2223 5.6230 2.7620
-0.2789 5.5397 2.7571
-0.3348 5.4551 2.6369
-0.3918 5.3708 2.6649
-0.4467 5.2849 2.6017
-0.4981 5.1964 2.5628
-0.5493 5.1077 2.4602
-0.5990 5.0180 2.4901
-0.6470 4.9277 2.6049
-0.6918 4.8361 2.5371
-0.7348 4.7435 2.6523
-0.7766 4.6505 2.6028
-0.8177 4.5575 2.7343
-0.8544 4.4629 2.8722
-0.8873 4.3667 2.9364
-0.9162 4.2696 2.9942
-0.9423 4.1721 3.0183
-0.9657 4.0741 2.9612
-0.9855 3.9749 2.9297
-1.0034 3.8749 3.0142
-1.0192 3.7741 3.0343
-1.0336 3.6728 2.9227
-1.0468 3.5709 2.7884
-1.0567 3.4686 2.7340
-1.0632 3.3658 2.7844
-1.0682 3.2625 2.7872
-1.0734 3.1596 2.7929
-1.0769 3.0569 2.8258
-1.0784 2.9542 2.7048
-1.0782 2.8512 2.7245
-1.0756 2.7480 2.7516
-1.0710 2.6446 2.7132
-1.0630 2.5413 2.7454
-1.0521 2.4378 2.8075
-1.0374 2.3343 2.9546
-1.0201 2.2314 3.0206
-1.0004 2.1289 2.9124
-0.9779 2.0270 2.7540
-0.9571 1.9250 2.7088
-0.9367 1.8230 2.6853
-0.9152 1.7215 2.5744
-0.8922 1.6205 2.4862
-0.8687 1.5193 2.6112
-0.8445 1.4180 2.8020
-0.8202 1.3167 2.8401
-0.7951 1.2154 2.8305
-0.7678 1.1140 2.8135
-0.7391 1.0125 2.8566
-0.7099 0.9106 2.8119
-0.6779 0.8092 2.9738
-0.6472 0.7073 3.1460
-0.6143 0.6061 3.1521
-0.5820 0.5051 3.1743
-0.5496 0.4043 3.3504
-0.5154 0.3043 3.4831
-0.4804 0.2044 3.6190
-0.4454 0.1045 3.6656
-0.4098 0.0048 3.4901
-0.3749 -0.0948 3.3688
-0.3406 -0.1949 3.2067
-0.3061 -0.2950 3.3045
-0.2712 -0.3945 3.2619
-0.2369 -0.4937 3.2484
-0.2014 -0.5918 3.3510
-0.1648 -0.6891 3.4730
-0.1284 -0.7862 3.4166
-0.0925 -0.8836 3.4531
-0.0569 -0.9812 3.6392
-0.0207 -1.0788 3.9632
0.0163 -1.1758 3.9915
0.0540 -1.2725 3.9469
0.0911 -1.3696 4.0673
0.1261 -1.4672 3.9599
0.1605 -1.5646 4.0958
0.1953 -1.6617 3.9748
0.2298 -1.7589 4.1206
0.2641 -1.8561 4.0996
0.2994 -1.9529 4.1592
0.3330 -2.0502 4.3086
0.3658 -2.1475 4.4464
0.3992 -2.2444 4.2327
0.4337 -2.3413 4.0321
0.4684 -2.4387 3.9191
0.5058 -2.5358 4.0655
0.5446 -2.6329 4.0122
0.5835 -2.7296 3.9419
0.6257 -2.8253 3.8807
0.6685 -2.9206 3.8625
0.7115 -3.0153 3.7395
0.7566 -3.1089 3.7563
0.8044 -3.2007 3.6325
0.8518 -3.2928 3.5887
0.8966 -3.3858 3.4822
0.9425 -3.4776 3.3956
0.9899 -3.5681 3.4396
1.0419 -3.6559 3.4341
1.0975 -3.7414 3.3825
1.1544 -3.8264 3.4451
1.2124 -3.9106 3.4119
1.2732 -3.9925 3.3259
1.3347 -4.0738 3.4735
1.3979 -4.1529 3.6678
1.4616 -4.2310 3.6053
1.5278 -4.3070 3.6935
1.5962 -4.3807 3.5172
1.6691 -4.4499 3.3361
1.7458 -4.5152 3.4021
1.8251 -4.5779 3.3842
1.9080 -4.6357 3.2412
1.9928 -4.6901 3.2086
2.0802 -4.7396 3.2699
2.1701 -4.7844 3.2602
2.2616 -4.8249 3.2638
2.3558 -4.8583 3.2292
2.4523 -4.8858 3.2126
2.5501 -4.9082 3.2706
2.6488 -4.9252 3.3348
2.7482 -4.9377 3.2861
2.8482 -4.9466 3.3541
2.9484 -4.9495 3.2763
3.0487 -4.9458 3.2492
3.1488 -4.9349 3.3399
3.2470 -4.9150 3.2892
3.3407 -4.8820 3.2646
3.4337 -4.8451 3.2225
3.5249 -4.8047 3.3289
3.6136 -4.7595 3.2556
3.7004 -4.7103 3.2848
3.7837 -4.6559 3.0944
3.8650 -4.5987 3.0449
3.9420 -4.5361 2.9731
4.0149 -4.4687 2.7982
4.0817 -4.3950 2.8085
4.1448 -4.3178 2.7990
4.2025 -4.2365 2.7491
4.2563 -4.1525 2.6763
4.3045 -4.0652 2.6108
4.3476 -3.9750 2.5192
4.3862 -3.8827 2.4644
4.4214 -3.7889 2.4923
4.4529 -3.6937 2.3997
4.4789 -3.5971 2.4979
4.5003 -3.4992 2.4857
4.5179 -3.4003 2.4898
4.5313 -3.3011 2.4633
4.5383 -3.2015 2.5464
4.5391 -3.1018 2.3994
4.5387 -3.0020 2.4260
4.5352 -2.9024 2.5979
4.5278 -2.8031 2.4066
4.5157 -2.7045 2.3318
4.4994 -2.6067 2.5201
4.4798 -2.5099 2.7654
4.4563 -2.4142 2.7420
4.4313 -2.3189 2.8931
4.4040 -2.2242 2.9672
4.3737 -2.1300 2.7304
4.3429 -2.0356 2.8169
4.3093 -1.9421 2.5809
4.2742 -1.8491 2.5216
4.2398 -1.7558 2.4680
4.2060 -1.6624 2.3719
4.1713 -1.5695 2.3371
4.1352 -1.4773 1.9253
4.0999 -1.3853 1.9548
4.0643 -1.2935 2.1300
4.0269 -1.2023 2.3882
3.9888 -1.1110 2.0684
3.9498 -1.0204 2.2486
3.9116 -0.9294 2.0933
3.8758 -0.8378 1.9420
3.8400 -0.7460 1.9358
3.8004 -0.6555 2.0177
3.7593 -0.5658 1.7593
3.7174 -0.4765 1.7417
3.6764 -0.3870 1.4791
3.6368 -0.2971 1.4014
3.5961 -0.2079 1.2845
3.5566 -0.1186 1.4631
3.5164 -0.0300 1.3250
3.4771 0.0594 1.3846
3.4384 0.1496 1.5162
3.3995 0.2402 1.2888
3.3622 0.3318 1.1993
3.3270 0.4242 1.2826
3.2939 0.5171 1.3331
3.2604 0.6095 1.3172
3.2272 0.7019 1.1848
3.1971 0.7958 1.3307
3.1687 0.8904 1.3304
3.1398 0.9851 1.2884
3.1117 1.0804 1.5709
3.0855 1.1767 1.4039
3.0610 1.2735 1.3356
3.0378 1.3702 1.3255
3.0195 1.4675 1.2054
3.0043 1.5653 1.2226
2.9891 1.6639 1.2919
2.9750 1.7630 1.3050
2.9644 1.8625 1.2557
2.9544 1.9620 1.1004
2.9469 2.0616 1.1801
2.9442 2.1612 1.2970
2.9437 2.2612 1.5454
2.9445 2.3614 1.6119
2.9481 2.4613 1.7534
2.9552 2.5609 1.8233
2.9661 2.6602 1.7602
2.9808 2.7589 1.4496
2.9995 2.8567 1.4428
3.0211 2.9533 1.5136
3.0456 3.0488 1.5207
3.0738 3.1438 1.5874
3.1061 3.2378 1.5972
3.1425 3.3299 1.7046
3.1828 3.4199 1.5397
3.2277 3.5079 1.6892
3.2754 3.5941 2.1253
3.3274 3.6773 2.1429
3.3840 3.7573 2.1511
3.4440 3.8345 2.1796
3.5059 3.9098 2.1758
3.5710 3.9816 2.1908
3.6387 4.0510 2.3034
3.7093 4.1174 1.9870
3.7822 4.1809 1.8840
3.8572 4.2418 2.0154
3.9351 4.2989 1.7417
4.0167 4.3514 1.6574
4.1014 4.4000 1.6863
4.1890 4.4438 1.5763
4.2790 4.4838 1.5852
4.3708 4.5203 1.4878
4.4647 4.5506 1.6107
4.5600 4.5745 1.6943
4.6562 4.5911 1.9049
4.7526 4.6036 1.8552
4.8491 4.6069 1.8127
4.9454 4.6034 1.7771
5.0414 4.5964 1.7003
5.1337 4.5822 1.8209
5.2187 4.5563 1.7115
5.3004 4.5218 1.7205
5.3824 4.4867 1.6579
5.4647 4.4522 1.6474
5.5457 4.4163 1.5619
5.6271 4.3818 1.5732
5.7083 4.3462 1.6050
5.7870 4.3063 1.7139
5.8635 4.2635 1.7280
5.9383 4.2179 1.7433
6.0091 4.1677 1.6967
6.0781 4.1148 1.6289
6.1456 4.0597 1.6662
6.2112 4.0026 1.8402
6.2737 3.9430 1.9976
6.3344 3.8806 1.9151
6.3932 3.8155 1.9133
6.4495 3.7482 1.8054
6.5024 3.6785 1.8934
6.5520 3.6068 1.9131
6.5981 3.5323 2.0062
6.6415 3.4558 2.0638
6.6806 3.3763 2.0531
6.7178 3.2951 1.9177
6.7539 3.2135 1.9365
6.7895 3.1312 1.9701
6.8212 3.0468 1.8577
6.8510 2.9617 1.8968
6.8779 2.8752 1.9187
6.9032 2.7877 1.9149
6.9256 2.6991 1.7423
6.9451 2.6100 1.7508
6.9611 2.5203 1.6938
6.9766 2.4301 1.6720
6.9911 2.3393 1.7402
7.0041 2.2483 1.8242
7.0164 2.1567 1.8572
7.0274 2.0646 1.9559
7.0363 1.9717 2.1428
7.0424 1.8783 2.4514
7.0470 1.7842 2.4179
7.0519 1.6901 2.0841
7.0558 1.5959 2.3070
7.0594 1.5015 2.1601
7.0621 1.4074 2.2354
7.0638 1.3135 2.3172
7.0657 1.2194 2.2158
7.0676 1.1248 2.1615
7.0723 1.0298 2.2074
7.0781 0.9348 2.1933
7.0831 0.8398 1.7448
7.0879 0.7446 2.0104
7.0916 0.6493 1.9233
7.0960 0.5541 2.0537
7.1020 0.4588 2.1621
7.1093 0.3636 2.0016
7.1163 0.2682 1.9326
7.1235 0.1728 1.9100
7.1333 0.0777 1.9487
7.1433 -0.0169 1.8120
7.1544 -0.1112 1.5164
7.1660 -0.2056 1.3804
7.1790 -0.2998 1.3445
7.1928 -0.3941 1.2113
7.2102 -0.4881 1.2282
7.2295 -0.5816 1.0779
7.2495 -0.6748 0.9967
7.2728 -0.7676 0.9389
7.2980 -0.8610 0.8941
7.3274 -0.9535 0.7740
7.3585 -1.0450 0.9862
7.3913 -1.1359 0.9640
7.4274 -1.2257 1.0763
7.4679 -1.3137 0.9409
7.5099 -1.4007 1.0131
7.5538 -1.4864 1.0868
7.6000 -1.5709 1.1346
7.6476 -1.6542 1.2049
7.6984 -1.7356 1.2687
7.7523 -1.8152 1.2868
7.8077 -1.8946 1.2666
7.8664 -1.9722 1.2737
7.9281 -2.0477 1.3020
7.9929 -2.1203 1.4667
8.0590 -2.1916 1.5282
8.1262 -2.2615 1.5259
8.1945 -2.3311 1.5500
8.2654 -2.3992 1.4659
8.3388 -2.4651 1.4373
8.4144 -2.5292 1.4958
8.4916 -2.5919 1.5996
8.5714 -2.6511 1.5784
8.6540 -2.7061 1.7070
8.7380 -2.7606 1.6637
8.8246 -2.8114 1.7831
8.9120 -2.8605 1.8487
9.0016 -2.9055 1.8333
9.0932 -2.9457 1.7918
9.1859 -2.9846 2.0932
9.2800 -3.0219 2.0007
9.3753 -3.0558 2.0244
9.4723 -3.0844 2.0529
9.5700 -3.1122 1.9147
9.6695 -3.1356 1.9692
9.7699 -3.1579 2.1827
9.8707 -3.1777 2.4086
9.9721 -3.1929 2.3305
10.0742 -3.2042 2.5295
10.1767 -3.2128 2.3321
10.2795 -3.2186 2.3686
10.3819 -3.2226 2.5045
10.4841 -3.2235 2.6798
10.5865 -3.2226 2.7622
10.6886 -3.2212 2.6240
10.7931 -3.2171 2.3333
10.8995 -3.2030 2.4017
11.0059 -3.1871 2.1636
11.1126 -3.1705 1.9937
11.2197 -3.1551 2.1951
11.3265 -3.1393 2.1438
11.4333 -3.1230 2.4140
11.5400 -3.1046 2.3904
11.6461 -3.0834 2.3875
11.7520 -3.0627 2.2608
11.8577 -3.0410 2.3414
11.9639 -3.0203 2.5021
12.0703 -2.9981 2.1229
12.1772 -2.9762 2.0966
12.2844 -2.9540 2.2128
12.3907 -2.9301 1.9481
12.4970 -2.9051 1.6465
12.6032 -2.8790 1.7273
12.7086 -2.8493 1.7773
12.8139 -2.8191 1.8443
12.9185 -2.7853 1.8236
13.0231 -2.7499 1.9188
13.1287 -2.7164 1.7615
13.2339 -2.6826 1.6568
13.3389 -2.6485 1.6212
13.4443 -2.6163 1.6532
13.5492 -2.5832 1.6690
13.6547 -2.5513 1.7304
13.7609 -2.5207 1.8144
13.8679 -2.4917 1.7862
13.9751 -2.4626 1.7874
14.0813 -2.4303 1.7145
14.1873 -2.3976 1.8217
14.2938 -2.3660 1.7479
14.4001 -2.3349 1.7649
14.5060 -2.3037 1.7135
14.6118 -2.2736 1.8186
14.7166 -2.2423 1.9167
14.8212 -2.2102 1.8680
14.9250 -2.1765 1.7278
15.0288 -2.1440 1.8771
15.1326 -2.1109 2.0610
15.2367 -2.0793 2.0794
15.3409 -2.0498 1.9621
15.4444 -2.0182 2.0117
15.5461 -1.9827 1.8479
15.6466 -1.9460 1.7092
15.7450 -1.9051 1.7126
15.8422 -1.8619 1.7422
15.9377 -1.8150 1.8609
16.0315 -1.7648 1.8309
16.1239 -1.7119 1.8254
16.2131 -1.6529 1.8121
16.2988 -1.5888 1.8667
16.3805 -1.5197 1.7614
16.4568 -1.4447 1.7713
16.5271 -1.3641 1.8009
16.5900 -1.2779 1.7635
16.6475 -1.1879 1.9095
16.6983 -1.0941 1.9456
16.7359 -0.9954 1.9410
16.7602 -0.8932 1.7817
16.7801 -0.7895 1.7496
16.7886 -0.6852 1.8773
16.7840 -0.5815 1.8470
16.7653 -0.4801 1.8390
16.7418 -0.3793 1.8240
16.7121 -0.2809 1.7945
16.6712 -0.1878 1.7599
16.6204 -0.1002 1.8394
16.5601 -0.0194 1.9707
16.4906 0.0531 2.0866
16.4158 0.1209 2.1871
16.3362 0.1825 2.2927
16.2518 0.2371 2.2331
16.1645 0.2872 2.2734
16.0731 0.3298 2.2359
15.9786 0.3658 2.2429
15.8825 0.3967 2.1573
15.7849 0.4192 2.0602
15.6862 0.4344 2.0275
15.5867 0.4421 2.0649
15.4872 0.4422 2.1590
15.3880 0.4370 2.2239
15.2896 0.4248 2.1867
15.1917 0.4082 2.2977
15.0956 0.3859 2.2925
15.0008 0.3583 1.9928
14.9073 0.3260 1.9075
14.8150 0.2901 1.9591
14.7241 0.2507 1.9754
14.6346 0.2076 2.1030
14.5463 0.1628 2.0733
14.4591 0.1168 2.2067
14.3735 0.0686 2.3294
14.2890 0.0186 2.2022
14.2046 -0.0312 2.2736
14.1207 -0.0818 2.3774
14.0379 -0.1341 1.9658
13.9551 -0.1868 2.0260
13.8716 -0.2388 1.8437
13.7873 -0.2892 1.8315
13.7024 -0.3393 1.7887
13.6172 -0.3893 1.9449
13.5317 -0.4381 2.0859
13.4466 -0.4867 2.2745
13.3606 -0.5345 2.1806
13.2744 -0.5825 2.2352
13.1883 -0.6309 2.0457
13.1023 -0.6791 2.1210
13.0161 -0.7271 2.0289
12.9309 -0.7771 2.0677
12.8448 -0.8249 2.2434
12.7581 -0.8713 2.3178
12.6706 -0.9162 2.2542
12.5828 -0.9612 2.1350
12.4941 -1.0059 2.1127
12.4048 -1.0507 2.0761
12.3155 -1.0958 2.0434
12.2262 -1.1412 1.9826
12.1360 -1.1849 2.0182
12.0447 -1.2277 2.1189
11.9527 -1.2693 2.0744
11.8609 -1.3114 2.1118
11.7679 -1.3496 2.0412
11.6739 -1.3834 2.1907
11.5788 -1.4135 2.2886
11.4827 -1.4412 2.2927
11.3855 -1.4655 2.2445
11.2871 -1.4863 2.2153
11.1871 -1.5023 2.1686
11.0859 -1.5140 2.2775
10.9838 -1.5172 2.2522
10.8815 -1.5170 2.4009
10.7797 -1.5095 2.3194
10.6787 -1.4942 2.3452
10.5795 -1.4685 2.3880
10.4833 -1.4334 2.4594
10.3911 -1.3899 2.5194
10.3026 -1.3390 2.4617
10.2202 -1.2789 2.4685
10.1462 -1.2096 2.4083
10.0816 -1.1322 2.4943
10.0254 -1.0486 2.4727
9.9787 -0.9594 2.5054
9.9412 -0.8664 2.5272
9.9175 -0.7698 2.5285
9.9058 -0.6714 2.5314
9.9058 -0.5725 2.5519
9.9121 -0.4729 2.3822
9.9297 -0.3745 2.5068
9.9566 -0.2779 2.6856
9.9970 -0.1867 2.6879
10.0482 -0.1012 2.5310
10.1035 -0.0176 2.5123
10.1657 0.0605 2.3216
10.2333 0.1336 2.1894
10.3042 0.2031 2.2907
10.3794 0.2669 1.9027
10.4595 0.3239 1.9217
10.5423 0.3765 1.8067
10.6272 0.4260 1.7506
10.7150 0.4702 1.6660
10.8049 0.5099 1.5690
10.8963 0.5461 1.4940
10.9886 0.5800 1.4068
11.0812 0.6135 1.3312
11.1748 0.6437 1.2643
11.2692 0.6726 1.1852
11.3636 0.7020 1.0827
11.4588 0.7298 1.0714
11.5530 0.7615 1.0712
11.6470 0.7946 1.1396
11.7409 0.8277 1.0968
11.8346 0.8613 1.1048
11.9270 0.8979 1.1004
12.0181 0.9374 1.2049
12.1087 0.9777 1.3514
12.1980 1.0202 1.2323
12.2861 1.0662 1.3116
12.3732 1.1146 1.2877
12.4588 1.1658 1.3212
12.5413 1.2215 1.4521
12.6203 1.2813 1.5544
12.6971 1.3442 1.6852
12.7715 1.4101 1.6972
12.8412 1.4799 1.6791
12.9089 1.5512 1.7153
12.9734 1.6257 1.8259
13.0342 1.7033 1.9110
13.0901 1.7838 2.0397
13.1388 1.8686 2.0663
13.1836 1.9558 2.1660
13.2233 2.0452 2.1911
13.2599 2.1363 2.1898
13.2911 2.2298 2.1395
13.3196 2.3244 2.1633
13.3455 2.4194 2.1665
13.3676 2.5151 2.2071
13.3857 2.6113 2.1056
13.3997 2.7083 2.1937
13.4105 2.8060 2.2572
13.4179 2.9039 2.3487
13.4208 3.0020 2.2804
13.4186 3.1002 2.1439
13.4095 3.1978 2.2613
13.3972 3.2947 2.1482
13.3839 3.3916 2.0521
13.3680 3.4878 2.0497
13.3474 3.5827 2.0009
13.3282 3.6779 2.0098
13.3080 3.7728 1.9544
13.2844 3.8669 1.8449
13.2568 3.9597 1.9068
13.2278 4.0523 1.8548
13.1966 4.1441 1.8772
13.1634 4.2354 1.8330
13.1287 4.3263 1.8986
13.0919 4.4166 1.8218
13.0532 4.5057 1.7867
13.0141 4.5945 1.8142
12.9754 4.6841 1.7851
12.9359 4.7734 1.8963
12.8982 4.8636 1.9795
12.8598 4.9540 1.8650
12.8209 5.0443 1.8944
12.7826 5.1347 1.7826
12.7443 5.2257 1.9346
12.7062 5.3171 2.1566
12.6676 5.4083 2.3482
12.6280 5.4991 2.0329
12.5881 5.5900 2.1724
12.5469 5.6807 2.2973
12.5067 5.7720 2.1955
12.4654 5.8635 2.2430
12.4238 5.9551 2.1463
12.3821 6.0465 2.0639
12.3393 6.1372 2.3664
12.2959 6.2281 2.2450
12.2508 6.3184 2.3835
12.2050 6.4084 2.3938
12.1604 6.4999 2.2706
12.1147 6.5912 2.3651
12.0688 6.6823 2.2696
12.0204 6.7725 2.3936
11.9726 6.8629 2.3479
11.9230 6.9524 2.4727
11.8718 7.0411 2.1103
11.8221 7.1305 1.8016
11.7714 7.2187 2.0124
11.7201 7.3058 1.8938
11.6668 7.3914 1.7740
11.6124 7.4765 1.6891
11.5543 7.5590 1.5456
11.4927 7.6394 1.4040
11.4321 7.7204 1.3765
11.3712 7.8010 1.3072
11.3094 7.8812 1.3535
11.2444 7.9589 1.4845
11.1783 8.0354 1.5262
11.1112 8.1114 1.5477
11.0407 8.1842 1.8025
10.9685 8.2555 1.5397
10.8929 8.3228 1.6088
10.8147 8.3871 1.2862
10.7337 8.4484 0.9687
10.6499 8.5054 1.1625
10.5654 8.5603 1.0476
10.4803 8.6128 1.0064
10.3944 8.6630 0.9281
10.3079 8.7119 1.0121
10.2198 8.7565 0.9200
10.1307 8.7984 1.1105
10.0407 8.8382 1.1959
9.9495 8.8752 1.3199
9.8559 8.9075 1.1925
9.7611 8.9364 1.3680
9.6653 8.9617 1.3802
9.5687 8.9842 1.2238
9.4712 9.0044 1.4112
9.3732 9.0222 1.6765
9.2744 9.0352 1.7748
9.1753 9.0479 1.9487
9.0754 9.0563 1.7393
8.9755 9.0619 1.6049
8.8756 9.0637 1.3776
8.7759 9.0618 1.1127
8.6767 9.0562 1.0802
8.5778 9.0471 0.9483
8.4792 9.0342 1.1510
8.3806 9.0198 1.3321
8.2825 9.0051 1.1136
8.1851 8.9879 1.1767
8.0879 8.9697 1.1329
7.9907 8.9510 1.2590
7.8931 8.9319 1.0550
7.7953 8.9137 0.9978
7.6975 8.8937 0.8362
7.5999 8.8711 0.8440
7.5024 8.8466 0.9431
7.4053 8.8207 1.0637
7.3084 8.7938 1.1579
7.2111 8.7663 1.1136
7.1141 8.7372 1.0181
7.0180 8.7047 1.0902
6.9215 8.6726 1.0942
6.8256 8.6386 1.2543
6.7291 8.6063 1.5031
6.6328 8.5729 1.4858
6.5364 8.5401 1.2351
6.4395 8.5086 1.2951
6.3430 8.4776 1.4071
6.2470 8.4458 1.3645
6.1516 8.4129 1.3616
6.0561 8.3795 1.3823
5.9604 8.3468 1.3156
5.8643 8.3152 1.2008
5.7673 8.2864 1.1471
5.6700 8.2577 1.3217
5.5718 8.2309 1.3916
5.4731 8.2052 1.3477
5.3741 8.1800 1.6426
5.2745 8.1561 1.3599
5.1748 8.1308 1.5173
5.0751 8.1046 1.5751
4.9749 8.0791 1.5328
4.8744 8.0541 1.7821
4.7737 8.0284 1.6199
4.6726 8.0046 1.6787
4.5714 7.9829 1.6439
4.4697 7.9610 1.5323
4.3676 7.9393 1.6447
4.2652 7.9179 1.6906
4.1624 7.8974 1.8200
4.0600 7.8746 1.8703
3.9579 7.8507 1.8508
3.8559 7.8270 1.6324
3.7539 7.8035 1.9057
3.6516 7.7805 1.9814
3.5494 7.7564 2.0238
3.4472 7.7301 2.1782
3.3449 7.7033 2.3203
3.2425 7.6757 2.3692
3.1394 7.6497 2.1360
3.0370 7.6231 1.9321
2.9353 7.5951 2.2119
2.8337 7.5666 1.8631
2.7333 7.5346 2.1166
2.6324 7.5035 1.8703
2.5319 7.4708 1.9735
2.4320 7.4370 1.8724
2.3328 7.4003 1.8243
2.2341 7.3618 1.6119
2.1346 7.3251 1.5884
2.0366 7.2859 1.6622
1.9398 7.2449 1.6882
1.8434 7.2027 1.5148
1.7473 7.1608 1.3940
1.6510 7.1195 1.4844
1.5557 7.0751 1.5161
1.4610 7.0282 1.5095
1.3675 6.9787 1.5405
1.2755 6.9268 1.5115
1.1841 6.8738 1.4973
1.0932 6.8201 1.6478
1.0044 6.7635 1.5923
0.9172 6.7054 1.6104
0.8320 6.6447 1.7655
0.7480 6.5831 1.7838
0.6656 6.5197 2.0010
0.5843 6.4553 1.8307
0.5046 6.3890 1.8493
0.4256 6.3220 1.6923
0.3480 6.2538 1.6775
0.2696 6.1861 1.6885
0.1935 6.1163 1.6730
0.1200 6.0444 1.7664
0.0486 5.9704 1.8238
-0.0217 5.8952 1.7156
-0.0878 5.8161 1.6096
-0.1515 5.7349 1.5690
-0.2134 5.6526 1.7265
-0.2726 5.5689 1.7500
-0.3280 5.4834 1.6001
-0.3825 5.3977 1.5092
-0.4356 5.3113 1.5965
-0.4861 5.2231 1.5735
-0.5335 5.1330 1.5331
-0.5795 5.0424 1.4876
-0.6243 4.9514 1.5979
-0.6691 4.8603 1.6903
-0.7116 4.7681 1.7601
-0.7508 4.6747 1.7161
-0.7873 4.5803 1.8756
-0.8201 4.4847 2.0409
-0.8481 4.3877 1.9185
-0.8751 4.2904 1.8348
-0.9012 4.1936 2.0143
-0.9243 4.0964 2.0605
-0.9443 3.9983 2.1042
-0.9643 3.8999 2.2954
-0.9829 3.8012 2.2949
-1.0006 3.7019 2.1612
-1.0167 3.6017 2.1650
-1.0308 3.5008 2.1101
-1.0428 3.3995 1.9642
-1.0518 3.2979 2.1521
-1.0595 3.1962 2.0172
-1.0666 3.0946 2.0390
-1.0703 2.9931 2.0609
-1.0722 2.8918 1.9770
-1.0692 2.7905 2.1200
-1.0657 2.6892 2.0530
-1.0613 2.5881 1.9667
-1.0544 2.4874 1.8449
-1.0476 2.3869 1.7840
-1.0369 2.2870 1.7697
-1.0245 2.1877 1.7415
-1.0120 2.0889 1.9261
-0.9984 1.9905 2.0042
-0.9826 1.8927 1.7475
-0.9650 1.7956 1.7949
-0.9434 1.6991 2.1614
-0.9213 1.6021 2.2300
-0.8987 1.5050 2.3479
-0.8764 1.4077 2.2739
-0.8531 1.3103 2.1641
-0.8296 1.2125 1.7838
-0.8033 1.1153 1.6802
-0.7758 1.0185 1.5511
-0.7461 0.9223 1.5821
-0.7150 0.8269 1.5509
-0.6826 0.7321 1.4106
-0.6499 0.6376 1.3900
-0.6148 0.5444 1.3724
-0.5793 0.4518 1.4158
-0.5441 0.3596 1.3531
-0.5097 0.2672 1.3802
-0.4749 0.1747 1.5152
-0.4389 0.0822 1.6345
-0.4042 -0.0115 1.6402
-0.3702 -0.1061 1.6168
-0.3359 -0.2012 1.7649
-0.3009 -0.2961 1.9779
-0.2658 -0.3911 2.0870
-0.2305 -0.4865 1.9750
-0.1962 -0.5826 2.0356
-0.1623 -0.6791 2.0486
-0.1291 -0.7761 2.0115
-0.0960 -0.8727 2.1744
-0.0624 -0.9686 2.1721
-0.0282 -1.0642 2.1638
0.0045 -1.1599 2.0888
0.0369 -1.2555 1.9597
0.0700 -1.3511 2.0023
0.1042 -1.4467 2.1430
0.1383 -1.5421 2.0757
0.1699 -1.6374 2.1578
0.1992 -1.7330 2.2984
0.2301 -1.8278 2.5386
0.2618 -1.9224 2.4497
0.2944 -2.0167 2.6314
0.3308 -2.1098 2.7594
0.3670 -2.2031 2.8637
0.4030 -2.2963 2.7243
0.4399 -2.3891 2.8273
0.4777 -2.4817 3.0725
0.5159 -2.5740 2.9761
0.5536 -2.6662 2.7543
0.5899 -2.7588 2.7814
0.6272 -2.8506 2.6303
0.6655 -2.9421 2.6388
0.7059 -3.0330 2.7820
0.7476 -3.1241 2.9760
0.7912 -3.2142 3.0169
0.8369 -3.3030 2.9439
0.8832 -3.3920 2.8493
0.9315 -3.4799 2.8841
0.9802 -3.5674 2.9350
1.0289 -3.6551 2.8448
1.0816 -3.7406 2.5534
1.1366 -3.8244 2.7301
1.1935 -3.9065 2.6757
1.2509 -3.9880 2.5265
1.3122 -4.0663 2.2358
1.3756 -4.1432 2.2029
1.4405 -4.2186 2.1923
1.5084 -4.2911 2.1775
1.5803 -4.3603 2.3192
1.6553 -4.4270 2.5176
1.7317 -4.4916 2.5135
1.8103 -4.5533 2.5783
1.8915 -4.6113 2.5186
1.9756 -4.6654 2.5864
2.0633 -4.7138 2.4090
2.1528 -4.7595 2.3980
2.2440 -4.8020 2.2702
2.3370 -4.8406 2.3088
2.4320 -4.8745 2.4973
2.5290 -4.9023 2.4236
2.6268 -4.9247 2.5245
2.7254 -4.9395 2.5032
2.8247 -4.9464 2.5914
2.9242 -4.9474 2.3693
3.0238 -4.9444 2.3426
3.1233 -4.9347 2.1928
3.2217 -4.9181 2.1469
3.3165 -4.8894 2.0197
3.4099 -4.8551 1.9514
3.5012 -4.8160 1.9407
3.5903 -4.7722 1.9463
3.6777 -4.7244 1.8771
3.7626 -4.6717 1.8202
3.8449 -4.6142 1.8348
3.9222 -4.5500 1.7939
3.9969 -4.4823 1.8766
4.0640 -4.4075 1.7854
4.1293 -4.3303 1.8221
4.1903 -4.2489 1.8416
4.2445 -4.1627 1.8408
4.2954 -4.0740 1.8731
4.3404 -3.9821 1.9427
4.3787 -3.8875 1.8743
4.4143 -3.7919 1.9390
4.4459 -3.6950 2.0336
4.4713 -3.5965 2.0113
4.4917 -3.4968 1.9521
4.5100 -3.3964 1.8933
4.5241 -3.2953 1.9180
4.5323 -3.1936 2.0266
4.5326 -3.0920 2.0595
4.5312 -2.9900 2.0320
4.5277 -2.8874 2.0061
4.5216 -2.7846 1.9243
4.5095 -2.6820 1.9098
4.4952 -2.5793 1.9310
4.4800 -2.4768 1.8685
4.4611 -2.3752 1.8397
4.4398 -2.2738 1.8364
4.4144 -2.1737 1.9241
4.3864 -2.0741 2.0441
4.3546 -1.9755 2.2016
4.3206 -1.8775 2.0598
4.2837 -1.7800 1.9762
4.2428 -1.6842 2.1146
4.2023 -1.5884 2.0429
4.1608 -1.4928 1.8814
4.1181 -1.3976 1.9319
4.0762 -1.3020 2.0345
4.0346 -1.2061 1.8745
3.9916 -1.1106 1.8339
3.9477 -1.0154 1.9890
3.9031 -0.9204 1.9000
3.8569 -0.8257 1.7252
3.8149 -0.7291 1.7066
3.7724 -0.6333 1.7802
3.7285 -0.5381 1.8840
3.6838 -0.4430 1.8392
3.6406 -0.3471 1.8602
3.5965 -0.2515 1.8562
3.5525 -0.1563 1.7835
3.5111 -0.0601 2.1331
3.4704 0.0363 2.0131
3.4283 0.1321 1.9171
3.3880 0.2279 1.6680
3.3487 0.3238 1.7241
3.3089 0.4196 1.8386
3.2715 0.5165 1.9576
3.2362 0.6141 2.1236
3.2035 0.7125 1.9264
3.1725 0.8116 2.3006
3.1443 0.9115 2.8055
3.1174 1.0119 2.5470
3.0918 1.1126 2.4475
3.0670 1.2133 2.8987
3.0448 1.3144 3.2155
3.0260 1.4162 3.0810
3.0069 1.5177 3.2865
2.9898 1.6190 3.1531
2.9755 1.7208 2.8929
2.9641 1.8230 2.6606
2.9546 1.9252 2.2830
2.9455 2.0273 2.3580
2.9407 2.1295 2.5140
2.9385 2.2313 2.4383
2.9408 2.3331 1.9718
2.9478 2.4349 1.5139
2.9578 2.5366 1.4163
2.9699 2.6377 1.5831
2.9848 2.7384 1.6791
3.0027 2.8385 1.4748
3.0266 2.9369 1.2543
3.0529 3.0345 1.1412
3.0822 3.1311 1.1423
3.1154 3.2258 1.2119
3.1518 3.3188 1.2146
3.1910 3.4100 1.4812
3.2352 3.4983 1.4874
3.2816 3.5857 1.5046
3.3311 3.6718 1.4894
3.3856 3.7552 1.5573
3.4414 3.8387 1.7476
3.5023 3.9188 1.8610
3.5683 3.9945 1.7134
3.6372 4.0670 1.7852
3.7093 4.1363 1.6954
3.7847 4.2019 1.6661
3.8635 4.2640 1.5136
3.9454 4.3220 1.5401
4.0307 4.3741 1.6146
4.1188 4.4209 1.6251
4.2094 4.4621 1.5812
4.3025 4.4963 1.6660
4.3967 4.5254 1.7851
4.4922 4.5500 1.9388
4.5889 4.5688 1.9187
4.6866 4.5823 1.9848
4.7848 4.5911 1.9118
4.8828 4.5932 1.9804
4.9802 4.5886 1.9560
5.0774 4.5785 1.8978
5.1710 4.5627 1.8687
5.2574 4.5361 1.8641
5.3439 4.5072 2.1511
5.4307 4.4779 1.9607
5.5166 4.4451 2.3486
5.6018 4.4087 2.4735
5.6856 4.3688 2.3187
5.7670 4.3246 2.1124
5.8457 4.2758 2.3024
5.9234 4.2251 2.4293
5.9987 4.1715 2.1512
6.0711 4.1147 1.9626
6.1411 4.0558 1.7882
6.2071 3.9935 1.9527
6.2693 3.9280 1.8818
6.3262 3.8581 1.7174
6.3825 3.7870 1.8332
6.4350 3.7130 1.9687
6.4864 3.6379 2.3900
6.5358 3.5618 2.0264
6.5831 3.4846 2.0746
6.6272 3.4050 2.2846
6.6689 3.3235 2.3862
6.7099 3.2419 2.3218
6.7492 3.1597 2.2912
6.7860 3.0762 2.1685
6.8182 2.9907 2.1623
6.8495 2.9044 1.8406
6.8812 2.8184 1.8897
6.9097 2.7317 1.6278
6.9339 2.6441 1.6667
6.9559 2.5561 1.6084
6.9762 2.4676 1.6092
6.9935 2.3781 1.5628
7.0066 2.2878 1.4678
7.0165 2.1972 1.5398
7.0256 2.1064 1.4777
7.0313 2.0151 1.4202
7.0349 1.9235 1.4747
7.0375 1.8321 1.5965
7.0397 1.7408 1.7087
7.0435 1.6497 1.6764
7.0480 1.5591 1.5715
7.0525 1.4684 1.5594
7.0559 1.3774 1.7696
7.0598 1.2866 1.8700
7.0649 1.1955 1.7236
7.0704 1.1039 1.8260
7.0743 1.0121 1.8885
7.0773 0.9201 2.0867
7.0819 0.8284 2.2313
7.0864 0.7370 2.0969
7.0902 0.6462 2.2059
7.0942 0.5558 2.3514
7.0986 0.4655 2.1602
7.1040 0.3751 2.2399
7.1102 0.2843 1.9962
7.1179 0.1932 1.9952
7.1254 0.1019 1.8720
7.1354 0.0105 1.8711
7.1480 -0.0812 1.9084
7.1602 -0.1734 1.8678
7.1740 -0.2656 1.8418
7.1897 -0.3572 1.7337
7.2067 -0.4482 2.1217
7.2266 -0.5378 2.1223
7.2477 -0.6272 2.1489
7.2700 -0.7164 2.2747
7.2944 -0.8054 2.3209
7.3213 -0.8943 2.4683
7.3501 -0.9829 2.7053
7.3796 -1.0714 2.8106
7.4094 -1.1597 3.0644
7.4425 -1.2467 3.3118
7.4785 -1.3322 3.0874
7.5167 -1.4162 3.1010
7.5581 -1.4982 3.1115
7.6012 -1.5792 3.3384
7.6476 -1.6587 3.2740
7.6951 -1.7374 3.0024
7.7466 -1.8136 3.1996
7.8004 -1.8889 3.1353
7.8538 -1.9652 3.1117
7.9097 -2.0399 3.0969
7.9664 -2.1141 2.8229
8.0240 -2.1875 2.8357
8.0846 -2.2580 2.9046
8.1477 -2.3262 2.8055
8.2130 -2.3923 2.9412
8.2812 -2.4555 2.8346
8.3515 -2.5164 2.8852
8.4243 -2.5739 2.9211
8.4986 -2.6289 2.8774
8.5754 -2.6793 2.7876
8.6545 -2.7263 2.6917
8.7349 -2.7718 2.7443
8.8163 -2.8151 2.4589
8.8989 -2.8559 2.4358
8.9827 -2.8942 2.3819
9.0670 -2.9307 2.1820
9.1517 -2.9655 2.3646
9.2375 -2.9978 2.3968
9.3239 -3.0285 2.4463
9.4110 -3.0573 2.5642
9.4986 -3.0845 2.6111
9.5868 -3.1091 2.4703
9.6755 -3.1311 2.5290
9.7647 -3.1507 2.5302
9.8540 -3.1698 2.5840
9.9435 -3.1870 2.6426
10.0335 -3.2027 2.5669
10.1243 -3.2160 2.4640
10.2161 -3.2259 2.4223
10.3085 -3.2327 2.4520
10.4012 -3.2375 2.4491
10.4940 -3.2401 2.2958
10.5867 -3.2408 2.3356
10.6793 -3.2409 2.3418
10.7718 -3.2381 2.3392
10.8637 -3.2318 2.3313
10.9554 -3.2253 2.2514
11.0467 -3.2149 2.5708
11.1379 -3.2050 2.5213
11.2291 -3.1937 2.3661
11.3202 -3.1802 2.4402
11.4109 -3.1648 2.2631
11.5016 -3.1480 2.2130
11.5929 -3.1318 2.1752
11.6845 -3.1138 2.0635
11.7755 -3.0941 2.0781
11.8662 -3.0725 2.0371
11.9566 -3.0503 1.9243
12.0464 -3.0264 2.0569
12.1364 -3.0019 2.0584
12.2264 -2.9767 1.9250
12.3162 -2.9502 1.8697
12.4070 -2.9252 1.9359
12.4982 -2.9000 1.9632
12.5886 -2.8727 1.9825
12.6786 -2.8446 1.9869
12.7690 -2.8173 2.0280
12.8592 -2.7901 1.9790
12.9486 -2.7618 1.9498
13.0377 -2.7327 2.1415
13.1273 -2.7041 2.1732
13.2173 -2.6761 2.2045
13.3076 -2.6484 2.3452
13.3980 -2.6202 2.4415
13.4886 -2.5917 2.4709
13.5797 -2.5637 2.2488
13.6715 -2.5361 2.2388
13.7640 -2.5091 2.2789
13.8568 -2.4833 2.2347
13.9503 -2.4590 2.2927
14.0439 -2.4346 2.4000
14.1373 -2.4094 2.6571
14.2306 -2.3841 2.5589
14.3243 -2.3598 2.5990
14.4182 -2.3356 2.6440
14.5117 -2.3101 2.5567
14.6043 -2.2819 2.3722
14.6966 -2.2531 2.3884
14.7886 -2.2239 2.3756
14.8806 -2.1949 2.1926
14.9727 -2.1664 2.1456
15.0645 -2.1381 2.2018
15.1554 -2.1077 2.2029
15.2458 -2.0766 2.2499
15.3357 -2.0447 2.2352
15.4257 -2.0133 2.2274
15.5154 -1.9822 2.3298
15.6037 -1.9494 2.3101
15.6909 -1.9147 2.3140
15.7786 -1.8799 2.3293
15.8649 -1.8419 2.4277
15.9500 -1.8016 2.5011
16.0336 -1.7585 2.5275
16.1153 -1.7119 2.5478
16.1949 -1.6613 2.5516
16.2725 -1.6078 2.5289
16.3459 -1.5494 2.4759
16.4149 -1.4864 2.5537
16.4805 -1.4199 2.7121
16.5422 -1.3496 2.6257
16.5990 -1.2748 2.5737
16.6512 -1.1969 2.5063
16.6958 -1.1147 2.4944
16.7345 -1.0290 2.3945
16.7675 -0.9410 2.4660
16.7901 -0.8507 2.4977
16.8062 -0.7590 2.5100
16.8185 -0.6668 2.4770
16.8207 -0.5741 2.3759
16.8136 -0.4818 2.3096
16.7944 -0.3919 2.2926
16.7644 -0.3051 2.2509
16.7252 -0.2218 2.2954
16.6818 -0.1403 2.2548
16.6313 -0.0636 2.1822
16.5739 0.0074 2.0805
16.5120 0.0743 2.0923
16.4452 0.1365 2.2157
16.3739 0.1932 2.2596
16.2988 0.2449 2.0192
16.2190 0.2885 1.9469
16.1365 0.3273 1.9125
16.0509 0.3594 1.9097
15.9631 0.3833 1.9477
15.8737 0.4007 1.8069
15.7835 0.4165 1.8276
15.6927 0.4251 1.7984
15.6021 0.4277 1.8837
15.5117 0.4240 1.8416
15.4213 0.4156 1.8024
15.3310 0.4052 1.8508
15.2424 0.3874 1.9973
15.1547 0.3654 1.9076
15.0679 0.3401 1.9103
14.9825 0.3122 2.0215
14.8983 0.2824 1.9324
14.8152 0.2495 1.9707
14.7333 0.2136 2.0187
14.6507 0.1784 2.0793
14.5692 0.1412 2.1247
14.4890 0.1021 2.0595
14.4098 0.0617 2.1402
14.3311 0.0214 2.4965
14.2538 -0.0202 2.3635
14.1761 -0.0616 2.3330
14.0991 -0.1056 2.1949
14.0217 -0.1498 2.1277
13.9448 -0.1953 2.0668
13.8685 -0.2411 2.0755
13.7927 -0.2875 2.0261
13.7154 -0.3332 2.0155
13.6383 -0.3798 2.0124
13.5603 -0.4252 1.9958
13.4824 -0.4707 1.9315
13.4041 -0.5158 1.9997
13.3258 -0.5616 1.8547
13.2471 -0.6082 1.7732
13.1684 -0.6548 1.7539
13.0894 -0.7012 1.7687
13.0096 -0.7460 1.7228
12.9298 -0.7911 1.6929
12.8493 -0.8350 1.6403
12.7684 -0.8785 1.5812
12.6874 -0.9230 1.6073
12.6055 -0.9659 1.5669
12.5234 -1.0083 1.5261
12.4406 -1.0489 1.5001
12.3585 -1.0905 1.4513
12.2760 -1.1315 1.5700
12.1918 -1.1693 1.5894
12.1066 -1.2046 1.6037
12.0213 -1.2402 1.4784
11.9353 -1.2750 1.5564
11.8492 -1.3092 1.4964
11.7633 -1.3449 1.5306
11.6756 -1.3772 1.5028
11.5870 -1.4068 1.5015
11.4983 -1.4355 1.5345
11.4088 -1.4598 1.6257
11.3185 -1.4818 1.7843
11.2270 -1.4989 1.8068
11.1350 -1.5113 1.7676
11.0428 -1.5177 1.7769
10.9504 -1.5215 1.7973
10.8579 -1.5214 1.7446
10.7659 -1.5137 1.8613
10.6745 -1.5000 1.8409
10.5852 -1.4773 1.7353
10.4989 -1.4453 1.8406
10.4142 -1.4086 1.7818
10.3340 -1.3630 1.8318
10.2570 -1.3111 1.7704
10.1835 -1.2539 1.8487
10.1167 -1.1894 1.7791
10.0566 -1.1188 1.8185
10.0062 -1.0417 1.7496
9.9654 -0.9598 1.8848
9.9302 -0.8750 1.8833
9.9049 -0.7873 1.8736
9.8906 -0.6976 2.0110
9.8803 -0.6067 2.0685
9.8814 -0.5161 2.0882
9.8921 -0.4265 2.0216
9.9111 -0.3381 1.9876
9.9397 -0.2529 2.0853
9.9778 -0.1720 2.1011
10.0236 -0.0951 2.0991
10.0722 -0.0189 2.0941
10.1255 0.0546 2.0152
10.1856 0.1225 1.9745
10.2502 0.1865 2.1945
10.3182 0.2466 2.2938
10.3902 0.3022 2.4393
10.4653 0.3538 2.4512
10.5428 0.4028 2.5301
10.6226 0.4477 2.5132
10.7048 0.4878 2.4463
10.7884 0.5244 2.1961
10.8735 0.5576 2.0272
10.9599 0.5882 2.0446
11.0470 0.6169 2.1395
11.1349 0.6443 1.9063
11.2231 0.6712 1.9529
11.3109 0.6991 2.0094
11.3993 0.7252 1.9619
11.4882 0.7500 1.9264
11.5770 0.7761 1.8495
11.6651 0.8035 1.8829
11.7530 0.8315 1.9168
11.8400 0.8616 1.9165
11.9260 0.8949 1.8733
12.0112 0.9304 1.8839
12.0953 0.9675 1.8169
12.1779 1.0071 1.8985
12.2598 1.0480 2.0199
12.3417 1.0897 1.9309
12.4218 1.1354 1.8926
12.5002 1.1840 1.8159
12.5764 1.2359 1.8376
12.6497 1.2907 1.8665
12.7204 1.3481 1.8287
12.7881 1.4091 1.8556
12.8523 1.4733 1.8642
12.9129 1.5400 1.9985
12.9692 1.6101 2.0086
13.0223 1.6838 2.0862
13.0727 1.7600 2.2257
13.1199 1.8382 2.0856
13.1644 1.9181 2.0511
13.2055 2.0000 2.0804
13.2420 2.0845 2.1323
13.2752 2.1706 2.0904
13.3064 2.2574 2.1003
13.3350 2.3450 2.1867
13.3587 2.4338 2.1996
13.3775 2.5235 2.1061
13.3921 2.6138 1.9872
13.4035 2.7045 2.0453
13.4128 2.7953 2.0330
13.4168 2.8863 1.9487
13.4189 2.9778 1.8480
13.4173 3.0696 1.8417
13.4121 3.1614 1.8747
13.4045 3.2530 1.8419
13.3937 3.3442 1.8152
13.3815 3.4358 1.8443
13.3670 3.5271 1.7731
13.3483 3.6173 1.9910
13.3264 3.7065 2.0126
13.3022 3.7949 2.0114
13.2754 3.8832 2.3371
13.2460 3.9714 2.2921
13.2149 4.0590 2.2263
13.1827 4.1462 2.1090
13.1501 4.2331 2.1962
13.1164 4.3198 2.1958
13.0823 4.4070 2.2951
13.0474 4.4942 2.4758
13.0115 4.5809 2.6763
12.9751 4.6672 2.5899
12.9402 4.7541 2.3686
12.9041 4.8404 2.7962
12.8681 4.9267 2.7979
12.8291 5.0114 2.7579
12.7892 5.0958 2.7905
12.7495 5.1804 3.0145
12.7103 5.2650 2.6641
12.6713 5.3494 2.6148
12.6331 5.4343 2.7611
12.5960 5.5198 3.1710
12.5584 5.6047 2.9495
12.5215 5.6896 2.8842
12.4837 5.7738 2.9085
12.4460 5.8580 2.8702
12.4097 5.9425 2.5897
12.3708 6.0261 2.3624
12.3309 6.1092 2.3838
12.2911 6.1925 2.6369
12.2501 6.2752 2.7857
12.2098 6.3581 2.6202
12.1709 6.4414 2.8178
12.1308 6.5237 2.8559
12.0909 6.6058 2.8803
12.0500 6.6873 2.7553
12.0088 6.7688 2.8135
11.9658 6.8498 2.6998
11.9231 6.9310 2.2135
11.8807 7.0127 2.2009
11.8377 7.0938 2.1991
11.7936 7.1736 1.9607
11.7476 7.2521 1.8687
11.7003 7.3302 1.9925
11.6523 7.4084 2.0045
11.6038 7.4867 1.9278
11.5549 7.5654 1.8930
11.5048 7.6434 2.0505
11.4538 7.7203 1.9575
11.4008 7.7958 1.8886
11.3460 7.8701 1.8860
11.2901 7.9429 1.8711
11.2318 8.0130 1.8532
11.1713 8.0810 1.8373
11.1089 8.1473 1.8073
11.0445 8.2119 1.8544
10.9778 8.2745 1.8583
10.9087 8.3347 1.8373
10.8382 8.3931 1.9874
10.7662 8.4492 2.0680
10.6934 8.5043 2.2456
10.6188 8.5562 2.6384
10.5423 8.6049 2.5861
10.4646 8.6520 2.1636
10.3862 8.6973 2.2108
10.3065 8.7397 2.2059
10.2248 8.7784 1.9735
10.1422 8.8154 2.0359
10.0591 8.8507 2.1189
9.9754 8.8840 2.1960
9.8897 8.9135 2.1899
9.8028 8.9411 2.0905
9.7150 8.9662 2.0531
9.6263 8.9881 2.1601
9.5365 9.0059 2.2320
9.4461 9.0200 2.2385
9.3552 9.0305 1.9716
9.2642 9.0388 2.0404
9.1734 9.0455 2.1622
9.0831 9.0501 2.1660
8.9928 9.0536 2.1970
8.9025 9.0560 2.1545
8.8122 9.0572 2.2059
8.7216 9.0558 2.0913
8.6307 9.0514 3.1495
8.5396 9.0467 5.0715
8.4484 9.0418 7.1492
8.3571 9.0338 9.2712
8.2658 9.0232 11.5813
8.1750 9.0093 13.8361
8.0844 8.9940 16.1620
7.9935 8.9784 18.5451
7.9033 8.9605 20.7759
7.8137 8.9401 23.0555
7.7242 8.9182 25.3508
7.6352 8.8946 27.6192
